80
23 -46 0 -39 -32 -33 -38 -39 -28 45 46 18 41 21 27 -16 -14 2 22 13 -18 -12 41 48 23 -36 -3 -44 -32 -5 22 16 48 50 6 3 45 -47 4 -45 -3 10 20 -40 34 14 -22 42 -45 -46 43 -21 21 -3 -49 -47 -19 -17 20 42 -34 26 33 31 33 22 -12 4 -49 -12 46 -33 -17 47 -23 -17 4 41 38 2 
1 0 0 -25 10 0 0 0 0 10 0 0 0 0 0 0 39 0 0 -31 -39 -22 7 0 0 46 0 0 11 -38 0 0 -8 0 0 36 0 -36 0 0 0 -37 22 -9 -11 30 34 -35 0 0 -47 0 -20 -35 28 0 -31 6 0 -46 9 15 0 30 0 -38 0 0 0 0 31 0 42 0 23 -34 0 0 0 0 
0 34 0 28 -11 -43 -35 -13 42 23 0 -24 45 0 33 0 0 0 39 0 0 0 0 -38 -37 0 -23 0 -11 -48 0 0 0 0 -2 -49 0 6 0 50 -13 0 3 -21 -22 32 0 0 35 0 0 0 0 -20 0 0 0 0 7 45 0 18 0 -9 38 41 0 8 0 14 1 0 0 -32 0 0 46 11 0 0 
0 0 18 37 46 0 0 0 33 0 0 -8 45 -40 0 -28 -27 0 -34 1 0 0 0 2 27 -31 0 0 18 0 0 0 0 0 0 32 -8 0 0 -25 -27 -1 0 0 0 0 0 0 13 19 42 49 49 0 -24 -49 27 0 0 0 -23 17 -32 42 -33 0 17 0 0 -40 -33 0 0 28 0 0 0 0 -10 -12 
-25 28 37 34 45 24 0 0 41 0 31 0 27 0 0 -25 36 0 10 0 6 0 0 0 0 0 -44 0 48 -23 36 0 -30 0 15 0 45 0 -31 0 -33 -17 -34 48 -49 4 49 0 0 0 -40 0 49 -15 20 0 0 0 -22 0 0 -24 17 0 0 -1 5 0 9 0 13 25 18 -2 18 0 19 -4 0 -1 
10 -11 46 45 14 3 0 6 -17 0 0 0 0 -9 -6 -39 -11 16 14 0 0 21 28 0 -20 0 -38 -43 -40 0 -23 0 1 -11 0 0 0 26 0 -30 0 0 0 0 0 -38 0 1 -48 -40 26 32 0 -33 0 0 -18 0 -45 0 24 0 0 -49 0 0 0 -28 0 0 0 1 0 0 0 34 0 0 44 0 
0 -43 0 24 3 9 15 0 0 4 0 0 0 0 34 -47 -38 -6 0 0 16 -44 0 0 0 0 18 16 49 0 0 -43 25 -24 0 0 -24 0 0 -18 0 0 0 0 0 -40 0 13 0 -26 -50 0 0 0 7 0 0 0 0 -26 0 0 0 0 -2 0 0 -26 21 26 0 -27 0 0 0 0 31 0 0 15 
0 -35 0 0 0 15 29 0 0 12 0 24 0 43 -18 0 -27 0 -7 41 -7 0 -18 20 27 0 -49 -40 19 4 0 0 -11 0 0 0 15 -41 0 0 0 -5 0 42 0 0 39 -8 0 -13 -34 0 -13 0 0 0 20 0 -29 48 0 0 0 34 -26 0 0 0 34 0 0 34 0 42 0 -39 0 -26 -43 0 
0 -13 0 0 6 0 0 46 0 27 -14 0 -49 0 0 0 0 0 -48 0 3 -5 0 -17 19 12 0 0 0 0 0 17 0 48 15 -20 45 44 0 48 9 0 -17 23 0 -32 0 0 41 27 0 11 0 -20 0 0 -35 0 0 -26 0 0 -33 0 -41 0 0 13 0 44 0 0 0 18 32 0 0 0 0 2 
0 42 33 41 -17 0 0 0 5 -39 0 0 0 0 0 13 1 -38 0 23 0 -2 -42 18 0 0 -50 0 -20 -4 -46 -14 0 21 -14 10 37 0 0 0 7 0 41 0 0 -31 -22 39 -9 0 0 35 19 0 0 0 -17 -40 0 0 0 34 0 36 -31 -32 0 -9 0 0 43 22 -4 0 0 22 -27 0 -1 0 
10 23 0 0 0 4 12 27 -39 43 -31 -45 16 -9 0 0 0 -38 35 6 -44 0 20 0 0 -35 35 -28 0 -43 0 0 -30 38 7 -31 0 0 0 0 27 34 2 9 5 0 27 0 -32 25 37 -5 0 -16 33 0 0 0 0 0 -13 49 0 0 0 28 0 0 0 -44 -44 -33 0 0 33 23 0 -21 -23 -10 
0 0 0 31 0 0 0 -14 0 -31 36 0 0 0 0 0 46 -12 -6 0 0 0 0 -27 42 0 0 0 -48 0 0 -40 20 0 0 0 -15 0 -14 44 0 -36 -23 0 0 -8 0 0 33 0 0 38 0 0 0 0 0 14 0 0 37 0 11 11 0 -32 -4 26 0 0 0 49 0 2 -5 -9 -22 -14 0 36 
0 -24 -8 0 0 0 24 0 0 -45 0 36 0 0 -41 0 5 34 0 -14 0 2 0 0 0 0 -44 0 -18 19 0 -39 50 0 0 0 50 0 -36 0 0 0 -11 0 0 4 0 47 0 41 0 0 -28 13 36 49 0 0 -19 43 38 0 0 33 0 0 38 33 3 8 0 22 -49 -25 0 6 -39 -25 44 41 
0 45 45 27 0 0 0 -49 0 16 0 0 6 -37 0 0 0 7 -15 -45 41 13 0 42 -47 8 0 0 -42 0 29 0 47 0 0 36 13 0 9 0 -30 -47 -4 0 -21 0 -33 0 0 0 -46 0 28 15 0 0 42 0 0 -18 30 0 -8 0 -13 0 -36 0 13 -38 0 0 -24 0 15 0 14 0 -1 0 
0 0 -40 0 -9 0 43 0 0 -9 0 0 -37 47 0 41 0 0 0 0 0 0 0 14 0 -17 0 29 0 0 -37 0 0 0 0 32 35 0 0 46 47 -25 0 0 34 7 0 0 45 31 6 0 0 0 -37 -10 0 -22 11 0 0 6 0 18 0 0 0 0 31 -2 -28 -13 -4 -2 -34 0 -4 46 -19 0 
0 33 0 0 -6 34 -18 0 0 0 0 -41 0 0 17 -9 0 -42 -14 -2 0 7 0 0 0 0 0 48 0 36 -42 0 -18 0 0 0 2 0 0 0 0 -17 -16 0 0 0 -46 0 0 0 0 23 -23 9 32 -47 42 0 -23 -30 0 -41 0 -45 28 -16 0 0 0 23 0 0 0 26 0 0 43 -28 0 14 
0 0 -28 -25 -39 -47 0 0 13 0 0 0 0 41 -9 10 0 49 0 0 0 0 0 -32 0 0 0 0 0 -2 15 -6 0 0 -21 0 0 0 0 -34 -48 0 45 18 0 13 0 0 -1 -34 41 14 0 0 23 0 15 39 10 -47 49 24 2 0 18 -27 -39 0 -41 32 0 -47 0 25 0 0 0 0 -50 0 
39 0 -27 36 -11 -38 -27 0 1 0 46 5 0 0 0 0 48 -8 38 0 35 0 0 0 -17 0 0 0 -14 0 0 0 0 38 -5 37 -8 36 0 0 -25 5 27 0 8 0 7 3 11 27 -10 -39 3 -3 -14 -40 0 -10 -31 0 41 0 0 30 0 4 -45 0 15 0 0 -48 0 -36 0 9 29 0 0 0 
0 0 0 0 16 -6 0 0 -38 -38 -12 34 7 0 -42 49 -8 31 0 -10 -22 0 0 -2 49 0 0 22 0 0 -35 0 15 45 0 0 0 0 43 30 0 -5 0 0 -4 -20 0 -17 0 46 0 0 0 6 0 0 0 -30 0 0 -47 0 0 -16 0 0 0 0 0 0 0 0 0 0 24 0 0 1 0 0 
0 39 -34 10 14 0 -7 -48 0 35 -6 0 -15 0 -14 0 38 0 27 0 0 23 0 47 -11 0 -33 -36 -31 -46 -26 -13 -47 0 0 0 0 0 13 0 0 0 -40 0 0 31 -4 -13 15 0 37 0 45 0 -44 36 47 2 -19 -18 0 18 -40 5 26 -44 0 0 0 0 0 -30 30 0 -27 0 0 0 1 -29 
-31 0 1 0 0 0 41 0 23 6 0 -14 -45 0 -2 0 0 -10 0 33 0 0 0 0 -28 22 -50 0 -3 0 0 -50 -46 0 0 0 0 -10 -21 23 31 0 -28 4 20 0 0 14 0 44 -12 10 0 0 -44 0 0 37 23 0 0 0 0 49 -47 -43 35 -3 -41 0 0 0 0 0 0 -26 0 0 50 0 
-39 0 0 6 0 16 -7 3 0 -44 0 0 41 0 0 0 35 -22 0 0 45 31 0 35 31 0 0 0 0 0 0 0 -19 -17 0 -25 0 -33 45 2 -8 0 -17 0 0 0 -25 37 0 17 3 0 0 5 -26 -36 -15 0 0 -44 47 0 4 12 -33 -23 0 4 0 0 0 42 0 0 0 0 0 -13 0 35 
-22 0 0 0 21 -44 0 -5 -2 0 0 2 13 0 7 0 0 0 23 0 31 17 -18 0 0 0 0 0 0 0 0 0 0 27 -13 0 -22 0 47 0 14 0 16 37 0 -5 0 0 33 -37 0 0 0 0 0 0 0 0 24 45 36 -39 27 -17 0 0 0 46 20 0 0 0 41 43 0 1 -46 47 0 49 
7 0 0 0 28 0 -18 0 -42 20 0 0 0 0 0 0 0 0 0 0 0 -18 9 -24 -2 0 0 0 -37 0 0 9 0 0 0 -36 0 -21 0 -29 -1 23 -25 -29 0 -31 0 0 0 50 0 0 0 41 0 0 14 38 -39 -9 44 0 0 0 0 -36 0 11 -32 0 0 0 -47 21 0 0 0 0 42 14 
0 -38 2 0 0 0 20 -17 18 0 -27 0 42 14 0 -32 0 -2 47 0 35 0 -24 17 0 0 -37 0 -9 0 13 -39 28 0 0 0 -50 5 0 0 36 0 0 0 -30 0 21 0 0 23 34 4 22 0 0 0 -9 10 0 0 0 43 0 42 28 -24 27 0 -7 30 -28 0 -7 9 0 10 0 0 0 0 
0 -37 27 0 -20 0 27 19 0 0 42 0 -47 0 0 0 -17 49 -11 -28 31 0 -2 0 16 -18 0 0 50 -16 24 0 0 46 0 0 0 -32 -11 0 -4 14 0 0 0 9 0 11 0 0 -11 0 0 2 0 0 0 0 0 -18 0 0 0 0 0 -7 -22 0 0 24 0 0 0 -32 0 -38 0 -13 0 40 
46 0 -31 0 0 0 0 12 0 -35 0 0 8 -17 0 0 0 0 0 22 0 0 0 0 -18 51 0 -46 41 -17 33 0 13 -18 0 0 0 0 0 0 0 -14 0 0 -6 0 18 19 36 -47 0 0 42 0 0 40 0 0 -33 0 44 50 -12 0 31 0 0 -7 0 43 -12 0 -40 29 0 -20 48 0 -3 24 
0 -23 0 -44 -38 18 -49 0 -50 35 0 -44 0 0 0 0 0 0 -33 -50 0 0 0 -37 0 0 47 48 0 14 19 0 0 -46 0 3 -11 2 -44 0 -37 0 0 0 0 -9 0 -40 0 -35 0 -14 24 0 12 0 -50 43 0 28 -26 0 49 0 49 0 1 -32 33 0 0 28 0 -44 0 45 0 0 -25 0 
0 0 0 0 -43 16 -40 0 0 -28 0 0 0 29 48 0 0 22 -36 0 0 0 0 0 0 -46 48 24 -35 0 26 -48 0 0 0 -47 0 -48 0 -16 3 -34 34 -3 0 5 0 0 -38 0 5 -20 -38 47 -27 0 22 -4 18 16 0 6 -48 -34 33 15 13 -48 24 8 -13 -36 7 0 -36 50 0 14 0 42 
11 -11 18 48 -40 49 19 0 -20 0 -48 -18 -42 0 0 0 -14 0 -31 -3 0 0 -37 -9 50 41 0 -35 50 0 0 11 0 -27 0 -35 -38 0 17 0 38 38 -18 34 0 0 0 0 0 5 45 0 0 0 0 -37 0 0 0 44 -1 -42 0 42 0 0 -31 -44 0 -14 0 -1 -25 0 -47 -40 0 0 -14 0 
-38 -48 0 -23 0 0 4 0 -4 -43 0 19 0 0 36 -2 0 0 -46 0 0 0 0 0 -16 -17 14 0 0 21 24 0 -9 0 0 -33 0 -3 0 0 0 -1 0 -50 0 0 0 0 30 0 46 0 -17 8 0 -24 0 0 0 -47 25 -25 -24 0 14 8 16 -48 14 -34 19 -16 0 0 -18 41 0 0 50 -40 
0 0 0 36 -23 0 0 0 -46 0 0 0 29 -37 -42 15 0 -35 -26 0 0 0 0 13 24 33 19 26 0 24 19 -30 28 0 0 -8 -33 -32 0 -27 -43 0 0 0 0 0 -22 26 6 0 0 0 31 0 0 41 0 0 -28 -17 0 25 0 0 -11 0 29 9 0 3 0 -30 -23 0 0 0 -38 -34 2 -46 
0 0 0 0 0 -43 0 17 -14 0 -40 -39 0 0 0 -6 0 0 -13 -50 0 0 9 -39 0 0 0 -48 11 0 -30 26 27 2 0 0 0 0 0 -43 -47 10 0 -31 0 0 -48 0 -32 0 0 19 0 -14 -18 0 0 0 0 0 0 20 0 -6 4 -8 0 -24 0 22 1 0 -35 0 -22 25 0 20 30 0 
-8 0 0 -30 1 25 -11 0 0 -30 20 50 47 0 -18 0 0 15 -47 -46 -19 0 0 28 0 13 0 0 0 -9 28 27 13 49 0 11 50 0 0 33 0 0 -46 0 10 0 0 0 20 27 -16 38 0 -26 0 -17 0 47 24 0 -8 0 -29 0 0 6 9 0 4 7 0 -11 0 -6 0 49 44 0 0 7 
0 0 0 0 -11 -24 0 48 21 38 0 0 0 0 0 0 38 45 0 0 -17 27 0 0 46 -18 -46 0 -27 0 0 2 49 51 0 48 -14 0 0 -35 3 48 4 10 4 25 0 8 0 20 0 49 13 0 0 36 0 0 9 0 39 0 0 -44 0 0 2 0 0 0 15 -18 28 -42 0 0 0 0 -37 0 
0 -2 0 15 0 0 0 15 -14 7 0 0 0 0 0 -21 -5 0 0 0 0 -13 0 0 0 0 0 0 0 0 0 0 0 0 39 0 0 0 -4 0 0 1 0 0 13 -31 -5 -18 0 -12 22 -35 0 0 0 0 0 23 -49 -4 -5 0 0 0 20 0 0 0 -7 0 50 -48 -15 0 0 -37 0 40 -32 33 
36 -49 32 0 0 0 0 -20 10 -31 0 0 36 32 0 0 37 0 0 0 -25 0 -36 0 0 0 3 -47 -35 -33 -8 0 11 48 0 23 0 37 0 45 0 0 0 0 0 -14 -21 0 14 -36 -21 45 0 -21 0 0 0 -22 0 0 0 -48 36 0 0 0 -49 0 0 -29 0 0 0 -42 0 0 0 0 0 -13 
0 0 -8 45 0 -24 15 45 37 0 -15 50 13 35 2 0 -8 0 0 0 0 -22 0 -50 0 0 -11 0 -38 0 -33 0 50 -14 0 0 31 0 0 -32 3 0 39 0 0 14 15 0 -19 14 38 0 7 -14 -32 0 -47 -20 45 0 -16 50 6 14 -15 0 -23 45 0 0 -15 0 0 0 21 0 0 0 0 -41 
-36 6 0 0 26 0 -41 44 0 0 0 0 0 0 0 0 36 0 0 -10 -33 0 -21 5 -32 0 2 -48 0 -3 -32 0 0 0 0 37 0 15 31 -50 -42 0 -10 -23 0 10 19 0 0 20 0 15 0 15 48 26 0 0 0 47 0 0 -45 0 0 0 -20 0 -34 0 -11 -13 30 -14 -45 46 40 0 9 -37 
0 0 0 -31 0 0 0 0 0 0 -14 -36 9 0 0 0 0 43 13 -21 45 47 0 0 -11 0 -44 0 17 0 0 0 0 0 -4 0 0 31 22 5 43 0 0 21 0 -29 43 0 -20 0 -25 0 15 34 19 -44 33 0 0 0 0 37 0 0 0 0 50 0 0 0 -33 22 -40 0 -7 0 0 -29 0 45 
0 50 -25 0 -30 -18 0 48 0 0 44 0 0 46 0 -34 0 30 0 23 2 0 -29 0 0 0 0 -16 0 0 -27 -43 33 -35 0 45 -32 -50 5 9 19 -15 -29 0 -4 0 0 37 0 0 34 0 4 0 33 0 0 -29 0 -43 0 -20 40 -9 -16 18 0 -13 0 0 0 -8 0 0 -40 6 0 0 0 -18 
0 -13 -27 -33 0 0 0 9 7 27 0 0 -30 47 0 -48 -25 0 0 31 -8 14 -1 36 -4 0 -37 3 38 0 -43 -47 0 3 0 0 3 -42 43 19 5 0 0 -45 -39 40 8 0 -44 0 0 0 0 0 -4 -25 -12 -48 0 0 0 0 0 18 0 16 -44 -29 0 0 0 0 0 0 0 0 -12 0 0 0 
-37 0 -1 -17 0 0 -5 0 0 34 -36 0 -47 -25 -17 0 5 -5 0 0 0 0 23 0 14 -14 0 -34 38 -1 0 10 0 48 1 0 0 0 0 -15 0 3 0 0 6 -45 0 26 -38 0 19 28 0 -20 0 0 0 -33 42 -40 10 39 11 0 0 0 0 0 -49 0 -14 -19 0 0 46 -32 0 0 0 43 
22 3 0 -34 0 0 0 -17 41 2 -23 -11 -4 0 -16 45 27 0 -40 -28 -17 16 -25 0 0 0 0 34 -18 0 0 0 -46 4 0 0 39 -10 0 -29 0 0 20 0 0 -11 0 -32 -35 22 0 0 -13 -16 -43 0 0 0 0 0 0 0 29 0 0 0 0 0 0 0 16 -4 -8 0 16 0 40 48 0 0 
-9 -21 0 48 0 0 42 23 0 9 0 0 0 0 0 18 0 0 0 4 0 37 -29 0 0 0 0 -3 34 -50 0 -31 0 10 0 0 0 -23 21 0 -45 0 0 27 0 -11 0 0 0 0 0 0 -44 30 21 26 0 -12 -47 29 -9 0 23 45 0 0 -37 0 29 -35 -20 -16 46 30 0 32 0 -35 0 0 
-11 -22 0 -49 0 0 0 0 0 5 0 0 -21 34 0 0 8 -4 0 20 0 0 0 -30 0 -6 0 0 0 0 0 0 10 4 13 0 0 0 0 -4 -39 6 0 0 2 0 -23 -36 24 0 0 -48 0 0 41 -20 -13 0 0 -9 0 0 5 43 0 0 -33 34 0 0 13 0 15 0 31 -47 0 0 0 -2 
30 32 0 4 -38 -40 0 -32 -31 0 -8 4 0 7 0 13 0 -20 31 0 0 -5 -31 0 9 0 -9 5 0 0 0 0 0 25 -31 -14 14 10 -29 0 40 -45 -11 -11 0 48 0 29 -16 -46 0 0 -10 -41 0 0 -32 -21 -45 0 40 0 10 0 0 0 -33 0 0 0 0 43 0 -2 -45 0 0 13 0 0 
34 0 0 49 0 0 39 0 -22 27 0 0 -33 0 -46 0 7 0 -4 0 -25 0 0 21 0 18 0 0 0 0 -22 -48 0 0 -5 -21 15 19 43 0 8 0 0 0 -23 0 44 -47 42 -36 0 0 -9 0 0 -43 0 -18 0 0 -13 0 30 -19 16 0 -16 0 47 -36 0 44 20 0 0 -41 -46 0 0 0 
-35 0 0 0 1 13 -8 0 39 0 0 47 0 0 0 0 3 -17 -13 14 37 0 0 0 11 19 -40 0 0 0 26 0 0 8 -18 0 0 0 0 37 0 26 -32 0 -36 29 -47 2 -38 0 0 0 0 0 -32 -9 0 6 4 0 8 0 0 22 0 0 0 -5 -45 -29 0 -43 0 0 0 -9 0 -36 0 0 
0 35 13 0 -48 0 0 41 -9 -32 33 0 0 45 0 -1 11 0 15 0 0 33 0 0 0 36 0 -38 0 30 6 -32 20 0 0 14 -19 0 -20 0 -44 -38 -35 0 24 -16 42 -38 40 -30 0 0 -11 0 0 0 0 -24 0 0 0 0 0 0 15 0 -42 -49 0 -13 0 -10 0 36 0 0 5 -8 -21 -50 
0 0 19 0 -40 -26 -13 27 0 25 0 41 0 31 0 -34 27 46 0 44 17 -37 50 23 0 -47 -35 0 5 0 0 0 27 20 -12 -36 14 20 0 0 0 0 22 0 0 -46 -36 0 -30 23 0 0 0 0 0 0 0 19 0 0 0 -12 -26 0 0 36 -16 -5 -27 0 45 -14 0 -46 0 5 -7 0 42 48 
-47 0 42 -40 26 -50 -34 0 0 37 0 0 -46 6 0 41 -10 0 37 -12 3 0 0 34 -11 0 0 5 45 46 0 0 -16 0 22 -21 38 0 -25 34 0 19 0 0 0 0 0 0 0 0 51 0 0 -15 0 0 0 0 6 6 -48 2 3 -29 0 22 0 0 0 0 49 0 -11 0 0 0 0 2 -42 0 
0 0 49 0 32 0 0 11 35 -5 38 0 0 0 23 14 -39 0 0 10 0 0 0 4 0 0 -14 -20 0 0 0 19 38 49 -35 45 0 15 0 0 0 28 0 0 -48 0 0 0 0 0 0 30 0 0 40 0 0 -49 0 4 -24 0 0 0 -21 0 0 22 -45 46 46 22 14 -14 32 -10 -5 0 0 12 
-20 0 49 49 0 0 -13 0 19 0 0 -28 28 0 -23 0 3 0 45 0 0 0 0 22 0 42 24 -38 0 -17 31 0 0 13 0 0 7 0 15 4 0 0 -13 -44 0 -10 -9 0 -11 0 0 0 9 0 31 0 20 0 0 0 38 -44 10 0 -8 0 0 -9 3 -19 0 0 22 0 -32 -34 -1 0 35 -23 
-35 -20 0 -15 -33 0 0 -20 0 -16 0 13 15 0 9 0 -3 6 0 0 5 0 41 0 2 0 0 47 0 8 0 -14 -26 0 0 -21 -14 15 34 0 0 -20 -16 30 0 -41 0 0 0 0 -15 0 0 9 -45 35 34 0 50 16 0 0 -50 0 39 0 0 0 0 0 0 -22 0 42 20 0 -6 -47 0 12 
28 0 -24 20 0 7 0 0 0 33 0 36 0 -37 32 23 -14 0 -44 -44 -26 0 0 0 0 0 12 -27 0 0 0 -18 0 0 0 0 -32 48 19 33 -4 0 -43 21 41 0 0 -32 0 0 0 40 31 -45 35 0 0 2 -7 -39 0 22 -26 0 0 33 1 -11 0 36 0 0 -43 0 -49 19 0 34 43 35 
0 0 -49 0 0 0 0 0 0 0 0 49 0 -10 -47 0 -40 0 36 0 -36 0 0 0 0 40 0 0 -37 -24 41 0 -17 36 0 0 0 26 -44 0 -25 0 0 26 -20 0 -43 -9 0 0 0 0 0 35 0 8 32 0 0 0 0 -22 50 -1 0 23 34 0 0 0 -32 30 18 30 -21 -1 9 0 34 -16 
-31 0 27 0 -18 0 20 -35 -17 0 0 0 42 0 42 15 0 0 47 0 -15 0 14 -9 0 0 -50 22 0 0 0 0 0 0 0 0 -47 0 33 0 -12 0 0 0 -13 -32 0 0 0 0 0 0 20 34 0 32 7 0 5 0 -2 0 0 0 0 33 -49 -23 0 0 0 0 0 0 -42 2 7 32 0 -19 
6 0 0 0 0 0 0 0 -40 0 14 0 0 -22 0 39 -10 -30 2 37 0 0 38 10 0 0 43 -4 0 0 0 0 47 0 23 -22 -20 0 0 -29 -48 -33 0 -12 0 -21 -18 6 -24 19 0 -49 0 0 2 0 0 40 0 21 -49 0 -39 0 -46 19 0 0 0 0 0 4 0 0 47 48 8 0 0 -9 
0 7 0 -22 -45 0 -29 0 0 0 0 -19 0 11 -23 10 -31 0 -19 23 0 24 -39 0 0 -33 0 18 0 0 -28 0 24 9 -49 0 45 0 0 0 0 42 0 -47 0 -45 0 4 0 0 6 0 0 50 -7 0 5 0 10 12 0 0 -8 0 0 0 -42 0 0 0 28 -5 0 40 0 13 0 27 9 5 
-46 45 0 0 0 -26 48 -26 0 0 0 43 -18 0 -30 -47 0 0 -18 0 -44 45 -9 0 -18 0 28 16 44 -47 -17 0 0 0 -4 0 0 47 0 -43 0 -40 0 29 -9 0 0 0 0 0 6 4 0 16 -39 0 0 21 12 41 -49 0 0 -7 -18 25 -43 0 0 40 43 15 0 -10 0 28 0 0 42 0 
9 0 -23 0 24 0 0 0 0 -13 37 38 30 0 0 49 41 -47 0 0 47 36 44 0 0 44 -26 0 -1 25 0 0 -8 39 -5 0 -16 0 0 0 0 10 0 -9 0 40 -13 8 0 0 -48 -24 38 0 0 0 -2 -49 0 -49 43 0 0 -13 26 -42 0 0 0 0 37 -38 0 0 0 -1 0 0 -46 0 
15 18 17 -24 0 0 0 0 34 49 0 0 0 6 -41 24 0 0 18 0 0 -39 0 43 0 50 0 6 -42 -25 25 20 0 0 0 -48 50 0 37 -20 0 39 0 0 0 0 0 0 0 -12 2 0 -44 0 22 -22 0 0 0 0 0 24 0 0 0 0 0 0 -46 -11 0 0 -9 0 24 0 -35 -30 0 0 
0 0 -32 17 0 0 0 -33 0 0 11 0 -8 0 0 2 0 0 -40 0 4 27 0 0 0 -12 49 -48 0 -24 0 0 -29 0 0 36 6 -45 0 40 0 11 29 23 5 10 30 0 0 -26 3 0 10 -50 -26 50 0 -39 -8 0 0 0 2 19 -33 0 0 0 0 -7 -16 -47 0 0 -40 0 -4 -42 -45 -33 
30 -9 42 0 -49 0 34 0 36 0 11 33 0 18 -45 0 30 -16 5 49 12 -17 0 42 0 0 0 -34 42 0 0 -6 0 -44 0 0 14 0 0 -9 18 0 0 45 43 0 -19 22 0 0 -29 0 0 0 0 -1 0 0 0 -7 -13 0 19 37 -39 43 0 0 0 -32 -33 -10 0 47 26 19 -13 -24 40 1 
0 38 -33 0 0 -2 -26 -41 -31 0 0 0 -13 0 28 18 0 0 26 -47 -33 0 0 28 0 31 49 33 0 14 -11 4 0 0 20 0 -15 0 0 -16 0 0 0 0 0 0 16 0 15 0 0 -21 -8 39 0 0 0 -46 0 -18 26 0 -33 -39 42 -5 -19 0 0 0 35 0 0 -14 -12 -6 0 41 50 29 
-38 41 0 -1 0 0 0 0 -32 28 -32 0 0 0 -16 -27 4 0 -44 -43 -23 0 -36 -24 -7 0 0 15 0 8 0 -8 6 0 0 0 0 0 0 18 16 0 0 0 0 0 0 0 0 36 22 0 0 0 33 23 33 19 0 25 -42 0 0 43 -5 43 -8 0 50 30 0 -8 -31 0 0 -29 0 32 49 17 
0 0 17 5 0 0 0 0 0 0 -4 38 -36 0 0 -39 -45 0 0 35 0 0 0 27 -22 0 1 13 -31 16 29 0 9 2 0 -49 -23 -20 50 0 -44 0 0 -37 -33 -33 -16 0 -42 -16 0 0 0 0 1 34 -49 0 -42 -43 0 0 0 0 -19 -8 16 0 48 0 14 -27 0 0 0 48 25 43 0 38 
0 8 0 0 -28 -26 0 13 -9 0 26 33 0 0 0 0 0 0 0 -3 4 46 11 0 0 -7 -32 -48 -44 -48 9 -24 0 0 0 0 45 0 0 -13 -29 0 0 0 34 0 0 -5 -49 -5 0 22 -9 0 -11 0 -23 0 0 0 0 0 0 0 0 0 0 12 -29 0 0 0 -39 0 19 0 0 0 -14 12 
0 0 0 9 0 21 34 0 0 0 0 3 13 31 0 -41 15 0 0 -41 0 20 -32 -7 0 0 33 24 0 14 0 0 4 0 -7 0 0 -34 0 0 0 -49 0 29 0 0 47 -45 0 -27 0 -45 3 0 0 0 0 0 0 0 0 -46 0 0 0 50 48 -29 26 0 -17 0 0 0 0 0 -3 -3 14 0 
0 14 -40 0 0 26 0 44 0 -44 0 8 -38 -2 23 32 0 0 0 0 0 0 0 30 24 43 0 8 -14 -34 3 22 7 0 0 -29 0 0 0 0 0 0 0 -35 0 0 -36 -29 -13 0 0 46 -19 0 36 0 0 0 0 40 0 -11 -7 -32 0 30 0 0 0 33 0 32 0 29 0 0 10 0 0 0 
31 1 -33 13 0 0 0 0 43 -44 0 0 0 -28 0 0 0 0 0 0 0 0 0 -28 0 -12 0 -13 0 19 0 1 0 15 50 0 -15 -11 -33 0 0 -14 16 -20 13 0 0 0 0 45 49 46 0 0 0 -32 0 0 28 43 37 0 -16 -33 35 0 14 0 -17 0 13 0 0 19 -39 -40 0 0 46 0 
0 0 0 25 1 -27 34 0 22 -33 49 22 0 -13 0 -47 -48 0 -30 0 42 0 0 0 0 0 28 -36 -1 -16 -30 0 -11 -18 -48 0 0 -13 22 -8 0 -19 -4 -16 0 43 44 -43 -10 -14 0 22 0 -22 0 30 0 4 -5 15 -38 0 -47 -10 0 -8 -27 0 0 32 0 25 0 0 -38 -5 0 -21 0 -17 
42 0 0 18 0 0 0 0 -4 0 0 -49 -24 -4 0 0 0 0 30 0 0 41 -47 -7 0 -40 0 7 -25 0 -23 -35 0 28 -15 0 0 30 -40 0 0 0 -8 46 15 0 20 0 0 0 -11 14 22 0 -43 18 0 0 0 0 0 -9 0 0 0 -31 0 -39 0 0 0 0 4 -10 0 0 -8 -40 -39 0 
0 -32 28 -2 0 0 42 18 0 0 2 -25 0 -2 26 25 -36 0 0 0 0 43 21 9 -32 29 -44 0 0 0 0 0 -6 -42 0 -42 0 -14 0 0 0 0 0 30 0 -2 0 0 36 -46 0 -14 0 42 0 30 0 0 40 -10 0 0 0 47 -14 0 0 0 0 29 19 0 -10 20 10 -48 0 0 0 11 
23 0 0 18 0 0 0 32 0 33 -5 0 15 -34 0 0 0 24 -27 0 0 0 0 0 0 0 0 -36 -47 -18 0 -22 0 0 0 0 21 -45 -7 -40 0 46 16 0 31 -45 0 0 0 0 0 32 -32 20 -49 -21 -42 47 0 0 0 24 -40 26 -12 0 0 19 0 0 -39 -38 0 10 46 0 0 -26 26 -29 
-34 0 0 0 34 0 -39 0 22 23 -9 6 0 0 0 0 9 0 0 -26 0 1 0 10 -38 -20 45 50 -40 41 0 25 49 0 -37 0 0 46 0 6 0 -32 0 32 -47 0 -41 -9 0 5 0 -10 -34 0 19 -1 2 48 13 28 -1 0 0 19 -6 -29 48 0 0 0 -40 -5 0 -48 0 27 0 0 48 0 
0 46 0 19 0 31 0 0 -27 0 -22 -39 14 -4 43 0 29 0 0 0 0 -46 0 0 0 48 0 0 0 0 -38 0 44 0 0 0 0 40 0 0 -12 0 40 0 0 0 -46 0 5 -7 0 -5 -1 -6 0 9 7 8 0 0 0 -35 -4 -13 0 0 25 0 -3 10 0 0 -8 0 0 0 45 -32 31 0 
0 11 0 -4 0 0 -26 0 0 -21 -14 -25 0 46 -28 0 0 1 0 0 -13 47 0 0 -13 0 0 14 0 0 -34 20 0 0 40 0 0 0 -29 0 0 0 48 -35 0 13 0 -36 -8 0 2 0 0 -47 34 0 32 0 27 0 0 -30 -42 -24 41 32 43 0 -3 0 0 -21 -40 0 -26 0 -32 30 -12 0 
0 0 -10 0 44 0 -43 0 -1 -23 0 44 -1 -19 0 -50 0 0 1 50 0 0 42 0 0 -3 -25 0 -14 50 2 30 0 -37 -32 0 0 9 0 0 0 0 0 0 0 0 0 0 -21 42 -42 0 35 0 43 34 0 0 9 42 -46 0 -45 40 50 49 0 -14 14 0 46 0 -39 0 26 48 31 -12 25 -24 
0 0 -12 -1 0 15 0 2 0 -10 36 41 0 0 14 0 0 0 -29 0 35 49 14 0 40 24 0 42 0 -40 -46 0 7 0 33 -13 -41 -37 45 -18 0 43 0 0 -2 0 0 0 -50 48 0 12 -23 12 35 -16 -19 -9 5 0 0 0 -33 1 29 17 38 12 0 0 0 -17 0 11 -29 0 0 0 -24 41 
