150
-50 8 25 -14 -25 17 7 40 2 42 -37 -38 -46 -28 33 47 13 21 -42 47 5 27 6 -13 35 -43 22 -28 -17 -14 -38 -23 -8 35 -36 25 -49 18 20 -31 22 -5 -15 -40 -23 -24 -8 -23 35 5 -25 -38 -50 -31 -50 -11 3 -22 31 -1 -35 10 33 -22 -24 -26 49 36 11 21 24 -1 -24 25 1 35 43 42 -27 -24 -33 26 8 42 -5 -6 -13 45 -43 -13 47 50 9 -7 -15 21 15 -30 10 10 -24 -31 -40 33 -41 2 -24 -26 -25 25 -14 -38 -18 23 6 -37 4 24 44 -24 41 37 31 -1 29 -21 7 -3 14 -14 2 37 -45 -46 -28 -33 22 -14 -16 -35 22 26 39 46 -47 29 -43 24 -21 -3 
22 -20 -16 38 0 -47 0 -21 -45 39 -50 0 31 0 0 47 -7 17 0 2 48 21 46 36 0 -50 -10 0 29 -49 22 -46 -48 0 40 33 -42 -32 0 0 -28 -11 -9 13 -21 0 19 10 25 16 8 -10 -24 -28 -35 -27 -33 -19 17 12 32 0 -15 0 -34 0 -4 0 -36 23 -48 -17 -37 -8 -13 2 -41 -32 31 -42 0 0 0 25 21 0 37 -34 0 1 -6 -12 -40 24 0 -21 32 -6 0 43 45 33 -13 0 -27 0 -42 -42 7 40 24 -2 50 -11 -39 -5 0 -43 -50 0 0 -15 0 2 12 46 0 -14 41 -20 -40 -42 0 2 -32 17 23 11 -1 0 -46 21 0 14 20 43 28 26 0 -19 
-20 -41 4 17 0 38 25 -49 17 25 -18 0 37 -1 14 -38 0 -12 31 0 50 45 0 19 -47 36 23 36 16 7 19 -44 0 3 -27 0 -4 0 -11 -43 0 19 -13 15 0 0 0 18 4 12 0 17 -49 18 23 25 39 -9 36 0 2 31 -13 38 6 -30 7 -18 -27 0 -45 -27 1 -15 0 28 -48 8 18 -47 -19 -7 24 0 17 -9 33 11 0 0 35 48 0 -29 1 16 23 0 0 12 0 0 21 0 0 45 27 0 35 37 -43 -30 -23 -27 8 38 0 0 -41 -30 25 0 34 -17 8 0 -45 -31 0 0 -41 10 8 0 -22 -43 14 -19 0 46 31 0 0 0 8 0 -35 -16 9 -3 
-16 4 19 6 19 -8 0 -29 45 -23 39 -38 6 33 43 1 40 -10 0 -18 3 -24 0 13 -44 0 15 -10 -7 0 19 17 0 6 0 -38 -48 -19 0 -49 41 0 -31 -21 0 -12 31 -37 -27 -7 -17 5 -21 -32 -32 38 -24 -50 0 47 -22 0 8 -4 0 20 0 8 -35 -3 0 19 31 39 -14 0 44 -12 0 -45 10 -35 3 11 -30 0 0 -26 0 34 0 -16 2 0 -45 0 -20 -39 -41 42 -1 27 -28 -3 3 -24 -11 0 2 36 30 -39 0 0 27 -23 -14 0 45 -19 49 -16 -44 -10 0 36 0 0 28 47 -12 -11 0 0 -42 -17 0 18 35 0 26 -11 -16 -1 42 0 38 0 48 41 
38 17 6 -30 0 0 -22 -1 41 0 41 -48 -44 -49 -44 45 -32 12 7 0 -15 -7 0 -50 -13 18 0 0 0 29 -8 -31 17 0 -44 -6 23 -28 -11 0 0 32 0 0 37 -21 0 16 -46 -31 -16 49 -14 25 10 -16 -22 46 24 -37 0 3 -24 -47 -40 29 26 -14 42 -46 29 0 45 -30 38 -49 19 -9 -1 -42 9 1 13 44 1 -40 -30 0 -9 17 0 0 -39 0 31 -23 -26 0 31 10 16 -31 0 6 -27 -26 -45 0 -7 24 -22 2 -2 27 -42 0 0 0 0 -39 0 17 -2 4 -26 39 23 0 -10 -14 2 1 0 -29 -42 -23 0 -42 -32 0 0 -26 -40 12 -2 -44 14 -21 24 37 
0 0 19 0 0 19 0 7 -36 47 -49 -26 -46 -1 27 0 0 48 -3 0 -34 14 -35 -19 0 -23 10 49 27 28 -15 -16 28 17 0 9 35 -30 -10 35 0 -45 0 0 50 23 -29 -16 35 -36 -35 -12 0 38 29 -19 8 -20 22 0 47 0 41 -42 42 36 0 7 7 16 -25 -3 -2 0 -25 -32 27 -14 44 -27 0 19 -8 12 -19 0 0 -15 -35 33 0 -24 37 -49 26 0 8 -27 -32 0 -7 -17 29 16 -45 49 0 -20 -15 44 -16 45 3 -47 -6 0 31 0 -28 29 5 0 -16 0 -43 -15 48 -31 38 10 27 7 -34 13 49 -32 12 -50 0 -16 41 -14 14 -2 9 -42 0 13 26 0 
-47 38 -8 0 19 19 -5 9 0 12 0 0 -28 7 0 -33 -45 -30 -28 37 -47 0 12 42 48 17 14 -50 0 15 13 0 -42 28 11 -30 37 0 -5 -1 38 44 0 -29 -21 -14 27 -27 -28 11 0 20 -14 21 12 18 -35 36 21 0 -50 -5 -32 -10 -40 22 0 42 -5 -10 7 0 0 0 17 0 0 0 7 -6 -26 0 20 0 26 -30 -1 -18 -21 18 0 -7 33 -38 -32 0 -27 21 -27 0 -47 -41 -10 19 0 5 -34 37 0 36 45 15 -10 0 0 -26 15 -39 -32 -20 -37 -46 5 -18 -16 40 23 0 33 -34 -37 0 -1 0 0 -31 0 -40 0 -45 24 27 -20 42 -37 27 48 0 2 37 
0 25 0 -22 0 -5 0 -40 -34 45 50 5 6 49 0 -37 18 -16 -19 0 37 27 0 -26 0 36 -21 0 0 -18 11 3 30 39 -25 0 8 0 -28 -15 -29 0 -9 0 49 3 50 0 18 -18 38 0 -36 0 49 -1 0 0 28 19 -48 0 19 -21 -15 0 0 -12 -17 46 39 -48 -22 0 -29 25 0 44 -16 0 -27 13 -6 -44 -44 -28 31 21 0 -49 0 16 50 0 12 0 38 -2 -44 -30 -48 -43 -34 -29 4 0 26 -23 0 39 -12 -38 0 33 0 -48 -22 -50 21 41 0 47 44 0 28 -18 0 -50 40 -35 0 0 27 -47 27 -43 -50 46 44 35 -13 -33 0 36 -44 0 14 17 24 -25 
-21 -49 -29 -1 7 9 -40 20 0 8 -37 0 -43 -12 -27 0 0 0 0 0 19 35 0 44 0 25 45 0 7 -9 -33 15 27 0 32 -20 3 -3 0 42 -34 45 -21 0 24 12 41 -35 -9 -31 0 27 0 -26 37 0 23 -7 -30 49 -2 -14 11 0 8 -8 0 0 0 0 -34 46 49 11 7 -25 27 0 27 -27 -26 0 0 35 -37 23 -34 18 -29 44 0 0 5 49 0 -48 0 11 -22 42 0 16 25 0 0 34 6 30 11 19 0 18 0 34 20 0 -31 0 -47 0 34 0 3 0 0 7 7 0 -37 25 20 -35 6 1 0 -13 -11 -1 0 5 44 -38 49 -44 0 20 0 -34 -9 -23 
-45 17 45 41 -36 0 -34 0 25 -27 0 -22 0 25 45 44 48 0 0 0 -6 33 23 0 17 28 29 2 0 -9 1 -27 -29 0 -37 50 0 0 10 -48 -42 0 11 0 23 27 -6 45 -12 24 26 46 -39 -16 16 -47 0 -29 -19 -48 -26 -26 32 -22 -4 10 12 -5 8 0 26 0 39 -38 0 -20 46 -40 -46 0 0 -37 0 -3 -12 17 50 -15 15 -18 24 -6 -45 18 6 -47 0 42 -19 35 -8 -22 0 -48 10 -43 10 -12 -42 0 0 47 11 0 0 -20 34 25 0 -34 -15 0 22 35 -15 10 0 37 -28 6 0 -11 14 -31 -28 -50 2 22 -3 0 -20 -11 9 0 0 20 -41 38 -49 0 
39 25 -23 0 47 12 45 8 -27 0 -44 47 -30 -24 0 38 48 0 -39 15 49 -36 0 0 -49 31 34 28 -31 0 0 -12 -10 -29 0 -21 37 -14 4 -22 -31 -3 38 33 42 16 0 0 -3 20 -13 13 25 -45 0 0 0 28 0 0 -11 0 17 29 0 10 0 -29 -14 0 8 41 0 0 -14 49 6 14 -48 -48 -26 -7 0 -19 -41 0 -43 0 30 18 24 0 -34 0 -32 6 8 25 17 -46 -11 21 11 18 0 0 0 -37 0 0 0 -16 42 0 17 -33 0 43 -42 9 0 -24 0 0 -44 -32 -40 -46 -1 34 32 7 48 -15 -20 -48 -19 -43 0 -21 2 0 -25 22 0 0 33 0 20 -8 
-50 -18 39 41 -49 0 50 -37 0 -44 0 -49 25 -13 42 0 33 -23 0 11 -25 -49 -25 0 -1 -29 -11 27 0 49 -4 48 16 -18 3 0 0 43 43 39 7 -35 27 13 0 0 -4 -22 -40 -44 -9 0 -2 22 -20 -45 -27 0 44 0 -31 0 -20 23 -27 6 0 17 10 0 9 -30 -15 19 -20 10 43 29 -3 6 0 0 43 25 47 -16 -9 -4 39 41 42 22 13 -41 -27 29 0 -38 -1 48 0 0 -48 0 -5 31 9 0 0 -7 -21 16 0 0 -1 0 0 -25 0 -2 49 -3 -37 17 43 28 -27 -19 -11 -35 -6 -9 13 0 -17 0 -30 -50 0 0 -14 0 -32 5 0 -33 19 -47 0 -44 
0 0 -38 -48 -26 0 5 0 -22 47 -49 0 8 -29 -11 0 13 36 -29 0 25 -4 -38 -42 -3 0 -42 0 20 -13 0 28 -35 20 -21 -5 18 -1 0 0 0 -24 0 24 47 23 7 0 0 20 -18 43 0 0 -15 0 44 -21 0 -50 26 0 14 -25 0 15 0 21 -21 34 -5 -26 38 0 50 -46 0 18 0 -36 -9 0 44 19 42 0 -38 -18 4 -39 0 0 -4 -37 0 -23 0 -31 45 13 8 0 19 0 0 37 0 30 19 11 -39 0 0 -20 47 0 -27 -16 0 0 -20 34 0 -44 0 0 42 -24 44 16 -47 -49 0 0 18 19 44 39 -48 -13 25 -28 0 5 27 3 0 -3 -11 0 
31 37 6 -44 -46 -28 6 -43 0 -30 25 8 0 0 11 5 9 31 36 27 -45 -48 0 -19 -37 24 0 -10 45 0 -16 39 -39 -7 0 -24 0 39 -24 30 13 18 -2 26 10 4 -31 -25 -8 -31 47 27 47 0 11 43 0 -7 37 9 15 -40 35 0 -5 38 0 34 -50 39 -1 -6 0 44 33 4 9 -16 -2 25 -19 -6 32 -50 49 0 32 42 0 38 -24 -29 -44 -16 16 17 29 0 -12 -40 0 -28 -21 8 18 -20 0 -12 -15 -13 -22 -8 -8 14 34 -23 33 0 -44 -43 0 -14 0 25 0 0 0 -36 -17 -45 -11 -27 -29 15 -47 24 -4 -34 -43 0 0 -27 0 -40 37 31 34 23 0 0 
0 -1 33 -49 -1 7 49 -12 25 -24 -13 -29 0 -24 43 0 0 24 12 -24 -29 0 -24 11 26 -28 3 -50 34 -25 35 -26 -10 0 -44 -13 38 -20 48 -19 2 -18 35 0 13 -26 -35 37 -20 12 43 34 -40 0 -1 -43 -39 14 0 39 40 0 26 0 -46 -21 -3 0 -46 -21 48 0 28 -33 -36 3 0 -10 -49 0 -27 46 0 30 28 6 -42 -32 -26 42 -29 11 -5 26 -24 0 6 1 0 -11 0 -1 0 0 0 0 0 -13 11 -20 -42 31 -47 -10 49 38 0 -46 -47 -9 -21 0 39 11 -17 37 -9 0 -35 -5 0 34 -17 11 -40 47 -38 0 -39 -36 -15 0 -36 14 -50 -12 0 0 28 48 
0 14 43 -44 27 0 0 -27 45 0 42 -11 11 43 0 -1 0 27 -40 13 0 25 0 32 49 -30 -37 0 49 0 0 0 6 -46 0 9 35 -31 16 0 0 0 36 -41 32 0 6 6 2 0 -4 -36 31 -36 0 -15 8 -39 -14 0 0 0 6 -6 -36 0 0 -24 0 -44 0 5 0 -10 4 12 -12 44 -19 38 -15 0 0 -2 0 -37 -7 30 6 0 8 46 -43 0 -29 25 24 38 0 0 -6 0 0 0 -13 38 20 29 0 -18 0 -40 43 -26 0 -11 42 50 -23 39 33 0 0 -45 0 0 -38 -15 -45 21 19 36 -40 -26 10 33 32 0 39 16 17 10 -50 17 0 -8 27 -48 3 0 
47 -38 1 45 0 -33 -37 0 44 38 0 0 5 0 -1 -49 0 -3 -2 30 -48 -5 49 20 -16 -12 -43 0 -18 -14 11 46 0 -31 33 -43 -16 34 -29 0 0 -26 40 -40 -46 -27 0 30 -3 13 0 -22 15 4 -31 0 -20 41 50 0 -30 34 -41 11 -7 0 27 -27 10 0 5 -46 -30 28 0 5 4 1 11 6 0 -7 17 -28 -1 31 26 -49 -25 17 -26 3 11 49 0 0 0 -12 0 -42 -20 -32 0 0 -22 0 -44 -16 -3 -32 -48 0 40 33 0 -43 0 14 0 -23 0 0 0 -25 35 19 -10 0 0 49 0 -50 -28 0 8 29 0 45 -26 -22 50 -5 28 48 -13 36 -47 0 25 0 
-7 0 40 -32 0 -45 18 0 48 48 33 13 9 0 0 0 37 -44 12 29 35 -3 3 7 26 -39 -24 -38 0 20 1 -12 0 -45 0 0 14 9 -40 46 -25 -31 -42 -38 -35 0 -43 -32 21 17 -20 0 -34 0 34 -7 -31 3 42 38 14 0 -9 21 -16 0 9 -43 41 29 0 -29 6 0 -12 0 0 8 -25 29 13 10 0 -36 11 44 0 16 24 -8 -37 12 0 0 0 28 0 35 31 46 34 -9 0 47 38 20 27 49 -40 -50 -43 44 -19 -1 19 33 16 28 -14 -40 -18 0 14 -50 2 9 0 0 -42 33 -27 39 0 25 -49 0 -26 -5 43 0 16 -3 0 0 8 -41 10 -10 30 32 
17 -12 -10 12 48 -30 -16 0 0 0 -23 36 31 24 27 -3 -44 -42 16 0 25 0 41 -45 -38 30 -40 -20 33 31 36 0 42 1 10 0 0 12 4 0 -46 37 0 0 46 6 10 0 35 3 21 -22 24 28 0 0 1 0 44 -39 41 0 -34 33 24 41 -6 27 9 21 45 0 24 0 9 10 -46 0 -24 0 15 -2 -40 20 22 28 39 -2 -3 -22 48 46 8 -20 -33 0 -1 0 -15 0 0 0 22 41 -43 26 0 -10 19 -5 0 0 28 -44 -37 21 8 40 -27 -20 7 0 -34 5 1 29 -45 -6 5 49 0 -26 -5 47 -45 18 -23 7 0 49 7 -48 31 0 -32 0 -45 23 0 18 
0 31 0 7 -3 -28 -19 0 0 -39 0 -29 36 12 -40 -2 12 16 25 -36 4 41 -7 17 0 -27 0 0 0 4 13 2 -43 -7 13 0 0 -17 6 -13 -1 19 -8 -26 15 8 31 45 0 -49 -49 -5 37 37 0 -40 50 0 0 0 0 12 0 -15 0 0 0 -21 -10 -3 25 0 11 3 0 -25 -1 34 -14 0 0 0 39 23 -27 6 -15 13 6 -25 0 0 -37 0 -23 -6 44 -41 49 17 40 -29 -20 22 23 0 24 -29 7 -7 0 0 40 -24 42 0 -37 -42 -1 44 -48 -4 0 -42 47 -46 -8 -41 12 12 48 -21 40 0 0 -24 0 -23 -16 33 16 -4 26 0 13 -8 -38 -25 0 0 
2 0 -18 0 0 37 0 0 0 15 11 0 27 -24 13 30 29 0 -36 0 0 28 44 2 27 42 49 -22 -25 36 -3 7 -15 0 0 0 46 38 -11 -4 -22 -49 15 0 -15 15 0 38 -32 -32 30 7 -25 -45 -24 21 26 -42 8 -8 10 0 0 31 -43 40 -1 39 10 19 0 -6 9 0 0 0 -8 -28 0 13 -16 6 46 15 -48 0 21 23 46 0 -41 -25 15 -33 47 28 9 0 -22 2 15 0 -14 0 -15 0 0 29 -36 -31 -21 -49 0 0 0 -33 0 -48 33 41 -27 44 -38 -45 1 40 -35 -27 24 0 0 0 9 0 38 23 0 43 44 0 -39 0 -27 -41 12 37 9 15 -2 -39 
48 50 3 -15 -34 -47 37 19 -6 49 -25 25 -45 -29 0 -48 35 25 4 0 0 12 22 7 -48 5 7 -21 0 0 0 13 0 -49 39 -2 -31 27 18 50 -21 41 -19 0 -28 2 0 -25 49 4 0 0 -13 6 0 0 0 -17 -10 11 15 -30 33 38 0 0 -44 20 0 26 -34 4 -16 -27 -50 -35 0 -34 0 -19 0 0 16 4 -40 4 0 34 0 22 -19 -12 0 5 34 50 41 -48 -36 0 45 0 20 38 5 1 -44 0 45 -30 0 14 0 -27 0 -40 0 23 28 36 -46 44 0 -17 18 49 19 7 0 0 0 6 0 -50 12 15 0 -15 -17 0 -33 0 -7 41 41 0 38 39 39 0 
21 45 -24 -7 14 0 27 35 33 -36 -49 -4 -48 0 25 -5 -3 0 41 28 12 4 0 0 31 34 29 -18 -37 9 0 0 4 0 -39 17 -16 9 6 0 9 0 11 48 22 32 -3 3 -22 0 -37 -5 0 0 -1 0 -4 27 -18 -11 0 3 0 0 -6 -18 -41 37 16 0 -2 -11 0 0 -32 0 0 0 -45 27 43 50 0 -22 22 -32 -39 37 -8 0 0 -20 0 28 22 -50 21 -23 0 0 0 0 0 -42 42 20 45 0 -12 -36 4 -5 -24 -35 0 44 33 0 -30 -35 47 0 -9 -20 22 -27 20 40 -34 -37 -49 35 -34 0 35 -48 49 -29 0 0 -46 -36 -6 0 -20 0 -20 19 23 -35 
46 0 0 0 -35 12 0 0 23 0 -25 -38 0 -24 0 49 3 41 -7 44 22 0 2 0 17 43 3 -6 0 0 -35 0 0 33 10 21 0 -12 11 -42 20 -48 35 45 -6 0 -49 0 0 49 0 0 0 -23 0 0 0 7 0 3 0 -50 39 0 0 -44 14 21 -8 0 -37 9 -8 0 12 -24 19 11 0 0 -29 34 0 1 -49 -44 1 27 7 0 -9 -7 -26 -25 19 -26 -14 40 0 -5 12 31 -27 0 0 0 -7 -45 42 31 -39 -7 -40 0 32 15 0 0 0 -42 31 0 0 -16 32 -22 0 30 -9 50 0 -35 27 -49 0 0 -7 8 -14 0 -19 44 32 0 -27 -16 0 -47 24 0 
36 19 13 -50 -19 42 -26 44 0 0 0 -42 -19 11 32 20 7 -45 17 2 7 0 0 48 -5 -2 -35 0 0 43 7 21 38 0 -37 20 50 -26 0 3 13 0 0 30 -39 -5 0 1 -22 -2 26 16 0 -11 16 30 0 0 -40 26 0 18 30 0 -38 -15 0 -45 0 32 -43 40 24 4 18 47 0 -19 17 3 0 37 11 12 44 0 -49 0 41 0 33 -7 0 -21 23 22 -17 -39 -14 7 0 -26 17 0 38 0 19 -9 22 -25 0 -12 -6 -44 -47 9 -47 0 11 -40 -34 -1 25 41 -22 50 9 25 0 33 21 -44 12 0 0 -26 48 0 0 0 46 0 41 44 19 -23 -14 12 4 1 
0 -47 -44 -13 0 48 0 0 17 -49 -1 -3 -37 26 49 -16 26 -38 0 27 -48 31 17 -5 0 48 -29 -16 36 11 -7 0 -23 -27 35 -35 -33 -20 48 30 -22 0 8 0 0 38 41 27 -8 7 0 -1 -9 1 -31 -24 47 0 1 -43 -24 0 10 -32 0 0 -32 -48 -14 -33 22 -41 0 0 31 25 0 0 0 0 -3 -27 32 -32 0 -2 -45 41 -39 50 -38 -31 0 -31 45 32 -48 18 0 0 -14 -21 27 0 0 -17 23 -31 -7 0 -7 25 0 46 0 -19 32 0 -42 -19 -43 -22 21 -10 0 29 -35 19 -35 44 -33 -40 -1 43 42 0 10 -28 -4 11 -18 13 0 -40 28 -37 12 -38 23 -46 
-50 36 0 18 -23 17 36 25 28 31 -29 0 24 -28 -30 -12 -39 30 -27 42 5 34 43 -2 48 -30 0 -28 19 -27 35 3 5 -8 47 0 -13 12 24 0 44 0 47 0 0 -32 0 0 22 -1 0 -37 5 43 0 37 7 -19 -13 0 50 0 19 0 0 0 0 -47 -46 24 4 -37 49 0 -33 -12 -19 33 0 -20 0 37 13 -48 -34 -17 26 -15 -28 0 -36 0 20 49 0 0 21 0 -33 16 14 42 -4 -16 48 0 0 32 37 12 30 0 8 7 31 34 -31 22 -50 25 0 32 0 -14 0 0 0 20 16 15 33 16 -24 -32 0 -17 -15 -16 -23 16 1 44 1 -37 33 30 6 0 21 -6 
-10 23 15 0 10 14 -21 45 29 34 -11 -42 0 3 -37 -43 -24 -40 0 49 7 29 3 -35 -29 0 -33 -19 1 -8 0 -13 17 0 10 0 14 -50 27 36 0 31 40 43 -12 41 0 -30 0 -11 36 -39 -40 0 14 -33 34 -43 35 0 32 -43 6 27 -27 0 -40 26 12 0 37 -24 0 0 0 39 37 27 2 -47 -4 0 36 9 44 0 12 35 -14 50 -38 -41 0 0 26 21 3 41 13 0 0 29 1 -3 -21 -18 26 -24 26 15 25 -2 -14 40 31 0 0 0 -33 29 3 35 0 0 9 22 0 -5 31 10 -30 25 -36 -46 0 -30 -48 -34 1 -8 35 -1 -45 0 8 0 1 49 0 24 
0 36 -10 0 49 -50 0 0 2 28 27 0 -10 -50 0 0 -38 -20 0 -22 -21 -18 -6 0 -16 -28 -19 38 47 0 43 23 -41 -3 12 0 50 0 -50 0 0 0 5 44 -2 35 -28 -30 -27 -4 23 -48 -42 0 6 0 -41 16 35 -47 1 0 34 0 47 20 -20 0 38 -2 50 0 -27 36 0 -17 -11 48 0 44 5 50 -24 42 -3 0 -25 37 -36 0 21 -38 -50 -23 0 28 19 -43 0 3 -38 0 -5 0 -10 -23 16 -47 -4 37 0 0 38 10 -4 -1 47 -25 0 43 -19 -29 -6 -42 0 30 -43 0 -11 37 -23 0 8 -28 -32 -34 0 0 27 24 -47 7 -22 -35 0 27 -34 -44 27 31 
29 16 -7 0 27 0 0 7 0 -31 0 20 45 34 49 -18 0 33 0 -25 0 -37 0 0 36 19 1 47 -40 28 50 -5 0 28 25 -33 0 -33 4 0 44 6 -27 49 0 0 35 10 0 3 0 -41 0 8 -38 0 -48 -30 0 -15 4 -23 29 -1 36 -26 44 30 6 0 6 6 -10 4 0 -13 0 32 23 0 0 -11 4 50 40 -34 -36 -35 49 -47 50 6 -43 48 0 -10 -27 0 0 0 13 -4 -16 -26 -2 -5 -6 -3 -19 -30 -6 0 24 0 0 0 -48 -12 -7 0 -8 -33 25 -23 -33 -21 0 21 0 0 22 0 0 -36 10 -47 -33 27 -17 33 -8 0 -24 -6 4 -3 -44 -39 43 0 
-49 7 0 29 28 15 -18 -9 -9 0 49 -13 0 -25 0 -14 20 31 4 36 0 9 0 43 11 -27 -8 0 28 -16 -30 0 -12 0 0 -18 -11 35 0 -45 0 19 1 23 0 -47 44 0 0 6 0 -7 0 37 9 -31 49 -20 -24 16 38 -41 -19 0 -45 0 0 0 -46 14 -25 2 20 -38 0 0 15 0 0 18 0 0 0 32 0 -37 30 0 0 0 28 0 -41 -48 -50 0 0 -3 0 -23 11 50 22 43 13 50 0 8 -3 41 1 0 20 22 0 45 37 5 44 17 0 -50 -28 25 23 0 22 40 -44 0 0 0 0 -25 -40 0 42 -28 15 -16 0 44 0 -1 -22 -2 18 18 -26 -17 
22 19 19 -8 -15 13 11 -33 1 0 -4 0 -16 35 0 11 1 36 13 -3 0 0 -35 7 -7 35 0 43 50 -30 -40 -9 3 -1 -31 0 6 0 5 -19 -23 2 0 -1 6 43 12 46 -20 8 0 -23 -1 -40 17 24 0 26 0 0 -48 -34 0 -50 -30 25 0 0 0 -32 -28 0 0 44 44 24 39 0 0 0 21 0 50 44 0 -27 -38 23 37 5 0 0 0 0 0 -42 50 3 42 17 44 23 -15 21 0 -20 0 18 -19 30 0 -17 0 33 -22 -25 46 0 -4 -23 -8 33 0 22 -14 0 0 17 0 35 -32 -46 19 -46 0 -41 0 0 -26 46 8 -35 36 29 44 0 0 0 -38 22 
-46 -44 17 -31 -16 0 3 15 -27 -12 48 28 39 -26 0 46 -12 0 2 7 13 0 0 21 0 3 -13 23 -5 0 -9 -43 38 46 0 26 0 0 0 -21 -32 0 -38 -17 0 -13 0 24 0 -6 -42 49 -11 -10 0 0 30 -22 12 22 0 32 0 1 4 -40 12 -37 -8 -11 -8 24 -5 15 -45 -4 -20 3 40 -23 0 43 -31 17 0 -48 0 -36 -31 14 0 38 0 8 -47 -50 2 15 -35 48 7 32 34 12 -8 -7 -32 43 0 0 2 -26 4 48 0 35 0 -30 -35 38 29 7 -9 15 0 -9 0 32 -30 -49 0 10 -40 0 12 17 -32 0 -24 0 -44 0 0 0 -11 0 0 -48 -20 0 
-48 0 0 17 28 -42 30 27 -29 -10 16 -35 -39 -10 6 0 0 42 -43 -15 0 4 0 38 -23 5 17 -41 0 -12 3 38 0 0 -17 -40 -8 28 44 46 -32 33 0 -28 0 -31 -46 0 13 -26 0 -12 0 -41 41 -30 0 -24 20 49 -47 0 32 -13 -19 3 25 0 8 30 23 0 -8 3 -19 34 42 0 45 18 46 5 -20 22 44 0 18 0 3 31 18 0 26 13 47 0 37 1 3 38 0 0 0 -15 -50 10 18 -32 0 -47 1 22 38 -35 0 49 16 15 -9 -16 49 40 -30 -14 50 0 19 -18 13 -8 0 0 -48 26 0 -45 49 1 20 -23 -24 -37 0 -11 0 -30 -46 -35 42 4 
0 3 6 0 17 28 39 0 0 -29 -18 20 -7 0 -46 -31 -45 1 -7 0 -49 0 33 0 -27 -8 0 -3 28 0 -1 46 0 48 0 -13 41 32 -23 -22 0 -32 45 0 25 0 -17 3 33 0 4 -11 0 -18 45 -37 0 35 32 0 47 0 -9 -30 -8 28 26 -9 -15 -42 -1 -30 44 -21 -3 -47 0 0 38 36 32 31 9 -49 -32 -10 -33 0 13 6 30 17 -8 -13 -38 -40 -50 -3 0 -48 0 43 -50 -18 0 -24 -45 27 21 -33 -13 -3 -48 0 -38 0 -37 -41 0 9 -36 40 0 0 -26 0 16 -10 0 0 3 23 46 -9 0 -2 22 50 -10 -1 12 39 39 3 -22 22 48 36 -9 5 
40 -27 0 -44 0 11 -25 32 -37 0 3 -21 0 -44 0 33 0 10 13 0 39 -39 10 -37 35 47 10 12 25 0 -31 0 -17 0 36 32 32 9 0 14 47 0 -42 -42 42 4 -22 1 24 45 0 44 -18 0 29 0 0 7 -34 10 -44 21 20 0 12 36 0 -50 0 49 18 2 45 21 7 -35 -9 0 -16 1 1 -31 17 30 19 -39 23 0 -13 5 49 15 -28 0 -49 -45 18 41 4 -41 0 0 12 -43 25 36 0 31 7 0 -20 -49 -48 -50 24 11 -4 0 0 -24 45 41 20 -20 7 27 0 -44 22 -32 2 0 1 -14 0 23 -39 0 -3 0 -39 0 13 48 0 0 20 -15 -50 1 
33 0 -38 -6 9 -30 0 -20 50 -21 0 -5 -24 -13 9 -43 0 0 0 0 -2 17 21 20 -35 0 0 0 -33 -18 0 26 -40 -13 32 19 19 0 0 26 -2 -24 36 0 0 -27 17 -40 -2 0 38 12 -14 25 3 0 0 38 21 -28 0 -45 0 -1 0 0 -44 -23 0 -25 0 33 5 0 0 0 -10 4 0 -50 17 -29 -39 0 -13 -34 0 43 31 50 0 -46 -25 13 0 18 0 0 0 7 41 -47 10 0 48 -29 0 0 21 29 0 41 -7 0 6 0 11 -29 -2 0 0 4 -41 24 -18 48 -45 36 36 11 6 7 0 11 0 -2 0 -2 0 0 -29 -41 42 -48 0 -31 42 -3 3 0 
-42 -4 -48 23 35 37 8 3 0 37 0 18 0 38 35 -16 14 0 0 46 -31 -16 0 50 -33 -13 14 50 0 -11 6 0 -8 41 32 19 48 4 34 0 0 46 40 24 37 -1 37 27 0 0 20 -32 -46 -47 -37 -5 9 0 38 -12 0 -26 -3 0 -42 0 34 43 0 0 -50 -21 38 22 38 9 -20 0 -38 3 8 0 -44 0 -24 -38 -15 44 34 -16 -34 -47 39 4 35 -4 -31 -28 -19 -39 8 -36 24 -41 46 19 0 6 41 33 -11 28 0 0 0 34 0 -49 10 -45 38 0 -16 -2 7 25 0 0 -32 -13 18 0 -5 -5 0 5 16 0 -30 -1 0 0 0 0 0 -24 21 -22 27 34 
-32 0 -19 -28 -30 0 0 -3 0 -14 43 -1 39 -20 -31 34 9 12 -17 38 27 9 -12 -26 -20 12 -50 0 -33 35 0 0 28 32 9 0 4 11 0 0 13 -42 3 -10 0 0 30 30 -34 21 14 29 -30 -35 -29 -18 -26 0 0 1 0 0 0 -9 0 -9 -47 -21 10 -50 13 -24 0 -40 -42 50 48 -25 0 41 -8 42 34 -46 8 34 33 -9 45 43 -8 35 -24 -20 -41 -30 28 -46 -49 0 1 0 0 -36 0 -28 28 -22 0 8 -18 -31 0 0 -27 27 38 12 -27 13 0 23 -39 2 39 0 0 -35 9 25 -28 -48 0 -25 -49 40 31 -37 0 15 0 0 43 0 50 0 10 -12 0 -1 
0 -11 0 -11 -10 -5 -28 0 10 4 43 0 -24 48 16 -29 -40 4 6 -11 18 6 11 0 48 24 27 -50 4 0 5 0 44 -23 0 0 34 0 0 0 -7 -28 10 0 0 -3 0 -27 26 26 -23 11 -5 26 -23 29 24 -36 27 -38 -7 -23 5 -10 0 40 6 0 -20 0 34 -27 0 26 0 17 0 5 0 -22 34 0 -15 38 18 -46 -29 0 -13 -6 -20 -31 -40 -19 32 -40 -34 0 -12 9 -50 -46 -47 45 -16 20 -24 6 10 20 -10 19 -12 30 0 50 0 15 -3 -8 -12 -38 -10 34 0 44 0 0 33 -2 9 25 25 -25 -35 -23 0 -20 10 21 42 -20 0 9 -17 -31 0 0 -43 -30 
0 -43 -49 0 35 -1 -15 42 -48 -22 39 0 30 -19 0 0 46 0 -13 -4 50 0 -42 3 30 0 36 0 0 -45 -19 -21 46 -22 14 26 0 0 0 -6 -1 0 -7 44 4 -5 -30 -20 -5 0 39 -50 -12 -15 38 -28 -12 -13 17 -43 8 16 4 50 -17 26 49 42 -31 -20 0 2 41 31 -17 -34 24 0 17 -21 0 19 14 23 5 10 27 22 8 -36 0 0 -5 23 28 -33 -46 -21 -45 1 -36 13 0 0 0 -37 15 0 -4 -23 -49 36 -9 0 0 35 31 -35 -38 7 26 -38 -47 0 2 27 8 40 0 3 -28 0 12 0 -42 -15 0 0 0 0 0 26 0 0 -18 -34 -36 10 42 -47 
-28 0 41 0 0 38 -29 -34 -42 -31 7 0 13 2 0 0 -25 -46 -1 -22 -21 9 20 13 -22 44 0 0 44 0 -23 -32 -32 0 47 -2 0 13 -7 -1 31 17 35 0 0 16 -8 41 0 3 16 -2 -44 32 -32 -24 16 -5 -39 15 29 -14 -36 -34 0 0 9 0 1 -22 -14 0 -33 -42 -26 0 3 30 0 49 13 13 12 17 -21 -2 6 -8 -2 0 31 21 27 0 39 5 0 0 0 -45 -23 -21 -3 27 33 39 -12 0 40 0 0 0 6 -5 47 0 30 47 -19 17 -49 -4 2 48 -46 -49 -50 -24 -15 0 1 0 11 4 35 0 0 21 -8 32 35 -11 9 1 0 0 0 38 -24 -43 
-11 19 0 32 -45 44 0 45 0 -3 -35 -24 18 -18 0 -26 -31 37 19 -49 41 0 -48 0 0 0 31 0 6 19 2 0 33 -32 0 -24 46 -42 -28 0 17 -42 0 -29 0 29 -2 -7 0 -11 48 0 10 0 42 -11 33 -29 0 32 6 0 0 -29 14 4 0 25 -6 15 5 -41 26 -50 35 0 -25 1 3 43 24 0 39 49 37 5 16 -11 -45 -28 0 -38 -16 3 0 0 27 -10 0 45 27 -26 -23 0 1 -19 20 -6 -32 -12 -13 0 0 0 0 0 0 -36 -40 -16 -39 4 44 0 0 -47 -17 -38 -49 -27 47 -18 -48 8 3 0 6 0 -2 33 -4 -46 41 0 0 -50 -22 26 48 0 
-9 -13 -31 0 0 0 -9 -21 11 38 27 0 -2 35 36 40 -42 0 -8 15 -19 11 35 0 8 47 40 5 -27 1 0 -38 0 45 -42 36 40 3 10 -7 35 0 22 -33 48 49 34 45 9 40 -15 -43 -27 -50 -48 18 13 -39 0 12 -18 39 18 -14 0 15 0 10 0 -3 -39 -11 -21 24 -13 35 -42 -22 4 0 -40 -5 -14 -40 14 -35 -14 4 25 -9 -12 -20 35 3 5 0 0 -42 -42 0 -28 0 0 -19 -17 48 0 48 50 31 47 0 0 23 -37 -39 -21 0 0 3 23 -8 12 -42 -42 0 30 34 0 -22 -22 0 8 0 -27 -23 -28 0 1 34 13 -30 0 21 0 0 0 21 -35 7 
13 15 -21 0 0 -29 0 0 0 33 13 24 26 0 -41 -40 -38 0 -26 0 0 48 45 30 0 0 43 44 49 23 -1 -17 -28 0 -42 0 24 -10 0 44 0 -29 -33 0 -17 -3 0 -33 0 23 4 0 33 24 0 -17 0 0 9 -42 -21 0 -40 39 -19 0 -15 -1 0 47 -32 40 19 0 31 4 0 4 -6 6 17 19 11 18 -26 1 11 0 0 23 18 -50 31 0 27 4 36 0 -39 24 0 0 -37 -24 -42 0 0 35 1 29 0 -25 -7 13 2 31 -7 -47 25 -20 0 -12 0 -3 18 0 0 0 46 35 1 2 -4 0 0 -15 33 3 -25 0 0 18 43 -50 17 0 41 27 -30 45 
-21 0 0 37 50 -21 49 24 23 42 0 47 10 13 32 -46 -35 46 15 -15 -28 22 -6 -39 0 0 -12 -2 0 0 6 0 0 25 42 0 37 0 0 4 0 0 48 -17 0 0 0 -25 0 11 0 -18 5 -2 -19 45 -14 50 -33 -43 27 0 -17 0 43 47 -4 41 16 34 -47 0 6 -1 20 48 0 0 10 -33 45 -5 -43 4 20 0 0 16 14 0 27 -18 33 27 -39 46 0 28 25 42 10 -26 -29 0 -17 0 -26 0 -16 -13 -16 -29 24 0 -38 0 19 0 -10 3 0 34 11 0 38 -42 7 -23 0 47 19 0 48 -19 -36 25 -25 -2 0 27 19 24 0 19 0 0 0 35 0 -38 
0 0 -12 -21 23 -14 3 12 27 16 0 23 4 -26 0 -27 0 6 8 15 2 32 0 -5 38 -32 41 35 0 -47 43 -13 -31 0 4 -27 -1 0 -3 -5 16 29 49 -3 0 23 0 33 -10 -36 -40 0 -16 35 10 0 0 0 -20 0 -28 7 -27 35 -45 -9 -44 -2 -39 0 0 -29 -10 3 40 6 -3 0 9 49 37 31 0 -39 -47 11 4 -35 -41 20 -18 27 0 0 0 -13 0 17 0 -11 0 -41 -30 29 0 8 0 13 -15 -24 0 -50 -5 0 -36 14 -18 -33 19 0 12 0 35 46 -10 0 20 -31 47 -6 14 0 2 39 -38 -14 0 -5 15 -11 -49 -25 46 -4 45 -41 10 4 -34 -6 
19 0 31 0 -29 27 50 41 -6 0 -4 7 -31 -35 6 0 -43 10 31 0 0 -3 -49 0 41 0 0 -28 35 44 12 0 -46 -17 -22 17 37 30 0 -30 -8 -2 34 0 0 0 47 0 24 -50 -11 0 46 3 38 -27 23 48 -11 -40 27 39 31 22 0 43 41 -38 18 0 -11 -33 0 31 0 35 0 -11 8 17 12 17 -12 0 -42 40 0 0 39 32 0 -13 -24 0 33 1 0 23 24 31 -45 0 -18 39 47 32 -24 42 0 -12 28 -13 11 -7 0 -43 19 -16 13 23 -10 34 0 0 0 0 39 0 -43 -18 15 16 49 7 12 -49 -16 -29 40 34 35 -46 0 46 -9 14 24 -48 14 39 
10 18 -37 16 -16 -27 0 -35 45 0 -22 0 -25 37 6 30 -32 0 45 38 -25 3 0 1 27 0 -30 -30 10 0 46 24 0 3 1 -40 27 30 -27 -20 41 -7 45 -33 -25 33 0 -26 -10 37 0 -30 15 1 46 39 0 4 0 0 0 32 0 -42 16 21 0 32 -46 0 -46 0 40 -29 -21 -49 11 34 0 -30 15 -25 0 -49 0 16 24 0 21 -28 -25 30 -41 -4 -41 28 0 16 -31 -1 40 -45 -47 8 -46 40 -36 0 47 0 0 -38 -12 -22 -33 13 8 0 0 45 27 13 -24 -38 -16 -9 -32 -17 0 -36 -11 0 0 30 0 0 -21 48 0 0 47 0 48 47 0 -4 21 -29 -30 0 
25 4 -27 -46 35 -28 18 -9 -12 -3 -40 0 -8 -20 2 -3 21 35 0 -32 49 -22 0 -22 -8 22 0 -27 0 0 -20 0 13 33 24 -2 0 -34 26 -5 0 0 9 0 0 -10 24 -10 -8 4 13 35 15 -22 44 26 -42 47 0 42 -25 9 -23 0 0 -17 0 -18 0 39 0 24 2 -17 -48 -7 -10 36 -29 46 0 0 47 31 16 39 34 -44 -16 -39 0 0 13 -27 0 13 0 16 -15 2 0 26 11 31 -49 40 0 -48 -32 -5 0 0 1 23 26 -12 -24 33 48 -3 38 4 -22 0 0 0 -39 0 -36 0 26 -6 -45 3 35 27 2 0 4 43 0 0 -10 15 18 0 32 0 31 -28 
16 12 -7 -31 -36 11 -18 -31 24 20 -44 20 -31 12 0 13 17 3 -49 -32 4 0 49 -2 7 -1 -11 -4 3 6 8 -6 -26 0 45 0 0 21 26 0 3 -11 40 23 11 -36 -50 37 4 -20 -9 9 -36 -22 14 -47 -26 0 -18 38 0 28 -39 0 0 -9 24 44 36 -14 -40 0 39 28 0 -22 0 36 -4 -48 0 0 18 0 23 19 -6 34 41 -50 6 0 -3 24 0 -23 -35 24 5 -14 -24 0 -15 14 -8 6 0 -47 -14 12 14 -4 -18 -33 -43 27 -43 25 29 40 -41 44 -36 0 0 33 6 24 0 -5 -21 0 -26 27 27 -25 -46 -37 0 -41 16 24 8 44 0 15 -24 33 0 -21 
8 0 -17 -16 -35 0 38 0 26 -13 -9 -18 47 43 -4 0 -20 21 -49 30 0 -37 0 26 0 0 36 23 0 0 0 -42 0 4 0 38 20 14 -23 39 16 48 -15 4 0 -40 -11 0 13 -9 25 -31 -4 2 31 23 29 -6 46 -13 -26 11 -42 0 0 33 -33 0 -42 -22 18 32 -7 1 41 -50 -4 0 28 14 -47 9 49 0 -32 33 19 0 -2 34 0 0 -17 23 15 0 50 6 -14 -29 -25 22 -25 43 29 0 25 0 23 0 11 28 35 16 0 27 -33 -29 -29 -15 39 -41 0 0 3 -28 37 -3 -5 36 37 -8 40 0 -50 17 -9 40 -11 27 -35 6 -36 0 -43 0 32 0 0 0 
-10 17 5 49 -12 20 0 27 46 13 0 43 27 34 -36 -22 0 -22 -5 7 0 -5 0 16 -1 -37 -39 -48 -41 -7 -23 49 -12 -11 44 12 -32 29 11 -50 -2 0 -43 0 -18 0 0 -30 35 9 -31 0 -14 0 -5 -18 28 3 -29 -41 9 50 45 -28 -37 -10 -35 -24 -5 4 -41 32 0 15 45 28 0 6 18 -38 -14 23 20 -47 10 -40 0 0 0 0 0 -21 4 43 -30 14 18 -22 -30 43 11 -20 -24 0 0 7 0 0 -14 6 28 0 44 5 -11 0 0 0 46 0 35 45 -27 0 -11 0 46 1 -18 49 0 -16 36 30 0 36 42 28 0 -39 43 10 33 6 29 0 -30 -43 29 38 
-24 -49 -21 -14 0 -14 -36 0 -39 25 -2 0 47 -40 31 15 -34 24 37 -25 -13 0 0 0 -9 5 -40 -42 0 0 -1 -11 0 0 -18 -14 -46 -30 -5 -12 -44 10 -27 33 5 -16 46 15 15 -36 -4 -14 35 0 0 0 -18 0 46 16 -4 0 0 0 -30 38 20 6 -47 -13 -46 0 -37 14 0 0 0 -23 33 0 2 31 13 0 23 -35 -40 0 -13 -7 -42 23 34 20 -3 0 50 -46 -21 -31 0 -10 -11 -24 0 0 44 33 -24 43 25 -30 0 0 -13 0 -43 41 47 37 0 31 26 0 0 0 47 8 28 0 -19 -36 43 33 43 -12 0 48 0 13 -45 -42 0 -35 0 0 23 -4 6 -25 
-28 18 -32 25 38 21 0 -26 -16 -45 22 0 0 0 -36 4 0 28 37 -45 6 0 -23 -11 1 43 0 0 8 37 -40 -10 -41 -18 0 25 -47 -35 26 -15 32 0 -50 24 -2 35 3 1 -22 -22 2 0 0 9 45 -42 -46 -31 -40 38 -19 38 -48 0 16 50 23 -4 -46 -37 0 0 -39 37 0 0 -28 2 29 23 -2 0 0 46 -43 -27 -39 38 -11 -18 0 0 0 1 5 0 -15 0 -16 0 -47 0 -24 -22 0 9 -40 1 -14 38 15 44 33 0 -26 0 0 25 -21 0 41 0 0 15 19 0 17 15 -10 10 0 -44 9 -20 0 25 10 33 -19 -32 4 0 32 -27 0 5 -13 0 32 0 
-35 23 -32 10 29 12 49 37 16 0 -20 -15 11 -1 0 -31 34 0 0 -24 0 -1 0 16 -31 0 14 6 -38 9 17 0 41 45 29 3 -37 -29 -23 38 -32 42 -48 0 -19 10 38 46 44 14 31 -5 0 45 0 44 33 0 27 -15 -41 43 50 -13 -45 -26 0 0 8 -19 27 27 48 30 -12 39 -9 40 16 0 46 39 -2 0 -17 17 12 -15 -37 -44 14 -10 -10 0 0 45 35 -31 0 32 0 -31 -9 -33 10 0 0 -17 -20 -6 -43 0 -44 -25 -20 -10 -11 13 20 0 28 1 30 6 -27 0 45 -37 0 -33 0 0 14 0 30 -24 0 7 0 0 45 0 -18 -36 -41 1 -21 31 -17 -20 
-27 25 38 -16 -19 18 -1 0 -47 0 -45 0 43 -43 -15 0 -7 0 -40 21 0 0 0 30 -24 37 -33 0 0 -31 24 0 -30 -37 0 0 -5 -18 29 -28 -24 -11 18 -17 45 0 -27 39 26 -47 23 -18 0 -42 44 1 -40 0 -6 5 17 -21 24 0 47 25 -42 48 48 31 1 0 46 -17 44 20 24 -1 -28 16 -44 -9 41 27 25 2 -44 45 -34 0 41 0 24 0 0 0 8 -38 -47 0 -28 -2 -29 -3 21 0 0 -34 17 -35 36 2 -34 0 0 0 -28 8 -37 38 -11 0 49 -24 -26 6 -6 14 0 -24 0 -21 -5 16 8 18 -8 7 -27 -48 -10 18 -3 -19 24 -4 32 21 0 -22 
-33 39 -24 -22 8 -35 0 23 0 0 -27 44 0 -39 8 -20 -31 1 50 26 0 -4 0 0 47 7 34 -41 -48 49 0 30 0 0 0 0 9 -26 24 -12 16 33 13 0 -14 0 23 0 -42 -26 29 28 -18 -46 33 -40 16 15 0 -33 -50 -18 7 -26 -13 39 -10 37 37 -9 -31 0 20 0 -1 44 0 -50 -24 -32 0 -40 3 35 -41 0 0 -31 19 -6 49 -2 0 -5 29 -40 -37 50 -44 2 33 -8 -8 -8 6 0 0 -43 -33 19 0 20 -39 8 0 -9 0 14 32 -10 43 0 21 0 27 -34 8 0 -30 -32 0 0 19 0 0 50 36 -8 -37 0 -16 0 11 -16 24 0 -36 17 -4 0 
-19 -9 -50 46 -20 36 0 -7 -29 28 0 -21 -7 14 -39 41 3 0 0 -42 -17 27 7 0 0 -19 -43 16 -30 -20 26 -22 -24 35 7 38 0 0 -36 -13 -5 -29 -39 0 50 0 48 4 47 0 -6 3 0 -31 0 0 15 46 -9 0 -38 13 -29 0 -24 3 26 0 38 -20 -36 0 29 0 7 29 50 -3 33 4 0 -2 40 0 42 0 -2 4 0 -29 -3 0 13 7 21 43 11 0 0 19 0 0 2 0 0 32 47 47 -39 21 18 0 -28 0 0 16 -43 0 0 -36 -33 -37 -47 27 49 34 -43 -47 19 -4 37 0 49 2 0 35 48 0 0 35 -17 5 36 0 19 0 34 0 35 -29 
17 36 0 24 22 21 28 -30 -19 0 44 0 37 0 -14 50 42 44 0 8 -10 -18 0 -40 1 -13 35 35 0 -24 0 12 20 32 -34 21 38 0 27 17 -39 0 0 9 -33 -20 -11 0 0 -18 46 -29 46 -40 27 -6 0 -9 39 9 48 22 0 -50 3 12 30 45 -40 40 -5 0 48 43 42 39 -42 32 0 -8 0 -5 -41 -9 0 34 22 -43 -15 -38 24 -30 24 0 42 0 -8 0 21 0 40 -30 -16 6 -39 -12 0 -34 0 -23 -47 0 42 -40 43 0 0 -31 -9 -44 32 41 -38 0 28 21 43 16 32 0 0 0 24 0 -34 5 37 0 -10 27 -35 34 39 39 35 35 -15 29 21 3 
12 0 47 -37 0 0 19 49 -48 0 0 -50 9 39 0 0 38 -39 0 -8 11 -11 3 26 -43 0 0 -47 -15 16 0 22 49 0 10 -28 -12 1 -38 -43 15 32 12 -42 -43 0 -40 0 42 38 -13 -41 16 38 -15 5 -33 0 9 -36 -13 -33 -27 50 -2 -29 0 -46 0 -24 0 -6 45 -46 0 -49 6 43 -37 50 12 -26 -26 9 28 29 -39 34 28 0 0 49 -40 -6 -30 -23 -41 -49 -22 -8 0 -20 42 -5 42 36 -34 12 0 -29 6 38 0 0 0 0 -49 16 -6 26 -5 -43 -36 -4 36 11 23 0 0 19 35 4 0 15 13 0 -32 0 29 -33 0 6 0 -50 28 4 -12 -38 -5 45 
32 2 -22 0 47 -50 -48 -2 -26 -11 -31 26 15 40 0 -30 14 41 0 10 15 0 0 0 -24 50 32 1 4 38 -48 0 -47 47 -44 0 0 0 -7 8 29 6 -18 -21 27 -28 27 0 -25 0 -26 9 -4 -19 -41 17 -50 -38 48 -13 0 -6 41 -28 0 0 -7 -30 6 -38 -40 38 0 -34 0 40 44 -50 44 30 -18 0 -4 0 -44 0 0 -47 -10 7 -7 -26 -6 0 0 -42 -17 0 -23 0 -13 1 32 -1 -25 22 0 0 -5 35 4 -31 0 -14 -26 2 0 -20 0 0 -13 -33 -21 0 -11 -41 0 0 -21 0 18 23 -1 23 0 10 -22 44 -33 -3 11 -39 -4 -22 30 0 0 12 -12 30 
0 31 0 3 0 -5 0 -14 -26 0 0 0 -40 0 0 34 0 0 12 0 -30 3 -50 18 0 0 -43 0 -23 -41 -34 32 0 0 21 -45 -26 0 -23 16 -14 0 39 0 0 7 39 32 9 28 11 50 0 38 43 -21 -18 13 22 -33 -6 42 -24 19 23 0 -23 -28 14 -46 -8 41 -9 -15 29 23 0 -29 12 1 42 0 6 12 49 -5 23 4 -10 -24 7 30 -45 42 0 12 46 0 -11 0 -37 8 0 -36 -49 11 -5 14 0 -44 28 1 43 -4 16 0 -31 45 0 23 -50 1 3 31 5 -26 28 0 0 33 12 0 -35 0 0 0 0 41 0 41 -34 -31 -25 11 -26 -40 -30 -44 29 -43 
-15 -13 8 -24 41 -32 19 11 32 17 -20 14 35 26 6 -41 -9 -34 0 0 33 0 39 30 10 19 6 34 29 -19 0 0 32 -9 20 0 -3 0 5 4 -36 0 18 -40 -17 -27 31 0 -23 -39 -42 45 0 -48 50 24 7 -29 0 -27 41 -24 38 -43 -2 34 0 0 0 -3 16 -15 -5 35 36 6 -30 24 0 0 16 -33 -14 -27 6 -1 -3 21 0 0 -42 0 -21 -18 50 -9 -38 -33 0 23 8 0 27 18 36 42 0 44 42 7 36 0 -29 -49 -3 -31 -25 -9 46 13 -30 0 5 35 -14 0 -37 28 0 -21 41 0 -27 0 14 0 4 0 0 -48 -4 21 20 -46 29 27 44 0 10 -42 
0 38 -4 -47 -42 -10 -21 0 -22 29 23 -25 0 0 -6 11 21 33 -15 31 38 0 0 0 -32 0 27 0 -1 0 -50 1 -13 -30 0 -1 0 -9 -10 50 -34 -29 -14 39 0 35 22 -42 0 0 0 -28 0 0 -13 0 -26 0 -50 50 -28 19 -43 37 15 0 12 25 0 0 -14 43 -17 0 0 29 -19 29 0 0 -10 30 17 27 6 -29 39 -6 -11 -42 25 0 0 -25 -8 39 -21 -7 42 6 42 50 0 -25 -27 17 20 -45 0 -30 20 27 -5 0 38 8 29 -29 28 0 -3 -36 -38 -18 0 -26 -11 44 40 -5 6 11 0 0 -5 15 -29 -15 -33 0 0 -37 -10 -16 21 -31 34 -40 -4 -45 
-34 6 0 -40 42 -40 -15 8 -4 0 -27 0 -5 -46 -36 -7 -16 24 0 -43 0 -6 0 -38 0 0 -27 47 36 -45 -30 4 -19 -8 12 0 -42 0 0 -17 0 14 0 -19 43 -45 0 16 0 0 0 -37 -30 16 -45 47 -13 -24 3 -2 0 23 -2 15 -12 16 -41 0 -19 21 12 -16 17 -10 0 0 2 -15 0 35 0 -43 -16 45 -26 0 0 48 -47 0 -32 -24 -5 0 0 0 -2 0 -2 -38 -26 -43 -8 18 0 32 -42 0 25 0 -5 0 18 45 -18 -2 1 14 -1 0 0 0 36 -35 -26 6 -25 0 0 10 47 22 -40 0 -46 -39 -33 0 35 30 -2 -41 29 -22 12 0 45 -36 47 0 
0 -30 20 29 36 22 0 -8 10 10 6 15 38 -21 0 0 0 41 0 40 0 -18 -44 -15 0 0 0 20 -26 0 25 -40 3 28 36 0 0 -9 40 26 0 4 15 0 47 -9 43 21 -17 -9 33 -10 38 50 -26 25 39 3 12 -29 0 0 34 0 16 0 0 13 -27 48 0 -17 10 -32 -5 47 0 7 0 0 35 42 5 0 16 22 -4 42 -26 46 -41 6 0 0 0 -27 0 0 -39 0 -38 0 8 0 37 1 27 8 0 44 0 48 24 0 0 44 0 6 -35 0 -48 0 -27 0 -41 0 22 0 31 -18 49 0 -7 3 0 -11 50 7 -20 0 0 48 -49 0 46 20 -46 -7 18 0 
-4 7 0 26 0 0 0 0 12 0 0 0 0 -3 0 27 9 -6 0 -1 -44 -41 14 0 -32 0 -40 -20 44 0 0 12 25 26 0 -44 34 -47 6 49 9 0 0 -15 -4 -44 41 0 0 24 -33 -35 20 23 0 -42 -10 26 30 0 -7 -23 0 12 -41 0 18 -17 -7 24 7 23 0 7 31 0 -25 28 0 -19 49 0 15 -48 0 0 -12 -34 0 0 0 -26 -10 0 3 -24 23 -15 -41 -6 33 -24 31 24 -6 -6 0 -49 -34 0 -49 11 0 0 -27 33 26 -2 19 5 0 0 -13 9 -47 47 0 -13 0 -2 0 -24 -12 -26 3 -12 1 -45 31 -7 30 -13 -39 -4 6 0 -18 -42 0 0 
0 -18 8 -14 7 42 -12 0 -5 -29 17 21 34 0 -24 -27 -43 27 -21 39 20 37 21 -45 -48 -47 26 0 30 0 0 -37 0 -9 -50 -23 43 -21 0 42 0 25 10 -1 41 -2 -38 32 -18 44 0 -24 6 -4 0 48 37 0 45 -46 -30 -28 0 25 0 13 -17 24 16 50 34 0 0 0 0 0 13 8 14 0 0 -40 23 -37 0 0 -3 34 -2 0 47 -14 -42 -36 40 -48 20 -8 -1 38 -42 33 -29 0 0 0 8 16 0 0 9 5 27 6 18 -45 0 -19 -36 22 30 -43 -3 -16 39 30 0 0 4 -43 37 38 17 -13 22 50 -13 0 25 0 32 -24 -41 -2 -38 -18 0 10 -24 -4 
-36 -27 -35 42 7 -5 -17 0 8 -14 10 -21 -50 -46 0 10 41 9 -10 10 0 16 -8 0 -14 -46 12 38 6 -46 0 -8 8 -15 0 0 0 10 -20 -31 1 -6 0 0 16 -39 18 -46 0 36 -42 -5 -47 -46 8 48 37 38 -40 0 6 14 0 0 -19 -27 -7 16 0 48 32 -43 -6 27 41 12 40 -4 -34 49 -20 0 0 -43 0 0 38 -37 -40 -39 20 -8 6 50 0 28 5 38 21 -11 3 41 0 -1 0 -31 -12 10 0 26 -19 0 11 0 0 -21 11 34 26 17 13 0 0 0 37 15 31 40 43 -44 23 0 0 11 -32 40 0 0 45 25 -10 -14 18 0 0 0 5 36 3 21 
23 0 -3 -46 16 -10 46 0 0 0 0 34 39 -21 -44 0 29 21 -3 19 26 0 0 32 -33 24 0 -2 0 14 -32 -11 30 -42 49 -25 0 -50 0 -20 -22 15 -3 47 34 0 0 0 39 -14 -22 4 -13 -37 -19 31 -9 -20 40 -24 -38 -46 -3 0 21 48 24 50 48 0 -32 4 -43 7 2 -18 0 48 -18 -41 -29 14 0 0 -36 13 -14 -9 0 -23 0 -44 0 0 0 0 46 42 -19 17 -47 -19 0 13 0 45 -11 41 0 -6 -35 -42 40 -46 17 -27 0 37 -32 -20 -5 -3 10 0 0 1 0 -39 -25 -38 27 -3 0 2 -24 41 -16 0 -44 -34 -8 -12 -39 0 -2 0 -7 -24 -49 0 
-48 -45 0 29 -25 7 39 -34 26 8 9 -5 -1 48 0 5 0 45 25 0 -34 -2 -37 -43 22 4 37 50 6 -25 -28 -8 23 -1 18 0 -50 13 34 0 -14 5 -39 -32 -47 0 -11 -46 0 -40 18 -41 -46 0 27 1 -31 -36 -5 0 -40 -8 16 -14 12 0 7 34 32 -32 -44 -8 -10 4 50 29 -10 0 -29 -2 0 19 0 -40 30 -2 0 33 0 0 -4 44 -40 -11 -27 -20 -15 23 0 50 0 35 0 0 26 47 7 42 23 3 -18 13 -15 -25 -1 0 26 16 1 0 -12 0 -49 -41 -17 30 49 -7 36 -44 27 -19 4 36 44 -45 32 -6 -13 -2 31 0 49 -19 12 -1 -17 3 -17 38 
-17 -27 19 0 -3 0 -48 46 0 41 -30 -26 -6 0 5 -46 -29 0 0 -6 4 -11 9 40 -41 -37 -24 0 6 2 0 24 0 -30 2 33 -21 -24 -27 2 0 -41 -11 40 0 -29 -33 0 24 0 32 32 0 0 27 0 0 0 0 -6 38 41 -15 43 -16 -17 23 0 -43 4 -8 0 31 6 18 -43 -39 -7 46 -25 0 -15 -47 -36 -33 -48 29 -18 32 0 12 39 23 -21 19 27 -27 23 -45 0 0 17 0 0 35 -21 0 3 3 10 -12 0 16 7 8 50 49 0 46 -42 44 -33 -12 43 -50 0 0 -19 23 -27 0 0 -2 0 -44 -9 -2 2 -16 13 0 -5 -22 0 0 50 -13 15 50 0 
-37 1 31 45 -2 0 -22 49 39 0 -15 38 0 28 0 -30 6 24 11 9 -16 0 -8 24 0 49 0 -27 -10 20 0 -5 -8 44 45 5 38 0 0 41 -33 26 -21 19 6 -10 0 40 2 39 -7 0 -37 -39 48 46 20 29 48 45 0 -9 -5 -17 17 10 0 0 -6 -43 -10 31 48 -32 0 19 0 -41 0 0 0 -22 0 22 45 -11 49 -40 -6 -11 50 -2 -31 15 4 12 -2 0 -21 -43 0 40 0 0 -33 0 26 17 46 22 0 28 50 0 37 12 0 8 -1 46 -24 -24 0 23 12 -25 19 -7 -31 1 -30 50 1 41 0 42 -44 0 -34 -2 37 0 -10 -21 0 -34 -35 0 0 0 
-8 -15 39 -30 0 0 0 11 -38 0 19 0 44 -33 -10 28 0 0 3 0 -27 0 0 4 0 0 0 36 4 -38 44 15 3 -21 21 0 22 -40 26 31 -42 -50 24 0 -1 3 31 -29 -17 28 1 15 14 37 30 -17 0 0 43 -46 -34 -15 35 0 -10 -32 7 0 27 7 4 6 -32 0 49 -31 -35 -39 0 0 -28 -4 4 -15 20 28 0 -29 14 6 14 -27 11 10 0 41 -45 -39 18 -19 -38 0 -3 0 -5 0 9 20 23 -42 0 39 -49 0 48 23 0 0 46 -33 -3 45 18 -16 31 -1 -21 0 0 -25 -14 0 39 -41 -9 27 -35 -29 -18 11 -2 -14 0 17 25 0 27 13 0 -36 
-13 0 -14 38 -25 17 -29 7 0 -14 -20 50 33 -36 4 0 -12 9 0 0 -50 -32 12 18 31 -33 0 0 0 0 44 -45 -19 -3 7 0 38 -42 0 -17 -26 35 -13 31 20 40 0 -21 -48 0 41 45 0 0 -12 44 -1 7 42 0 0 29 36 0 0 -5 31 0 41 2 50 18 0 49 12 11 -5 17 -3 0 0 -11 42 -43 -15 41 -3 0 18 34 -34 34 -4 -12 0 0 -44 36 -11 0 45 0 39 28 4 22 -49 0 -11 40 48 -3 19 -2 -27 -8 -19 -50 9 33 30 29 45 -25 22 36 32 14 0 0 2 36 0 49 0 22 39 -46 -37 -26 11 11 0 1 0 0 29 0 -33 0 
2 28 0 -49 -32 0 25 -25 -20 49 10 -46 4 3 12 5 0 10 -25 0 -35 0 -24 47 25 -12 39 -17 -13 0 24 -4 34 -47 -35 0 9 50 17 -34 0 0 35 4 48 6 35 -49 -7 -22 -50 28 0 0 39 20 44 29 39 -49 40 23 6 29 0 47 0 0 12 -18 29 -43 19 -31 11 -29 8 27 0 27 5 0 0 -45 -48 -12 0 40 0 1 -21 1 -45 -41 0 -27 44 0 31 0 -22 5 -46 0 38 40 0 18 0 4 8 -35 0 -17 0 -50 -22 -44 0 -11 22 -5 -10 -29 -48 -48 -27 21 12 0 41 0 0 0 19 -4 -3 24 41 -30 20 -28 0 32 50 -11 0 -1 34 -48 
-41 -48 44 19 27 0 0 27 46 6 43 0 9 0 -12 4 0 -46 -1 -8 0 0 19 0 0 -19 37 -11 0 15 39 -20 42 0 -9 -10 -20 48 0 24 3 -25 -42 0 0 -3 0 11 -10 0 -4 0 0 -28 -9 24 0 50 -42 6 44 0 -30 -19 2 0 -25 13 40 0 -10 -39 0 -35 -5 8 -1 0 50 0 21 0 0 -12 -6 -15 23 37 -24 0 -40 31 -31 -34 -30 -27 19 -32 -37 24 -34 -1 0 -47 -24 27 -43 41 23 0 3 -45 35 -35 -3 45 32 22 33 41 0 -26 0 -23 -7 15 0 42 0 6 26 0 -32 -6 -4 48 12 47 0 42 0 0 0 45 44 40 -12 3 -19 28 
-32 8 -12 -9 -14 0 44 0 -40 14 29 18 -16 -10 44 1 8 0 34 -28 -34 0 11 -19 0 33 27 48 32 0 0 3 0 0 0 4 0 -25 5 0 30 1 -22 4 0 0 -11 34 36 36 0 6 -23 2 40 -1 -50 -3 32 43 -50 -29 24 29 -15 7 28 8 -4 48 0 -7 -41 -39 17 27 0 7 -20 -11 -3 6 -12 0 -45 -2 -41 -17 -17 3 -23 -46 40 -31 0 -25 10 -28 -21 -19 -5 0 -22 -15 -41 30 27 -5 -19 0 6 -14 29 -46 0 -4 -16 24 13 36 -6 27 -48 -5 -2 -41 0 16 -39 50 48 -12 3 -10 43 0 29 0 0 -42 18 0 20 -19 -44 23 3 37 0 -8 
31 18 0 -1 44 7 -16 27 -46 -48 -3 0 -2 -49 -19 11 -25 -24 -14 0 0 -45 0 17 0 0 2 0 23 0 0 40 45 38 -16 0 -38 0 0 17 0 3 4 -6 10 9 8 0 -29 -4 28 18 33 29 16 -28 -24 33 0 -37 44 12 0 0 0 0 0 14 -34 -18 -29 46 0 0 -3 0 50 -20 0 0 -48 1 0 1 -47 -47 -19 -29 0 0 -33 22 14 46 -23 0 0 0 -43 6 0 0 -37 44 -15 -27 0 -43 0 -24 -43 14 0 0 0 43 -22 38 0 7 40 -3 47 -29 18 20 0 -45 4 -13 45 0 40 0 -45 35 -43 12 -31 0 -29 5 19 -30 0 31 0 12 1 11 
-42 -47 -45 -42 -27 -6 0 -27 0 -48 6 -36 25 0 38 6 29 0 0 13 -19 27 0 3 0 -20 -47 44 0 18 0 -23 18 36 1 -50 3 41 -22 -21 49 43 0 6 -33 49 17 -30 46 -48 14 -38 0 23 0 16 -32 4 -8 50 30 1 0 0 35 0 -19 0 49 -41 -2 -25 0 0 0 27 0 -11 0 0 -37 0 0 9 0 0 43 -48 36 -38 0 22 -40 0 18 35 0 0 48 41 -34 50 0 16 -45 -20 45 0 43 0 -42 17 -18 30 0 24 0 22 42 -39 8 41 35 44 -38 -1 -11 1 -47 46 3 -38 26 -47 0 -42 -19 19 0 13 -33 0 40 0 0 0 -5 0 0 -34 
0 -19 10 9 0 -26 -27 -26 0 -26 0 -9 -19 -27 -15 0 13 15 0 -16 0 43 -29 0 -3 0 -4 5 0 0 21 0 46 32 1 17 8 -8 34 0 13 24 -40 17 45 37 12 15 0 0 -47 -14 2 -2 46 -44 0 0 0 12 -18 42 16 -10 0 35 49 0 -20 -29 0 0 0 -28 0 5 21 -3 -48 -37 -42 -2 0 12 -22 21 -18 43 39 -38 20 0 28 36 32 7 0 0 33 -48 2 -23 0 30 1 0 38 19 -25 0 -2 -48 -14 -17 24 -27 32 18 -37 20 0 43 21 20 -20 0 -43 20 -47 8 -17 -4 0 0 0 -24 22 22 30 11 -42 26 13 -28 -21 49 0 37 0 -14 
0 -7 -35 1 19 0 13 0 -37 -7 0 0 -6 46 0 -7 10 -2 0 6 0 50 34 37 -27 37 0 50 -11 0 0 43 5 31 -31 -29 0 42 0 19 13 0 -5 19 -5 31 17 -25 0 0 9 23 31 0 39 -9 -40 -2 -5 -26 0 0 -33 30 -43 42 0 -40 0 14 19 -15 -22 -4 -11 0 0 6 1 0 -2 0 -43 25 0 47 -42 35 30 -18 0 -34 -4 28 17 -8 25 12 0 -47 -27 -24 -17 20 13 6 0 -24 37 24 -23 -20 0 -30 -32 -28 0 0 6 -37 42 -46 42 -13 37 16 -15 -39 0 -39 -40 2 31 -28 35 13 0 0 -35 0 -36 -6 44 46 -33 6 0 9 -10 39 
0 24 3 13 -8 20 -6 0 0 0 43 44 32 0 0 17 0 -40 39 46 16 0 0 11 32 13 36 -24 4 0 50 -31 -20 9 17 -39 -44 34 -15 14 12 39 -14 11 -43 0 -12 0 47 18 49 20 13 0 -2 41 3 40 -41 -26 -4 6 -14 17 -16 5 15 23 0 0 0 -47 0 4 42 0 0 -12 0 0 0 -43 -28 -2 -22 0 -31 -27 -43 0 2 5 40 38 -9 -47 2 38 11 27 47 48 1 22 -4 34 32 0 -48 0 8 -19 43 37 -39 27 -39 0 50 -37 -49 0 17 32 0 0 -24 -37 13 -20 43 0 18 34 -46 -11 41 0 1 -34 -31 -32 9 14 -44 0 34 10 0 0 
25 0 11 44 12 0 -44 35 -3 -19 25 19 -50 30 -2 -28 -36 20 23 15 4 -22 1 12 -32 -48 9 42 50 32 44 17 22 -49 30 0 0 -46 38 23 17 49 -40 18 4 -39 0 -49 31 0 0 -47 0 46 0 27 35 0 -9 9 0 12 -27 27 45 0 -48 -37 -43 0 -40 -36 22 -15 -43 -45 -12 0 1 9 12 25 -2 0 0 -11 16 -19 -32 -3 0 -16 19 -38 11 26 0 0 44 0 -22 11 0 0 -20 38 15 10 -22 43 20 -15 4 42 13 -2 0 0 -46 -46 0 -35 19 0 12 13 0 0 43 0 32 -20 -10 37 -39 46 -32 46 -41 -35 -47 -26 0 0 31 0 -39 -6 14 38 
21 17 -30 1 -19 26 -44 -37 -12 -41 47 42 49 28 0 -1 11 22 -27 -48 -40 22 -49 44 0 -34 44 -3 40 0 0 0 44 -32 19 -13 -24 8 18 5 -21 37 14 -26 20 -47 -42 0 16 23 -32 10 23 -43 -17 25 -41 42 0 28 -44 49 6 6 -26 16 0 0 0 -36 30 -33 45 20 -15 -48 -6 -45 -47 0 -22 0 -22 0 -47 -14 -32 -29 0 0 26 0 0 9 27 31 0 5 -9 0 38 9 17 -32 28 35 27 0 43 -39 19 30 23 -45 -43 8 -8 0 40 16 -13 32 31 24 0 44 0 0 38 -49 23 -39 -47 -3 0 11 31 -5 0 3 0 -30 0 0 -49 28 -30 24 -49 -48 
0 -9 0 -40 0 -30 -28 23 17 0 -16 0 0 6 -37 31 44 28 6 0 4 -32 -44 0 -2 -17 0 0 -34 -37 -27 -48 0 -10 -39 -34 -38 34 -46 10 -2 5 -35 1 0 11 40 16 39 19 33 -40 -35 -27 17 2 0 0 34 29 0 -5 -1 -29 0 22 0 0 0 13 -2 -48 -11 28 41 -12 -15 -2 -47 0 21 47 0 -11 -14 -19 -27 29 0 0 -11 0 35 0 -34 -12 -42 6 -40 48 -44 -19 -31 42 0 38 -40 0 0 0 1 13 0 0 30 29 41 -3 23 -1 -38 -23 -6 0 0 -18 -14 38 0 -6 19 -33 10 -9 0 0 -36 0 -39 15 0 17 0 -7 -20 0 -33 47 0 -24 
37 33 0 -30 0 -1 31 -34 50 -43 -9 -38 32 -42 -7 26 0 39 -15 21 0 -39 1 -49 -45 26 12 -25 -36 30 -38 0 18 -33 23 0 -15 33 -29 27 6 16 -14 11 0 4 0 24 34 -6 19 0 -40 -39 12 -44 0 -2 22 -39 0 23 -3 39 0 -4 -12 -3 38 -14 0 29 49 0 -3 0 23 -41 -19 43 -18 -42 -31 16 -32 -27 37 18 -1 -24 -44 3 -33 -2 -3 46 9 30 -48 31 0 -4 0 13 -34 39 0 26 -13 -49 0 16 31 26 -37 46 0 48 11 0 0 0 -19 32 -44 -13 -4 23 33 9 29 47 -37 45 0 -33 44 17 3 -34 18 32 29 0 0 0 47 27 -40 7 
-34 11 -26 0 -15 -18 21 18 -15 0 -4 -18 42 -32 30 -49 16 -2 13 23 34 37 27 0 41 -15 35 37 -35 0 23 -36 0 0 0 43 44 -9 0 22 -8 -11 4 0 16 -35 0 0 -44 34 0 0 0 38 -15 45 -31 4 -43 34 -47 4 21 -6 48 42 -34 34 -37 -9 33 -18 -40 -29 0 40 37 -17 -29 -48 43 35 -27 -19 -29 29 18 0 8 -17 48 0 48 0 -19 0 -37 -30 -29 -31 0 0 -18 -46 0 35 29 0 -38 -35 7 -30 -9 -10 -44 0 22 17 0 44 1 -7 0 -18 14 45 -37 27 -16 33 42 -45 0 -26 0 34 12 -24 1 0 10 -46 7 -14 0 20 0 43 0 0 
0 0 0 -9 -35 -21 0 -29 15 30 39 4 0 -26 6 -25 24 -3 6 46 0 -8 7 41 -39 -28 -14 -36 49 0 37 -31 3 13 -13 31 34 45 -13 8 -2 -45 25 0 14 -41 39 21 -16 41 -2 0 -13 -11 -37 -34 19 0 -15 28 -10 -10 0 -11 -47 -26 0 -2 -40 0 0 32 -6 14 18 0 -24 -17 0 36 39 30 -43 -32 0 0 -1 8 40 47 -24 -42 31 0 -47 21 0 -45 -31 0 -18 0 -23 0 0 6 0 -36 26 0 0 0 -40 0 32 -8 0 0 32 -38 0 25 0 0 -22 -18 -6 32 3 -38 2 -26 0 11 0 0 -34 0 0 44 18 0 0 -31 0 0 18 41 -46 0 
1 0 34 17 33 18 -49 44 -18 18 41 -39 38 42 0 17 -8 -22 -25 0 22 0 0 0 50 0 50 0 -47 0 5 14 31 6 5 50 -16 43 -6 -36 0 -28 -9 23 0 20 32 -28 -39 -50 34 0 -7 -18 -44 0 -6 -29 -38 0 7 -24 0 -42 0 46 0 0 -39 -23 0 0 -11 6 34 1 0 3 0 -38 -38 -18 0 -3 0 0 -24 -17 47 -19 -41 36 2 0 2 1 48 -5 0 4 -30 0 0 24 18 0 -5 -37 -36 44 17 -20 46 45 -25 0 16 35 -34 27 39 12 0 0 -34 -16 0 -29 -46 -27 30 50 -50 -16 0 -35 -23 0 -32 -38 -15 0 0 -35 -18 37 44 0 -27 23 
-6 35 0 0 0 0 0 0 24 24 42 0 -24 -29 8 -26 -37 48 0 -41 -19 0 -9 33 -38 -36 -38 21 50 28 0 0 18 30 49 0 -34 -8 -20 0 31 0 -12 18 27 -18 0 -25 0 6 0 0 -42 0 14 41 49 -3 24 0 -7 7 -42 25 -32 -41 0 47 20 0 -4 12 50 14 -34 -21 -40 -23 -33 0 20 0 2 0 26 -11 -44 48 -24 -41 34 -49 34 9 22 27 31 0 4 -40 -1 1 43 21 37 0 -8 -28 30 -24 49 -45 35 -42 -34 30 9 46 0 -19 -16 35 19 0 -22 0 0 0 0 -24 9 -40 0 0 -18 22 -47 -34 42 -45 49 0 -26 -7 1 39 -16 -32 1 -4 
-12 48 -16 0 -24 -7 16 0 -6 0 22 0 -29 11 46 3 12 46 0 -25 -12 -20 -7 -7 -31 0 -41 -38 6 0 0 38 0 17 15 -46 -47 35 -31 0 21 -38 -20 -50 -18 27 -13 30 0 0 0 -21 23 0 -10 0 -2 0 -30 49 -26 30 0 0 -24 6 -26 -14 -8 -44 44 39 -2 -27 34 1 31 -46 22 22 0 -34 5 -16 0 0 3 0 -42 36 -49 -21 29 -37 -44 0 -31 50 -41 -29 34 11 -31 0 0 -14 -21 -3 -47 38 25 17 13 0 0 -42 -16 -7 4 0 47 0 5 19 0 0 0 -10 0 -23 7 1 4 23 0 0 -26 0 27 0 49 34 -47 -10 30 18 0 -48 40 4 
-40 0 2 -39 37 33 50 5 -45 -34 13 -4 -44 -5 -43 11 0 8 -37 15 0 0 -26 0 0 20 0 -50 -43 -41 0 0 26 -8 -28 -25 39 -24 -40 -5 27 -16 35 31 33 0 -24 -41 13 -3 -17 4 34 0 -10 24 0 13 24 -40 -6 -45 -21 0 -5 0 -10 -42 6 0 -40 23 -31 11 -4 -45 -31 40 14 -40 28 -4 40 19 0 35 -33 48 31 2 34 29 -25 0 0 41 -30 0 49 -6 39 0 39 36 9 -5 0 0 0 19 0 25 -9 -12 2 0 0 27 0 0 -3 -26 33 0 -23 -28 13 -26 27 32 5 18 -7 0 19 -20 -7 38 2 -1 0 -4 20 0 -20 -43 35 -18 -35 16 
24 -29 0 0 -49 -38 0 49 18 0 -41 -37 -16 26 0 49 0 -20 0 -33 5 28 -25 -21 -31 49 0 -23 48 -48 0 8 13 -13 0 13 4 -20 -19 23 0 3 3 0 27 0 0 -4 -27 24 23 43 20 1 0 0 -5 7 0 -6 0 42 -18 -25 0 0 0 -36 50 0 -11 -21 15 10 -12 -41 -34 -31 46 0 36 28 38 -38 9 0 -2 0 0 0 9 -37 0 20 -48 10 -38 6 -36 42 -25 8 16 -41 39 1 -7 3 0 0 -8 0 -3 -17 -50 38 0 0 -6 -17 0 16 -13 -32 -8 0 29 -48 12 48 0 40 2 16 0 -27 -46 -4 -2 -1 30 13 35 3 12 -18 27 38 -24 30 
0 1 -45 31 26 -32 12 0 6 -32 -27 0 16 -24 -29 0 0 -33 -23 47 34 22 19 23 45 0 26 0 0 -50 0 -47 47 -38 -49 0 35 -41 32 28 39 0 5 27 -39 0 33 -41 0 0 15 -30 -3 5 0 0 29 21 42 -30 0 0 50 -8 0 0 3 40 0 0 -27 19 4 0 0 0 -30 0 -23 18 32 17 -9 11 27 -34 -3 -19 -47 2 22 -44 0 -48 24 3 -21 28 37 0 -50 30 -49 -31 -37 0 -1 0 16 0 0 -50 37 46 -37 -12 26 -33 -34 -33 0 2 31 0 7 -37 27 0 0 -30 -1 0 -26 0 13 15 50 0 4 -31 -50 -18 33 -46 0 49 28 0 0 5 
-21 16 0 -23 0 0 0 -48 -47 6 29 -23 17 0 25 0 28 0 -6 28 50 -50 -26 22 32 0 21 28 -10 0 -42 -50 0 -40 -45 18 -4 -30 -40 -33 5 0 0 4 46 -13 1 28 13 -23 0 14 0 0 45 0 -40 43 0 -23 -42 12 -9 39 0 -27 -24 -48 28 0 -20 27 12 41 0 -27 -27 -25 0 35 7 -8 -47 26 31 -12 46 0 21 1 27 0 41 10 3 -12 38 -42 -33 -25 -13 -46 -26 0 3 -35 -22 0 -4 -16 33 28 -13 47 -38 16 -9 -3 50 -19 0 9 12 34 0 -27 -32 -35 30 -31 -49 1 -12 43 30 31 0 6 -22 -40 0 0 -41 0 0 21 28 0 0 0 
32 23 -20 -26 8 -27 38 0 0 8 0 0 29 6 24 0 0 -1 44 9 41 21 -14 -17 -48 21 3 19 -27 0 50 2 37 -50 18 0 -31 28 -34 -46 0 27 0 36 0 0 0 0 0 -35 50 18 50 -15 35 8 -37 11 -8 -41 -17 46 -38 -21 -2 0 23 20 5 46 -15 -27 -2 -45 -44 44 19 10 0 0 0 25 2 0 0 -42 9 -37 0 48 31 -31 -30 -38 -21 38 21 0 -32 27 -24 0 31 8 12 25 -7 -25 -18 -47 -38 1 8 37 23 4 -34 -16 -47 0 -19 0 0 0 31 50 26 0 0 -24 26 43 0 0 21 32 12 41 25 18 39 0 12 -26 0 -27 0 37 2 47 
-6 0 -39 0 -27 21 -2 11 42 25 -38 -31 0 1 38 -12 35 0 -41 0 -48 -23 40 -39 18 0 41 -43 0 -3 3 15 1 -3 41 0 -28 -46 0 -21 0 -10 -42 0 28 17 23 16 16 24 6 -22 -46 0 -31 -38 50 0 0 -49 0 0 -33 -7 0 0 -15 -8 38 42 23 23 0 -39 36 0 -32 -28 0 0 0 12 38 0 5 6 30 -30 -45 -5 0 50 0 6 28 -42 0 32 8 0 -33 -2 30 0 -48 24 0 -8 0 -22 16 0 1 42 0 -2 43 4 27 0 36 0 22 2 10 11 31 39 0 0 0 0 1 -49 2 -19 -20 0 0 2 44 0 47 45 4 0 23 -43 -12 -30 
0 0 -41 31 -32 -27 -44 -22 -19 17 -1 45 -12 0 0 0 31 -15 49 -22 -36 0 0 -14 0 -33 13 0 0 0 42 -35 3 0 4 0 -19 -49 -12 -45 0 0 -42 -39 25 0 24 -31 -15 5 -14 -30 -21 -16 0 -47 -44 0 21 -22 -23 -11 0 42 -2 -39 -41 -1 21 -19 0 -45 -21 18 -11 31 -37 -21 -43 48 33 0 11 44 -9 -40 -48 -29 -31 0 4 -41 49 -36 37 -33 -32 8 0 -47 -41 -6 -46 -13 -13 24 0 43 0 37 0 -36 0 0 -13 -47 -41 -16 0 29 19 7 16 0 0 -41 -8 18 26 48 23 31 0 9 31 -11 3 -29 36 8 -9 -9 0 -10 0 -25 0 0 18 21 
43 12 42 10 0 0 -30 42 35 -46 48 13 -40 -11 0 -42 46 0 17 2 0 0 -5 7 0 16 0 3 0 -23 17 48 38 -48 -41 7 -39 0 9 1 -45 45 0 24 42 -11 31 -1 2 -14 -29 43 -31 0 32 0 2 19 0 -8 0 0 23 6 -38 0 -6 38 -11 17 50 0 -43 -19 0 0 24 -19 6 41 -48 -47 27 0 0 48 31 -31 0 4 -40 -29 -6 42 0 -25 27 0 -47 0 34 -46 0 -5 27 22 -14 0 -3 -18 40 27 -36 15 -40 24 -45 -31 -28 35 0 0 16 0 -22 5 27 -34 -11 14 0 42 0 18 -10 0 -25 28 30 6 20 0 -8 -46 -18 18 6 -27 1 -41 
45 0 -1 16 -7 -47 -48 0 -8 -11 0 8 0 0 -6 -20 34 0 40 15 45 0 12 0 -14 14 0 -38 13 11 44 7 0 0 0 41 8 1 -50 -36 -23 27 -28 0 10 0 -45 40 0 -24 -25 11 0 -47 0 -28 33 0 40 0 -13 -37 8 42 -26 -38 33 -42 3 -47 0 0 0 -38 45 -22 -34 -5 0 -34 2 -27 47 -22 38 -44 0 0 -18 -30 -1 34 39 -25 -50 -13 -24 -33 -41 34 42 0 0 0 0 13 0 -15 26 5 31 0 -30 -1 18 32 0 15 0 42 0 0 39 21 -6 -5 4 -28 0 -40 42 -10 -43 0 -7 -49 28 -6 4 -19 10 0 -1 -30 33 26 27 -13 26 29 
33 0 27 -31 -17 -41 -43 16 -22 21 0 0 -28 -1 0 -32 -9 0 -29 0 0 0 31 -26 -21 42 29 0 -4 50 23 32 0 43 0 -47 -36 0 -46 13 -21 -26 0 0 -26 -41 0 -45 26 0 22 -20 -10 0 -31 -2 -8 0 -30 -20 1 8 0 50 -43 0 -24 33 41 -19 35 17 40 0 0 5 -1 0 0 50 -23 -24 48 11 9 -19 -4 0 0 0 1 11 0 8 30 -46 0 -2 -6 -46 0 -37 20 9 39 6 0 -29 -3 49 -50 -35 0 37 -28 -41 47 0 -42 43 7 22 -34 -4 -40 31 -14 0 -31 1 0 32 -41 -37 0 0 28 0 0 31 -37 -21 0 4 34 -24 -25 49 32 13 
-13 21 -28 0 29 -10 -34 25 0 11 -48 19 -21 0 0 0 0 22 -20 -14 20 0 -27 17 27 -4 1 -5 -16 22 -15 34 0 -50 12 10 24 0 -47 0 -3 -23 0 -37 -29 -30 -18 -47 11 -15 -25 -24 -11 -24 -9 -29 -8 2 -16 42 32 0 27 0 -8 8 31 -29 0 0 0 0 0 -3 39 -46 0 -22 -37 0 0 -17 1 0 17 -31 0 -18 -23 0 43 -31 39 16 -49 -26 31 30 -46 0 0 20 -14 -26 44 0 -29 25 -21 -21 -11 30 28 -47 -4 0 0 26 -42 -37 29 46 44 0 -29 -11 25 48 30 44 7 39 14 13 47 41 49 10 16 8 -3 8 46 20 -30 50 -49 0 0 0 
0 0 -3 6 16 19 -29 0 -48 18 0 0 8 0 0 0 47 41 22 0 38 -42 0 0 0 -16 -3 0 -26 43 21 12 -15 -18 -43 0 -41 -36 45 0 27 0 -19 -24 0 29 39 8 31 14 43 0 -24 -22 -33 -3 -8 0 6 -5 -1 -36 18 -25 18 0 24 0 -1 13 0 0 0 0 28 0 -47 -15 44 16 30 20 22 0 -32 42 13 -46 0 24 21 0 36 -41 -31 0 8 0 -13 -5 0 9 -26 25 0 2 -36 -39 0 27 0 28 -39 -38 45 0 -47 49 43 0 31 0 38 41 15 46 0 -39 1 -47 0 -48 40 4 46 -41 -29 36 0 -48 0 -9 -25 -16 21 0 -24 32 0 0 
-27 0 3 -27 -45 0 4 0 10 0 -5 0 18 0 -13 -22 38 -43 23 -15 5 42 0 38 0 48 -21 -10 -2 13 0 -8 -50 0 25 48 46 0 -16 0 33 1 -17 -42 -17 0 47 -46 -49 -8 29 0 0 0 10 21 6 0 -39 42 -25 -49 36 -27 0 37 -6 0 0 0 26 35 -33 -5 4 38 -24 -41 -15 -45 1 13 -4 -20 28 0 -34 0 0 18 37 0 9 39 -37 3 12 -48 -13 27 0 39 44 0 -2 7 0 -22 0 -28 -11 -4 0 -5 21 -47 -40 0 0 0 -27 44 0 0 31 8 -44 25 0 13 0 0 -6 28 0 0 -8 32 -42 9 37 29 0 -23 0 -42 0 41 -45 -47 
0 45 -24 -26 49 5 0 34 -43 0 31 37 -20 0 38 0 20 26 0 0 1 20 0 0 -17 0 -18 -23 -5 50 -20 -7 10 -24 36 -29 19 -28 20 -37 39 -19 48 0 0 8 32 40 40 6 0 7 0 9 0 0 0 32 -12 36 22 11 42 17 32 1 -6 0 -31 45 47 -21 0 0 22 40 27 30 -27 -20 0 6 34 38 35 38 39 35 6 0 0 -14 -5 1 0 -35 25 24 24 22 13 6 0 2 7 -14 29 -4 0 0 0 -24 0 -28 43 5 22 0 0 35 2 0 -29 -40 0 -12 -33 -44 -9 0 0 -5 48 18 0 -33 42 -8 -16 0 -13 0 11 1 -2 50 0 0 26 36 
-42 27 -11 -45 0 -34 26 6 10 0 9 0 0 0 20 -44 27 0 24 0 -44 45 -7 19 23 0 26 16 -6 0 0 -32 18 -45 0 0 0 28 -24 15 -12 20 0 0 -26 0 -24 -36 0 0 25 0 44 -40 0 0 0 47 0 -34 0 -5 0 20 -42 27 0 8 -12 -11 7 0 26 9 -49 0 -43 27 0 45 38 0 32 15 27 -40 0 29 0 -5 -8 -21 0 -7 -1 -22 -7 0 0 -14 0 0 -29 -36 0 29 -44 9 -1 0 -4 -36 -35 -11 -50 47 0 0 22 -10 0 -36 21 20 41 24 40 0 -12 14 42 -28 31 0 -19 -11 -11 -32 0 25 30 -36 0 0 0 0 -50 37 -39 0 
-42 0 0 0 -20 37 -23 30 -12 -37 0 30 -12 -13 29 -16 49 -10 -29 29 0 0 -45 -9 -31 32 -24 -47 -3 8 18 43 -32 27 31 0 6 -22 6 0 0 -6 48 35 0 13 42 0 -48 -47 0 0 33 1 -17 -34 -43 47 -34 12 0 14 44 -45 0 8 -49 16 10 41 42 3 17 20 0 18 41 -5 -43 0 19 -24 0 10 0 0 26 0 -36 -37 -28 -3 0 3 0 0 -25 -8 43 0 -15 -29 25 -39 -22 -4 9 -30 -47 -28 0 -14 37 -31 0 23 27 31 27 17 -21 13 -39 0 0 1 9 0 -6 -1 -34 0 -38 1 24 -27 18 39 -44 0 -3 -17 22 0 -11 -16 0 -41 -22 45 
7 35 2 -7 -15 0 0 11 -42 0 0 19 -15 11 0 -3 -40 19 7 -36 45 -12 42 22 -7 37 26 -4 -19 -3 -19 0 0 21 7 21 41 0 10 -4 40 -32 50 1 -16 -15 0 47 -32 -14 23 -14 -24 -14 -20 17 -33 -39 0 0 -5 0 42 0 25 0 -34 0 0 0 23 3 46 23 -11 0 23 -19 0 43 -25 37 -48 -22 43 0 -13 -38 26 -36 30 -47 0 0 16 -4 -18 0 0 -3 26 -3 -21 0 0 0 -1 -47 20 -33 0 -30 -24 0 33 -47 -9 23 -13 38 0 38 41 -42 33 48 -19 43 0 -32 -41 -26 0 17 0 -14 -31 -3 0 -6 0 33 42 6 -19 -49 21 -16 0 -34 
40 37 36 24 44 36 39 19 0 0 -7 11 -13 -20 -18 -32 -50 -5 -7 -31 -30 -36 31 -25 0 12 15 37 -30 41 30 0 -47 -33 0 29 33 8 20 -23 0 -12 31 29 -13 -24 -12 0 -5 12 0 6 43 38 -6 -35 19 21 -23 -29 35 -44 7 -30 0 44 0 0 26 -6 3 10 22 -42 40 4 0 0 -24 0 0 24 0 43 -39 0 -49 -35 0 44 -24 38 19 0 0 -16 -47 -22 37 -18 5 49 -21 27 -28 0 0 -28 -33 -48 0 39 -45 0 -16 22 34 0 0 34 -16 50 -50 2 -19 42 -34 44 -4 18 0 -6 0 -16 11 6 -28 -34 41 32 0 0 0 -27 45 11 -9 24 35 0 
24 -43 30 -22 -16 45 -12 0 0 0 -21 -39 -22 -42 0 -48 -43 0 0 -21 0 4 -39 0 -7 30 25 0 -6 1 0 2 1 -13 -20 0 -11 -18 -10 -49 0 -13 47 0 -16 0 28 0 0 14 11 28 25 15 -43 36 0 18 -47 6 4 28 36 20 -5 0 -49 9 -19 -35 -18 -12 0 0 48 8 3 6 -43 -42 -2 -23 8 20 19 1 0 7 0 17 49 25 0 -8 0 33 -38 16 0 40 31 -50 -11 0 -11 0 -4 0 0 0 30 47 38 36 15 0 -39 -47 -36 39 0 36 -9 25 0 0 32 25 -29 0 4 27 -5 45 -18 49 37 0 31 -23 0 7 0 -11 -34 0 0 0 40 -26 
-2 -30 -39 2 45 15 -38 18 47 -16 16 0 -8 31 -40 0 44 0 0 -49 14 -5 -7 -12 25 0 -2 0 0 0 -17 -26 22 -3 -49 41 28 -31 19 36 0 0 0 -25 -29 -50 -13 -38 0 -4 28 0 -30 44 0 2 20 0 0 38 -31 1 0 27 0 48 11 5 0 -42 13 0 28 39 -3 -35 -45 -14 14 17 -48 -20 -19 -15 30 13 16 -30 0 -20 -45 17 25 0 -50 28 1 0 -36 27 0 -35 30 28 -4 -24 -36 -14 -30 39 47 0 0 0 2 -35 -1 0 -30 -19 44 -22 -16 31 18 23 -18 -45 -6 12 0 -32 0 0 0 0 -13 -44 27 -50 -26 -32 -49 0 -50 -17 22 0 -1 2 
50 -23 0 -2 3 -10 0 0 11 42 0 0 -8 -47 43 40 -19 28 40 0 0 -24 -40 -6 0 8 -14 38 24 20 0 4 38 -48 -48 -7 0 0 -12 -9 6 0 0 -7 24 -5 11 -12 1 -18 35 44 0 33 -44 -34 -39 -28 42 0 0 43 -29 -5 18 24 0 27 11 40 -15 16 50 -49 19 0 35 29 0 -18 -14 0 43 4 23 0 31 -9 -40 46 35 13 -9 -3 37 -13 8 1 0 -36 -30 0 28 -39 0 0 -35 37 -24 -45 38 0 0 36 -27 -6 0 7 41 21 25 -19 0 -3 -25 0 0 43 -39 0 0 -1 42 24 -47 -34 0 0 0 -47 20 47 -13 4 -14 0 -37 -33 -11 -45 
-11 -27 0 27 -47 0 33 34 0 0 0 -20 14 -10 -26 33 -1 -44 -24 0 -27 -35 0 -44 46 7 40 10 0 22 33 48 -35 0 -50 0 0 0 30 0 -5 0 23 13 0 0 -7 -22 23 -33 16 5 0 0 -25 0 8 0 -40 0 -14 -4 -49 0 45 0 0 6 0 -46 -25 7 0 0 -2 -17 -35 -46 0 30 -17 -30 37 42 -45 0 26 -10 0 45 -42 0 -12 -17 46 47 37 42 0 15 -1 37 -47 -38 -5 -28 -11 -31 0 0 36 0 36 0 18 3 3 0 -43 0 -27 -12 39 0 -11 -20 -25 1 0 0 0 0 0 -36 45 -49 -10 0 0 -34 0 4 -41 0 0 0 7 -13 -21 -7 
-39 8 27 -42 -6 0 0 20 0 17 -1 47 34 49 0 0 19 -37 42 0 0 0 32 -47 0 31 31 -4 0 0 -22 0 0 -38 24 6 0 -27 0 0 47 0 -37 2 -38 -36 0 -33 26 -43 0 -11 -13 -26 -20 0 0 0 43 0 -26 16 -3 38 -18 0 -27 18 0 17 -1 8 37 48 -27 0 -3 0 0 0 24 -32 -39 13 -43 30 -37 -44 32 -25 -34 0 2 -50 -37 -38 23 0 -13 -40 18 -28 -4 45 21 43 -50 0 33 -16 15 2 -27 18 -40 27 0 -48 -49 0 45 0 -12 0 -40 11 9 -3 0 -37 -42 0 -23 29 -30 -20 -5 -30 -34 -31 -45 14 -11 38 42 -41 29 7 43 -41 
-5 38 -23 0 0 -26 -48 0 -20 -33 0 0 -23 38 -11 -43 33 21 0 -33 -40 44 15 9 -19 34 0 -1 0 45 -25 35 49 0 11 0 34 27 50 35 0 0 -39 31 0 14 -43 13 -12 27 27 0 0 0 -10 0 -9 16 0 0 2 0 -31 8 -2 44 33 -45 -21 -27 0 50 12 23 -8 -50 45 -4 43 24 -27 -28 27 -2 8 29 46 0 -8 0 30 -42 0 38 -12 16 4 -2 -47 24 32 -41 0 0 -47 5 47 23 -47 22 0 -35 -6 3 27 28 -39 -16 0 -27 -14 0 0 -12 0 -45 47 37 -21 4 6 0 0 0 41 -12 23 -23 39 0 0 6 -9 0 37 0 11 21 -50 -13 
0 0 -14 0 31 15 -22 -31 34 0 0 -27 33 0 42 0 16 8 -37 0 0 33 0 -47 32 -31 0 47 -48 37 46 0 16 -37 -4 11 0 38 0 31 30 0 -21 -7 19 -18 19 8 -24 -43 -33 0 -43 0 -11 -28 0 -43 0 -49 0 -31 -25 29 1 0 26 0 11 0 26 49 0 0 -19 -22 32 -16 -22 0 32 0 -39 0 -8 41 0 22 0 16 9 -16 0 0 26 -9 -34 43 -41 -45 0 47 0 -47 -40 22 0 27 -9 34 -39 -1 0 3 0 -39 -18 5 33 -26 24 46 -24 -16 8 0 -17 0 27 0 30 26 9 27 0 -7 15 49 -35 0 30 -13 -26 0 3 0 0 2 2 -12 
-43 0 0 0 0 -39 -50 0 25 43 -25 -16 0 -46 50 14 28 40 -42 -48 23 0 0 0 0 22 0 -25 -12 5 0 -30 15 -41 0 -29 -49 12 15 -35 47 -36 0 -47 0 -33 -16 0 33 25 -29 0 41 25 13 8 14 0 -31 16 -20 45 -9 -29 14 6 -2 -19 34 37 16 0 8 0 -50 -44 22 24 38 22 18 0 0 0 0 -3 48 17 0 35 46 -7 27 0 -33 -3 -16 4 -16 -31 15 0 26 49 0 0 0 31 23 0 -47 0 7 0 -48 -16 5 30 0 -32 3 -26 0 30 0 -15 31 -46 0 -14 -17 0 0 8 0 -38 48 -23 -44 45 -24 -33 -37 0 23 0 0 16 0 -39 
-50 -41 45 0 -28 -32 21 -47 0 -42 0 0 -44 -47 -23 0 -14 -27 -1 33 28 -30 0 11 -42 -50 -33 0 -7 44 -4 -35 -9 0 0 -2 10 -27 -3 -38 -19 -40 0 25 -10 19 13 0 48 29 -29 46 47 -21 20 -37 32 0 -9 -6 0 0 46 28 -1 -35 19 -36 26 -32 1 46 -1 46 9 0 33 13 0 42 -37 6 50 -46 40 23 11 0 32 -34 0 4 0 -6 -34 50 -47 27 0 -28 0 -42 -42 43 0 0 22 27 -13 0 -36 -30 41 -43 -49 0 33 0 -28 -30 -33 -3 -22 6 46 0 -19 0 30 45 0 0 32 -43 15 -16 23 -17 -27 20 44 3 31 -33 19 44 11 0 47 15 
0 -30 -19 -39 29 -20 41 0 -34 9 -2 0 -43 -9 39 -23 -40 -20 44 41 36 -35 -42 -40 -19 25 29 43 0 17 -23 38 -16 9 -24 0 -45 13 -8 7 17 -16 3 -20 3 0 23 45 -3 40 -15 0 37 0 0 38 -10 -36 -44 26 0 23 13 0 0 0 5 22 17 -20 0 -42 46 -33 33 -11 41 36 7 -39 20 -37 -37 -46 16 -1 0 44 -38 27 -19 0 0 -17 -33 -19 0 0 29 35 42 43 -37 0 0 35 -10 17 38 34 39 -19 21 0 0 -27 -26 -32 -30 -21 31 -43 34 17 30 0 6 0 44 21 -25 -15 -37 -4 0 36 0 2 -21 -37 -37 16 18 29 -41 -31 0 40 -33 -22 
0 25 49 0 5 -37 0 34 -15 0 49 -20 0 -21 33 0 -18 7 -48 -27 -46 47 31 -34 -43 0 3 -19 -8 0 -8 29 49 -36 45 0 38 0 -12 26 -49 -39 23 0 0 12 -10 27 38 -41 39 35 0 41 28 -11 43 -33 32 -5 -13 -50 -30 -3 0 -48 0 30 13 -5 -12 44 -24 -3 30 22 0 -6 40 8 0 42 -49 0 -13 -38 0 1 0 39 -16 47 -3 0 0 0 -19 36 19 0 0 7 29 31 -27 2 0 -21 0 -16 0 44 25 -27 45 -14 24 3 -33 31 0 0 -31 0 0 0 0 -10 -38 -27 -6 34 -21 0 -31 -28 0 0 21 13 23 -23 0 -6 -8 0 0 -27 31 16 
-15 0 -16 17 0 -46 47 0 0 -24 -3 34 -14 0 0 0 0 0 -4 44 44 0 0 -1 -22 32 35 -29 -33 -50 33 7 40 40 41 4 0 23 -38 -38 -4 4 -8 -12 34 0 34 13 4 44 -41 45 31 0 1 0 0 -37 41 -43 -33 1 0 -36 0 0 0 -43 0 -3 0 -33 -24 45 29 -5 -26 27 -3 41 43 -46 0 -35 32 -23 0 -7 25 12 35 0 -26 16 2 9 0 0 7 0 0 22 46 0 44 0 -36 13 38 50 36 -22 -19 -12 0 0 46 -26 -3 -43 0 -30 -23 -34 48 -45 0 19 -12 20 41 0 0 0 -33 0 -40 -28 42 46 24 27 -35 50 8 -47 45 0 50 -24 
0 34 -44 -2 -16 5 44 3 22 0 -37 0 0 39 0 0 14 -34 0 -38 0 -9 0 25 21 0 0 -6 25 -28 0 -9 -30 0 20 -41 -16 -39 -10 -47 2 44 12 0 11 35 0 -24 -22 -36 0 -27 26 0 30 49 21 -47 -38 -36 -21 3 5 -38 36 -27 -13 -3 0 10 -49 -12 0 18 45 -10 0 -48 47 35 21 42 17 19 31 -6 -19 0 0 0 19 5 33 -13 31 12 0 22 16 16 39 -34 44 38 0 -29 21 -39 41 -50 -9 -16 0 39 -12 0 -24 0 -22 34 -31 -23 39 -48 0 -9 -4 48 0 0 38 0 22 -29 -34 0 0 19 0 -14 -27 29 15 -38 0 4 41 -37 0 -27 
2 -17 -10 4 0 -18 0 0 35 0 17 -44 25 11 -45 -25 -50 5 -42 -45 -17 -20 -16 41 -10 -14 0 -42 -23 25 22 15 -14 0 -20 24 -2 2 34 0 48 0 -42 -3 0 46 0 -38 0 0 0 0 0 15 6 -24 0 27 0 -4 0 31 35 -18 -35 0 9 -16 0 0 -41 43 23 -16 -25 -29 -23 -5 -29 44 20 -13 32 0 24 0 32 -18 0 0 0 19 0 -32 0 34 0 2 0 0 21 -4 0 41 0 -40 20 0 -42 2 25 31 -3 0 0 -12 -16 30 6 17 0 -34 -48 45 46 0 12 9 -34 -27 -8 -45 -8 -1 0 0 -43 0 0 0 -38 0 -2 0 0 34 -18 32 -47 31 
12 8 0 -26 -43 -16 28 0 -15 -44 43 0 0 -17 0 35 2 1 47 1 18 22 32 -22 0 0 9 0 -33 23 -14 0 50 -26 7 -18 7 39 0 2 -46 0 -42 18 38 -10 0 -16 0 0 3 -11 0 19 -27 -26 27 49 28 36 -11 5 -14 0 -26 -41 -47 39 37 0 -17 -50 12 31 22 -48 -7 -2 18 -38 -20 37 0 12 0 0 -44 14 -22 -34 -22 0 -23 -8 7 0 31 10 0 -22 -6 -40 -29 15 31 0 41 0 33 -19 0 18 -25 -11 -40 0 8 0 46 30 0 48 0 46 0 15 0 0 -27 -35 37 -5 46 0 33 39 23 0 50 0 37 44 0 -34 23 6 0 0 16 0 
46 0 36 39 -15 40 -18 7 10 -32 28 0 0 37 0 19 9 29 -46 40 49 -27 -22 50 29 0 22 30 -21 0 0 -9 0 0 27 48 25 0 44 27 -49 -47 0 0 -42 0 0 -9 0 33 -28 0 0 0 0 6 -34 34 21 11 -41 -26 0 -26 6 0 47 30 15 1 30 0 -25 -1 36 -48 15 -41 20 -1 0 16 0 13 44 -18 -13 45 -18 -16 0 0 -28 0 -37 -27 50 11 -41 5 -5 31 -11 46 8 -12 24 1 48 42 0 23 0 -20 11 -45 0 -15 0 0 0 -45 -9 0 15 0 0 35 -47 17 0 -41 -43 -4 0 0 -12 28 0 9 0 38 0 -18 0 25 -37 0 33 47 
0 -45 0 23 48 23 0 7 0 -40 -27 42 0 -9 -38 -10 0 -45 -8 -35 19 20 0 9 -35 0 0 -43 0 22 0 0 19 16 0 -45 0 0 0 8 -50 -17 30 0 7 20 39 -32 -39 6 37 46 47 17 45 -6 8 -43 43 23 0 28 -37 -11 -25 22 0 0 31 0 49 0 19 -21 32 -27 0 0 0 -11 -43 -15 -24 0 0 -14 -4 -37 -6 0 0 0 13 29 27 -32 26 31 -8 27 4 -14 25 0 -44 -33 40 9 -19 -34 32 -18 0 -25 9 47 -17 31 -19 6 0 0 -4 12 0 0 41 44 -14 0 47 8 -44 -41 0 36 9 36 40 0 34 -22 0 0 -25 -15 -2 0 -6 0 
-14 -31 0 0 -31 0 -50 0 37 -46 -19 -24 -36 0 -15 0 0 -6 -41 -27 7 40 30 25 19 20 -5 0 21 40 17 32 -18 -10 -44 36 0 -35 0 40 -24 -38 34 0 -23 -31 0 -17 0 24 -3 1 8 15 -37 14 0 -47 16 0 0 0 28 44 0 0 -13 0 40 -39 -7 -19 -7 0 14 21 42 16 -45 1 20 -39 -37 0 0 38 23 27 32 -29 0 -10 -26 -48 0 -35 0 39 18 -34 -28 0 48 -39 25 -44 0 0 43 44 25 -45 43 1 -3 37 0 -46 0 0 -10 19 48 9 0 35 44 0 31 -48 16 -15 0 -17 16 -12 49 1 0 0 -11 -7 -43 0 24 -37 10 0 50 4 
41 0 28 -10 38 33 40 -37 -28 -1 -11 44 -17 -35 -45 0 -42 5 12 24 0 -34 -9 0 -35 16 31 -11 0 -44 0 -30 13 0 22 36 -32 9 33 0 -15 -49 0 46 0 47 -43 0 -36 0 -5 -18 28 -10 0 0 -30 19 32 0 -21 0 0 40 0 31 0 4 43 -25 36 23 -31 0 0 12 0 -39 4 -47 -47 0 13 43 38 0 33 -16 3 -46 0 0 27 12 0 30 0 0 26 -11 0 -31 30 1 0 -9 -12 -6 0 -4 -29 -6 -39 0 0 -21 27 0 30 44 -38 -12 0 -34 -27 -47 -14 31 0 0 0 0 0 -4 46 -39 0 -41 0 -26 0 9 36 0 0 0 22 -8 2 0 
-20 0 47 -14 10 -34 -35 25 6 34 -35 16 -45 -5 21 49 33 49 12 0 0 -37 50 33 44 15 10 37 0 0 35 -49 -8 0 -32 11 -13 25 -2 3 0 -27 -22 35 47 -6 -18 -36 0 -5 36 49 0 10 -33 -24 -32 -4 0 19 0 33 -21 -5 10 -18 -2 -43 -44 -38 -44 -27 1 -25 0 0 6 50 -13 46 8 -39 -20 0 -49 -6 9 33 -38 -27 -24 -23 32 48 -30 -31 -24 0 48 14 -40 1 44 -47 13 0 14 -1 -32 18 0 12 0 0 -37 4 0 -14 45 21 -27 20 0 -27 -35 17 0 -48 0 -42 49 46 -5 5 13 -19 -12 23 0 0 0 37 -19 0 9 3 33 0 43 0 
-40 -41 -12 2 27 -37 0 20 0 32 -6 -47 -11 0 19 0 -27 0 48 0 0 -49 0 21 -33 33 -30 -23 22 0 -32 0 0 3 2 6 18 -28 9 -28 1 47 -22 1 19 14 15 -11 26 -21 37 0 -19 0 0 0 0 37 0 35 18 12 41 6 47 49 0 37 23 27 27 0 -30 -14 2 41 26 48 45 3 -17 -40 43 32 23 19 29 42 2 30 9 7 5 0 -1 -49 26 0 23 0 42 0 7 0 0 0 42 -34 -41 0 4 0 0 0 -42 6 30 -17 0 -25 -6 41 38 -8 37 0 47 16 0 49 -39 -9 -23 -27 0 25 34 -13 5 -6 2 49 -27 13 10 -36 12 11 0 46 
-42 10 -11 1 7 0 0 -35 -11 7 -9 -49 -27 34 36 -50 39 -26 -21 0 6 35 -35 -44 -40 16 25 0 0 0 -46 10 0 23 0 7 0 -48 25 0 0 -18 0 2 0 0 16 0 -6 0 -8 -16 -36 -44 0 -21 0 0 0 4 23 0 0 11 22 0 -24 38 0 -3 -19 0 50 0 36 0 0 -12 0 -38 -4 2 0 -20 -39 -33 47 -45 -26 50 -40 1 18 40 0 1 43 0 31 42 -10 32 39 -48 0 -5 -28 0 -26 -6 27 -32 -1 0 0 0 26 0 0 -15 34 0 0 -45 -5 -41 8 -15 0 46 -9 -50 -6 38 -12 -37 0 -8 25 0 33 -14 21 16 0 0 1 37 -34 4 
0 8 0 0 -34 -1 27 6 14 48 13 0 -29 -17 -40 -28 0 -5 40 9 0 -34 27 12 -1 -24 -36 8 0 0 19 -40 -48 46 1 0 -5 0 25 12 11 -48 8 -4 48 2 49 0 -45 -26 40 36 43 9 14 -5 19 49 24 0 -1 -35 -27 0 -40 -7 -12 17 0 0 4 -2 1 39 0 0 -32 3 40 26 0 31 18 -10 -47 10 -37 0 0 -50 0 4 -7 2 -26 -12 0 1 0 0 -43 -41 14 40 -6 48 31 -38 0 0 -5 0 42 0 -23 0 9 0 32 -37 -21 0 22 -8 46 -43 -44 0 0 -5 -23 -6 35 24 -37 -3 -29 0 -36 -31 27 9 0 0 -25 -46 -21 -46 33 47 
2 0 0 -29 13 0 -47 1 -31 -15 0 0 15 11 -26 0 25 47 0 0 -50 0 -49 0 43 -32 -46 -28 -36 -25 -46 0 26 -9 -14 11 -5 -25 -25 0 4 8 0 0 -19 39 7 30 3 27 0 30 33 -20 0 16 0 2 0 15 23 0 0 0 0 3 -26 -13 11 2 36 0 41 -41 49 0 -6 -10 0 -47 0 -28 34 37 -3 -9 45 -26 11 -16 0 23 0 16 0 43 0 -49 9 18 0 -37 13 4 28 18 0 1 17 -16 45 0 24 -36 29 0 27 8 -43 -4 0 0 -29 -1 0 -4 -41 -17 -4 5 -27 38 24 0 0 36 -17 0 0 22 0 -50 42 0 -17 43 33 -3 0 -2 
-32 -22 -42 -42 49 0 27 0 -28 -20 -17 18 -47 -40 10 8 -49 -45 0 38 12 35 0 0 42 0 0 -32 10 -40 0 12 0 0 0 0 0 -49 -35 -42 35 3 -27 0 -36 -38 12 0 35 27 -50 0 43 0 30 8 0 0 -34 13 0 0 14 -5 -46 0 3 22 -32 -24 44 -44 0 -9 0 19 -4 43 -45 0 0 35 -46 -39 0 0 0 0 0 0 -18 0 19 0 13 30 21 2 31 -10 -7 0 47 46 0 0 -19 24 0 11 -18 0 -47 45 -30 41 0 0 15 0 -31 -33 -34 0 33 0 0 16 46 13 0 -12 -37 0 -26 -12 0 34 0 -50 16 -6 16 40 45 -5 11 0 -12 -44 
17 -43 -17 -23 -32 -31 -43 -13 -50 -48 0 19 24 47 33 29 0 18 -24 23 15 -48 0 -26 0 -17 -30 -34 -47 0 -41 17 -45 -2 23 -2 5 40 -23 -15 0 0 -23 -15 25 -14 -49 0 27 -25 17 36 -12 25 -24 18 50 35 5 0 10 0 0 15 -39 -11 -12 50 40 41 -45 -9 42 27 22 -4 48 0 35 -42 -24 13 -11 46 11 0 -33 34 0 -35 22 0 -20 -27 15 31 32 -19 -11 0 -49 0 41 -41 0 -33 -11 -27 -14 6 49 0 -34 -49 -20 -12 -7 -38 -16 36 -28 0 0 0 39 0 36 -12 -39 -19 25 -37 -3 36 -12 0 16 0 42 -38 0 0 0 0 -2 -20 38 40 0 16 
23 14 0 0 12 0 -50 -11 2 -19 -30 44 -4 -38 32 0 -26 -23 0 0 0 49 -7 48 10 -15 -48 0 -33 42 0 -32 49 22 -39 0 16 31 0 0 0 6 -28 33 -25 0 -16 -21 2 -46 -9 42 0 10 0 -8 36 48 37 -32 -22 0 4 -29 -33 50 1 -13 0 -16 32 -2 -44 -35 39 -3 12 29 -43 -19 22 0 41 -32 31 -36 44 12 -34 -23 -47 -26 -7 -46 50 0 12 -20 3 -25 28 28 49 -29 -8 42 -11 18 -31 -28 37 -13 0 -10 -5 23 15 48 23 0 0 -40 0 -43 23 -12 9 49 0 -12 34 0 -29 -17 0 16 -7 10 -27 0 -45 9 -32 -6 5 36 46 -14 33 29 
11 -19 18 -42 -50 -40 46 -1 22 -43 -50 39 -34 0 0 45 -5 7 -23 43 -15 -29 8 0 -28 -16 -34 0 27 -28 0 0 1 50 0 -2 0 -37 -20 0 21 0 0 3 -2 -5 -29 48 0 -37 40 28 48 33 7 7 -8 0 0 0 44 41 0 -15 0 7 -45 0 0 0 -6 2 0 -29 -46 24 47 0 12 19 22 0 0 46 -5 0 17 -24 0 0 -34 0 38 -4 0 6 41 0 -29 28 -6 0 10 36 32 -8 -32 39 -3 -34 0 -44 0 0 -30 -23 49 -23 -17 2 0 -28 19 0 0 28 36 1 -41 23 -13 -8 0 0 34 0 10 7 -45 46 0 0 -23 49 0 0 -45 0 -21 -31 
-1 0 35 -32 0 0 44 0 -3 0 0 -48 -43 -39 39 -26 43 0 -16 44 -17 0 -14 0 -4 -23 1 27 -17 15 -26 -24 20 -10 -3 0 -30 0 10 0 -8 -2 1 -25 0 15 40 0 4 0 -11 0 0 -19 0 -27 -37 0 -10 29 -33 0 0 -33 35 -20 31 25 45 -44 -13 -16 -34 -18 -37 41 0 0 -31 0 30 -35 1 -41 0 -39 3 1 0 -32 42 27 2 -2 4 -22 25 0 36 30 4 0 16 0 -42 -16 0 -44 0 41 31 27 0 0 -34 39 -35 -44 -27 -21 21 42 0 0 50 0 40 0 0 0 5 25 -36 0 0 42 -27 -45 34 36 43 9 -12 3 0 26 -3 0 -10 0 
0 46 0 0 -16 -45 35 5 0 -21 0 -13 0 -36 16 -22 0 49 33 0 0 0 0 0 11 16 -8 24 33 -16 46 0 -23 -1 0 0 -1 15 21 0 32 33 34 0 27 -11 34 0 43 -41 27 -39 13 -32 0 -48 0 35 27 -33 -3 41 -48 0 30 0 -7 0 25 -34 -2 13 -2 11 -26 -30 42 -42 0 13 11 0 -34 -35 3 15 -34 0 44 -38 -45 0 -1 -1 -31 -40 18 2 8 6 -19 31 8 -48 9 0 25 0 -6 32 -23 -50 -47 -34 -31 0 0 45 20 -37 13 46 -14 0 0 9 0 0 -26 0 -6 0 -31 22 -50 -38 0 46 36 -2 -21 30 0 0 -30 1 0 26 -39 9 
-46 31 26 0 41 24 -13 44 -20 2 -14 25 0 -15 17 50 16 7 16 -39 -33 -46 -19 46 -18 1 35 -47 -8 0 8 -44 -24 12 -39 -29 0 0 42 0 35 -4 13 0 19 -49 35 47 0 16 -35 43 -45 4 45 -10 -16 -17 -35 0 11 -34 -4 0 -2 0 30 32 -10 -8 31 0 37 -2 11 20 0 18 -29 -33 -42 -36 -31 -47 0 0 18 10 18 -15 49 49 0 30 -50 0 39 44 -9 20 10 -37 -3 0 37 -13 30 -3 0 0 0 -26 20 0 -45 0 30 -24 44 -37 23 24 -27 -38 37 0 34 -11 0 0 2 33 27 0 16 0 -45 0 43 -21 0 33 -29 -12 0 -12 -29 47 29 -28 
21 0 -11 -26 -14 27 -33 -38 -11 0 0 -28 -27 0 10 -5 -3 -48 -4 0 0 -36 44 0 13 44 -1 7 0 44 -35 0 -37 39 0 -41 0 0 -20 26 -11 -46 -30 18 24 -25 -46 0 0 24 6 10 -42 0 0 18 0 5 34 6 -39 -31 21 -37 -41 48 -13 -24 -14 -12 0 -5 0 -14 11 -28 0 0 5 0 26 -6 -32 -26 -30 17 32 -46 0 0 0 34 -4 13 -18 0 0 0 -9 0 0 -21 8 -9 29 0 -36 -17 33 0 7 -32 47 4 14 6 -13 -33 3 16 -23 27 29 0 44 38 -22 -7 9 37 49 -14 9 -50 -6 0 9 0 9 30 33 0 22 -31 -17 0 0 -39 0 -33 
0 0 -16 -40 14 -20 0 49 9 -25 -32 0 0 -36 -50 28 0 31 26 -27 -7 -6 32 41 0 1 -45 -22 -24 0 36 0 0 39 13 42 0 43 0 0 9 41 0 43 0 46 0 48 -10 8 -36 33 0 32 -18 -3 11 36 39 0 -4 -25 20 -10 29 -49 -39 -41 18 -39 49 -22 -10 0 0 0 0 20 19 40 13 44 9 0 0 0 29 7 0 0 -26 -47 20 35 33 -41 12 47 0 -8 -1 0 46 -25 0 11 0 22 42 0 0 -49 -13 -41 -11 -9 -26 -37 31 18 0 -35 15 -2 0 0 0 -43 36 -19 -27 21 0 42 16 0 -32 -23 -12 0 -29 22 1 33 0 35 11 41 -39 -1 
14 0 -1 12 -2 42 36 -44 0 22 5 5 -40 14 17 48 0 0 0 -41 41 0 0 44 -40 -37 0 -35 -6 -1 29 0 -11 3 48 -48 0 0 9 0 1 0 21 -50 19 -4 46 47 15 44 0 6 -35 -27 -36 -19 -16 0 39 -50 -22 11 -46 -16 -22 0 -4 -2 0 0 -19 0 -21 17 1 32 45 -19 -30 0 -28 46 14 0 0 -7 0 -14 -31 -35 -7 -10 0 3 -46 0 -26 45 -10 -46 -30 4 20 -16 -23 1 0 0 6 -27 -11 0 4 0 38 0 0 0 -33 29 -6 50 -38 0 -34 -18 0 0 0 0 13 16 0 0 40 0 -6 49 3 0 -12 -31 33 -31 -27 48 -45 35 -5 0 
20 8 42 -2 9 -37 -44 0 0 0 0 27 37 -50 0 -13 8 -32 13 12 41 -20 -27 19 28 33 8 0 4 -22 44 -11 0 -22 0 0 0 50 -17 -18 0 0 0 17 0 45 -9 0 18 0 -43 29 0 0 -41 24 24 19 35 28 30 -26 29 21 12 46 6 -38 0 -2 12 0 0 25 0 50 44 -44 0 0 -21 -33 -44 31 -49 -20 0 0 0 -18 1 30 -20 12 0 0 0 4 0 -18 33 34 -30 21 0 -2 0 -11 -19 45 -34 -50 -14 0 42 37 3 23 19 -41 -8 8 0 0 23 0 -25 24 0 9 10 0 -25 -17 45 -2 5 0 0 -30 0 -17 0 -27 31 23 0 2 -50 -38 
43 0 0 -44 -42 27 0 20 20 0 -33 3 31 -12 -8 36 -41 0 -8 37 0 0 -16 -23 -37 30 0 27 -3 -2 0 0 -30 22 0 -31 -24 0 -31 -34 0 -50 0 0 0 -41 14 -4 0 15 0 0 0 5 1 -4 0 0 35 4 0 -40 27 -31 0 20 0 -18 0 0 -1 50 -34 0 0 -11 40 23 31 0 49 6 0 0 28 0 0 20 0 37 39 18 -43 -18 49 21 -27 0 -25 18 26 -24 50 0 -42 50 0 -16 -49 11 0 -17 0 0 -41 0 0 0 44 -31 0 -47 4 34 6 25 -15 -37 0 3 -36 0 -46 43 -5 -20 36 0 26 1 -12 0 35 48 23 -45 0 16 37 -40 
28 -35 38 14 0 48 14 0 -41 33 19 0 34 0 27 -47 10 -45 -38 9 38 -20 0 -14 12 6 1 -34 -44 18 0 0 -46 48 20 42 21 10 0 -36 0 -22 0 41 0 10 24 21 32 -24 32 -30 23 -13 -21 32 -36 34 -15 -12 0 -30 44 34 45 -46 -18 0 5 -7 -17 -13 -35 27 29 0 -12 3 0 -5 0 0 34 -39 -30 -33 47 0 18 44 -16 0 35 27 28 28 0 23 0 6 27 -25 -49 -24 0 0 -50 0 21 -9 0 22 -37 7 29 11 0 0 11 0 0 45 41 -18 0 -37 -2 10 22 33 12 1 -21 33 11 38 46 -45 -3 0 -29 0 11 -45 0 0 41 0 18 20 
26 -16 0 -21 13 0 17 -34 38 0 -47 -3 23 0 -48 0 -10 23 -25 15 39 19 -47 12 -38 0 49 -44 -39 18 0 -48 -35 36 -15 -3 -22 -12 0 10 38 26 21 27 35 4 -48 -29 0 33 0 -43 -4 0 31 21 17 0 29 -38 12 -44 0 -40 -36 -7 -42 10 36 -24 3 15 0 13 0 -1 3 37 12 0 37 9 10 -6 24 47 27 43 41 0 -32 -48 -18 38 0 0 37 -43 0 -27 -13 49 0 32 41 0 37 -41 -16 24 0 0 -33 -13 7 21 2 16 0 40 -27 0 -37 32 0 0 0 0 -8 0 11 37 -46 -3 0 40 -14 0 0 26 47 -39 41 35 2 16 0 0 0 43 
0 9 48 24 26 2 24 -9 -49 20 0 -11 0 28 3 25 30 0 0 -2 39 23 24 4 23 21 0 27 43 -26 -38 -20 42 -9 -50 3 27 0 -43 42 -24 48 -35 -30 0 -34 14 -30 31 0 0 29 6 32 -17 0 -4 35 21 -5 -12 29 10 -4 47 18 0 -24 3 -49 -17 50 0 0 -33 34 -19 0 1 0 0 -10 0 14 -49 0 -40 0 -46 -27 1 40 -35 -24 0 0 2 -12 18 1 26 32 0 0 -45 26 -39 -22 0 35 40 -1 -11 -21 43 -50 2 0 47 -33 31 50 0 -47 16 33 -6 50 2 43 0 -34 33 0 -12 0 33 -21 -10 -39 29 0 -39 -5 -50 37 18 0 31 15 
-19 -3 41 37 0 37 -25 -23 0 -8 -44 0 0 48 0 0 32 18 0 -39 0 -35 0 1 -46 -6 24 31 0 -17 22 0 4 5 1 0 34 -1 -30 -47 -43 0 7 45 -38 -6 39 0 -28 -21 0 38 -25 0 -20 -22 0 -29 3 45 30 -43 -42 -45 0 0 0 -4 21 0 38 0 0 -36 0 -48 28 -8 11 -34 -14 39 0 38 -48 -24 7 0 0 23 -4 4 16 30 5 0 47 -30 21 -41 29 13 0 0 -47 36 0 45 -34 0 -26 2 -45 -7 -41 -13 -12 -39 15 -22 16 -24 -27 31 0 47 0 4 0 0 46 4 47 -2 -44 16 29 -31 0 9 -28 -33 -1 0 -38 -40 20 43 15 34 
