80
-17 2 22 -1 43 3 -36 38 40 -1 -14 20 45 -50 27 8 21 -7 -37 38 27 -20 0 -12 42 14 27 -13 -14 31 8 -17 22 24 -27 48 19 30 38 -28 8 -49 32 -42 -6 -23 15 -28 27 -35 19 44 -17 33 10 -45 -49 0 36 -34 39 0 32 50 -28 5 -10 37 -26 -48 -20 37 -18 -28 -16 -15 -26 -18 18 -21 
23 23 0 0 0 2 0 24 9 -34 -2 0 0 9 -32 -21 0 -45 1 -29 -34 40 41 -34 0 -25 27 -9 -36 0 -13 48 -20 -16 -41 -16 -38 0 -44 0 13 1 19 26 43 -18 44 12 0 19 9 -42 0 -2 12 0 2 0 40 -49 25 34 10 41 0 -15 47 -45 7 0 29 39 14 19 -42 21 1 0 5 0 
23 47 -23 -44 10 0 7 -7 47 -5 0 0 -6 0 4 21 33 -13 -29 0 31 0 0 -41 -39 -40 -42 -26 -46 8 -47 -2 16 0 27 0 0 0 4 4 -18 -14 -25 -18 -26 0 -5 -5 -42 -50 47 45 14 0 -28 -40 9 -22 5 0 -46 15 -28 -32 -43 -37 -13 30 37 0 -39 24 -24 -49 0 -27 0 0 -9 44 
0 -23 6 41 0 -3 -5 2 0 0 -36 -27 35 0 24 -36 -21 38 0 40 47 -15 -25 46 -18 -11 30 0 13 38 0 2 0 0 0 -46 -37 -19 0 33 39 12 36 5 -35 1 -27 -42 37 0 -3 -28 0 -23 0 -13 -33 -3 -17 34 49 -39 0 0 5 4 25 0 0 1 -25 -10 0 25 -14 26 3 21 22 14 
0 -44 41 20 5 -1 16 -50 0 0 -44 -37 17 -49 -31 0 13 39 0 -47 -27 49 -29 0 49 0 0 -34 49 38 0 0 -34 28 42 9 7 0 -10 26 0 9 40 -34 17 -17 0 50 0 31 -35 0 -2 0 2 6 48 7 0 -15 -17 0 12 -17 -48 -20 6 0 -6 -43 -31 46 -20 3 0 7 39 -17 -45 49 
0 10 0 5 23 -2 -4 21 34 -4 32 8 0 0 -12 0 35 -17 -50 0 4 39 -28 -25 0 -21 31 -44 -20 -28 0 -29 -10 -50 -6 -32 31 0 15 -42 2 17 0 0 20 45 -40 2 -44 10 -12 16 0 -12 15 5 0 0 0 0 8 -24 50 1 0 0 -44 24 48 -13 47 0 -2 30 0 27 0 -16 0 30 
2 0 -3 -1 -2 42 -9 20 -19 0 10 29 -34 0 42 9 40 -26 0 33 -14 0 44 0 12 28 18 -32 0 23 0 13 -26 -22 5 -25 -30 -2 -18 36 0 0 23 -12 -20 -2 27 48 -39 6 -3 -5 23 25 -44 0 -24 -26 26 0 -14 -14 0 35 -39 -1 0 17 13 0 -49 0 -12 8 -24 -44 -31 -5 -8 0 
0 7 -5 16 -4 -9 30 0 24 0 32 0 -22 27 0 49 0 0 -11 18 -23 -15 0 -13 43 46 46 32 -18 0 35 0 0 47 -36 -38 -40 0 38 -11 21 5 -37 44 0 34 0 0 0 -11 -31 -21 -45 1 -1 0 -46 43 19 45 0 42 42 0 48 -48 0 0 49 12 -32 -29 0 0 0 0 31 -10 -1 -43 
24 -7 2 -50 21 20 0 23 -37 30 0 3 0 0 -13 0 15 -34 40 -16 -3 31 -30 -23 8 -35 -43 0 0 20 17 -1 -47 -45 0 -13 44 0 0 20 12 5 -14 -39 -38 -22 0 0 -4 -3 0 38 7 -27 -43 2 -1 15 -15 17 37 -50 0 47 45 -26 0 0 0 36 5 41 2 -19 0 -8 42 21 -38 -31 
9 47 0 0 34 -19 24 -37 2 0 -8 0 -50 38 -5 26 26 40 0 0 -5 0 15 23 -26 24 -25 -17 24 1 -11 0 24 -49 0 28 0 -40 50 -18 -50 -26 20 46 -40 -4 0 -19 0 -47 8 6 -50 39 0 0 -33 16 0 0 46 -26 -13 -38 0 -27 0 23 47 27 47 -15 0 -17 -8 -30 0 -33 28 -35 
-34 -5 0 0 -4 0 0 30 0 29 -45 0 -44 -23 0 -19 -4 28 -10 16 0 0 -25 32 -27 0 0 -12 3 -7 0 46 -33 0 0 -39 0 -48 33 -8 0 -26 -16 50 6 0 17 -43 3 -16 0 14 12 0 46 28 -6 -27 36 0 0 0 -27 0 0 15 0 33 0 45 -46 0 -22 0 0 -46 3 4 -44 0 
-2 0 -36 -44 32 10 32 0 -8 -45 25 -33 -48 -38 0 10 0 47 0 -39 14 -31 -30 10 -13 29 -18 -4 -29 12 40 -17 42 13 -13 29 -8 -44 0 -21 50 39 0 38 -29 0 16 0 -9 0 -50 -50 15 -25 0 -12 0 34 14 45 0 8 0 -29 -5 -16 -22 0 30 -39 -17 30 -11 -24 -19 9 0 16 0 -19 
0 0 -27 -37 8 29 0 3 0 0 -33 16 20 0 15 40 6 -46 0 0 -22 6 0 0 -23 0 -35 0 5 14 -21 0 4 -42 -44 -50 0 20 19 -46 17 0 0 18 -39 0 -29 -5 -8 32 -46 17 15 -17 0 -35 0 -16 -15 -25 28 -18 -30 -17 29 6 45 0 0 0 -8 29 0 15 -35 46 0 -21 -35 30 
0 -6 35 17 0 -34 -22 0 -50 -44 -48 20 47 17 25 -6 -47 0 0 0 47 -40 -9 -1 0 -5 20 -16 -35 -4 -50 -36 24 -12 13 26 0 38 35 -6 50 0 -19 0 -34 3 21 44 -18 20 3 0 40 -22 15 -17 0 -36 0 0 -15 18 45 14 3 0 24 0 0 9 45 -22 -35 0 -17 0 -40 28 37 1 
9 0 0 -49 0 0 27 0 38 -23 -38 0 17 3 25 19 0 23 -41 5 21 43 2 -16 15 -26 38 -35 50 0 34 17 -12 0 -42 0 16 -31 8 0 49 -47 -10 35 -7 44 -16 15 -31 -30 0 0 -50 -26 0 2 35 5 0 -18 0 -33 19 -6 44 0 -33 0 -42 8 0 -14 0 -50 0 11 2 15 33 -18 
-32 4 24 -31 -12 42 0 -13 -5 0 0 15 25 25 39 0 40 -41 -1 24 0 0 -13 0 0 0 -36 -10 29 39 -2 -5 3 -10 20 10 -24 3 -34 6 -41 7 0 -18 -37 0 26 23 0 0 29 -19 0 -48 16 39 -40 10 -39 -31 49 -25 25 0 0 0 -6 -41 -1 -3 -14 41 -6 0 0 -43 41 50 -38 32 
-21 21 -36 0 0 9 49 0 26 -19 10 40 -6 19 0 39 -16 -35 34 1 49 0 49 -2 -32 36 -11 0 -4 20 0 5 -8 0 0 -26 41 41 0 0 0 -40 -38 16 45 26 -42 18 44 44 48 -44 -9 0 -47 33 11 -36 15 7 38 29 42 -17 10 -42 0 22 -35 24 0 -8 -45 0 -33 -10 20 -9 -10 41 
0 33 -21 13 35 40 0 15 26 -4 0 6 -47 0 40 -16 45 -45 17 0 0 0 0 0 0 2 21 0 10 -42 44 28 0 0 -28 32 50 11 11 0 -2 0 -33 4 -4 0 21 -7 0 -39 -31 -29 -30 40 -4 -28 15 29 20 -9 0 -27 16 46 4 -17 0 0 46 20 39 -33 -22 -46 17 -3 0 -20 41 -46 
-45 -13 38 39 -17 -26 0 -34 40 28 47 -46 0 23 -41 -35 -45 9 28 -40 -8 0 0 37 0 -19 -45 -26 30 0 0 0 0 29 0 -21 30 11 13 12 0 -44 41 -49 0 7 5 0 -36 23 -39 13 -21 39 -31 0 9 -35 0 40 40 28 -13 0 -34 -24 49 0 0 29 -48 0 12 -21 0 16 -46 0 0 37 
1 -29 0 0 -50 0 -11 40 0 -10 0 0 0 -41 -1 34 17 28 29 0 -23 42 0 -12 28 46 0 0 31 -46 14 -15 16 39 26 -21 -46 -20 26 -31 22 20 8 14 0 0 -13 -22 0 -7 43 0 -24 -18 39 -41 21 -8 0 11 1 0 41 27 -6 -7 -45 19 -7 18 -30 0 0 -9 40 45 -39 0 0 -19 
-29 0 40 -47 0 33 18 -16 0 16 -39 0 0 5 24 1 0 -40 0 15 0 -18 -42 -2 -37 -45 0 -49 0 44 2 24 -9 -38 44 0 20 10 -38 -45 19 -37 0 -20 40 -35 4 0 18 1 -36 0 -48 -31 48 0 -2 0 -48 10 0 4 13 44 -16 -47 -16 -34 0 47 9 46 -26 1 -3 31 36 -39 0 -17 
-34 31 47 -27 4 -14 -23 -3 -5 0 14 -22 47 21 0 49 0 -8 -23 0 32 46 -43 -18 -21 -7 -16 -11 33 0 0 18 0 0 0 -45 20 -45 -10 12 21 -44 21 -23 -34 0 -18 0 0 39 -4 -20 10 4 3 7 -2 50 31 -26 19 -6 47 0 6 0 0 28 2 0 30 2 0 -26 49 0 -11 -13 -42 16 
40 0 -15 49 39 0 -15 31 0 0 -31 6 -40 43 0 0 0 0 42 -18 46 45 30 46 41 0 0 0 -24 0 -45 0 49 0 -7 -17 27 49 0 -47 0 44 -21 -9 -5 0 -36 -45 9 -33 49 -8 0 30 19 25 -43 9 12 -30 0 0 0 -2 -40 -33 39 40 43 0 -9 29 0 0 0 29 0 -13 0 23 
41 0 -25 -29 -28 44 0 -30 15 -25 -30 0 -9 2 -13 49 0 0 0 -42 -43 30 34 0 -38 -2 -24 43 27 0 -34 0 0 -39 16 6 46 0 6 0 47 7 34 0 0 8 -19 0 -29 -39 7 0 -43 3 0 33 0 3 -6 0 -50 6 2 42 0 8 29 -42 -19 0 -3 -32 -45 3 31 -2 -29 -32 0 34 
-34 -41 46 0 -25 0 -13 -23 23 32 10 0 -1 -16 0 -2 0 37 -12 -2 -18 46 0 11 -50 34 36 42 -43 -27 31 33 -13 2 20 48 -23 0 -12 4 0 0 -5 -22 18 22 -38 0 -27 -33 -1 23 26 40 0 0 38 -19 0 3 13 49 -6 25 20 2 42 28 -27 0 -1 34 29 -33 46 12 -1 -7 -26 0 
0 -39 -18 49 0 12 43 8 -26 -27 -13 -23 0 15 0 -32 0 0 28 -37 -21 41 -38 -50 40 -49 50 -16 -46 -23 4 -32 -21 0 -8 0 0 -43 -34 36 46 -35 -21 0 -12 6 16 -11 25 0 0 2 -45 -31 0 6 -41 40 12 -44 48 23 1 0 -26 -34 0 0 43 -3 0 -19 -29 0 0 0 0 6 0 0 
-25 -40 -11 0 -21 28 46 -35 24 0 29 0 -5 -26 0 36 2 -19 46 -45 -7 0 -2 34 -49 49 -32 37 7 42 -20 9 -8 0 0 -25 -6 33 -16 -29 0 -4 42 14 -41 12 0 11 28 -19 0 0 0 47 -42 -37 37 -16 36 50 50 25 0 33 2 40 34 0 0 -43 -14 0 -9 -35 -3 11 0 5 -36 45 
27 -42 30 0 31 18 46 -43 -25 0 -18 -35 20 38 -36 -11 21 -45 0 0 -16 0 -24 36 50 -32 1 5 -35 32 25 31 0 -47 48 -43 30 -28 11 0 25 34 0 -15 0 -33 -46 -37 -29 7 21 -18 -37 22 -31 28 25 50 -31 -17 0 28 37 0 0 -5 0 -28 -40 50 0 0 -37 2 -35 -14 -6 50 22 12 
-9 -26 0 -34 -44 -32 32 0 -17 -12 -4 0 -16 -35 -10 0 0 -26 0 -49 -11 0 43 42 -16 37 5 43 8 0 -7 -29 33 8 -19 0 -47 24 48 44 0 -19 -48 26 0 43 41 0 -23 -5 -26 -36 -15 43 4 -11 25 -33 3 -14 0 42 -36 26 0 44 0 -30 0 0 -31 -26 43 -8 -42 41 0 46 -31 41 
-36 -46 13 49 -20 0 -18 0 24 3 -29 5 -35 50 29 -4 10 30 31 0 33 -24 27 -43 -46 7 -35 8 33 -38 46 28 0 10 0 0 9 36 49 18 0 0 16 -18 21 11 -15 1 0 11 -27 -9 0 18 10 7 41 0 37 -12 -26 31 -24 -49 -14 0 47 50 27 -27 40 37 -1 0 42 12 -30 40 -7 29 
0 8 38 38 -28 23 0 20 1 -7 12 14 -4 0 39 20 -42 0 -46 44 0 0 0 -27 -23 42 32 0 -38 12 -11 -28 -30 0 5 41 -24 -45 45 32 -9 1 0 37 0 0 8 -46 -22 -18 0 -20 31 37 -32 0 46 34 -19 0 39 -37 0 0 -39 0 20 -16 -44 -37 8 39 6 0 23 13 42 -14 -46 -37 
-13 -47 0 0 0 0 35 17 -11 0 40 -21 -50 34 -2 0 44 0 14 2 0 -45 -34 31 4 -20 25 -7 46 -11 21 0 -44 -19 36 -28 0 0 -50 32 -13 -40 33 0 -13 -31 45 -45 0 -36 -41 38 0 13 0 0 10 46 49 -37 0 18 0 0 -40 8 49 0 -3 0 -45 -50 35 11 -46 0 5 -21 33 23 
48 -2 2 0 -29 13 0 -1 0 46 -17 0 -36 17 -5 5 28 0 -15 24 18 0 0 33 -32 9 31 -29 28 -28 0 13 24 0 38 17 0 22 21 0 -41 0 0 -18 -11 42 12 28 23 44 0 -19 36 -30 0 -24 13 36 -9 0 -10 0 -20 -11 26 0 24 -47 42 0 45 -44 -30 0 30 0 -36 -11 -50 0 
-20 16 0 -34 -10 -26 0 -47 24 -33 42 4 24 -12 3 -8 0 0 16 -9 0 49 0 -13 -21 -8 0 33 0 -30 -44 24 20 -37 -13 48 0 -30 -23 0 -20 -30 41 28 16 -37 -17 0 -42 0 21 0 -12 -50 0 37 0 29 26 -37 -48 -17 -14 44 0 47 17 5 -8 39 -18 42 0 33 -36 21 -4 0 0 20 
-16 0 0 28 -50 -22 47 -45 -49 0 13 -42 -12 0 -10 0 0 29 39 -38 0 0 -39 2 0 0 -47 8 10 0 -19 0 -37 13 49 0 0 24 -48 4 8 -19 35 0 16 -33 37 0 11 0 0 0 -18 0 0 0 19 -4 -29 39 0 0 -34 15 47 -50 -16 -23 19 38 40 8 -43 13 7 0 -8 5 19 0 
-41 27 0 42 -6 5 -36 0 0 0 -13 -44 13 -42 20 0 -28 0 26 44 0 -7 16 20 -8 0 48 -19 0 5 36 38 -13 49 10 -7 5 46 -10 0 0 0 18 0 9 0 -25 -49 -4 22 45 47 26 -22 -8 34 0 0 -18 0 0 -5 -13 0 -19 50 -9 10 0 1 0 -34 45 0 1 20 0 0 0 0 
-16 0 -46 9 -32 -25 -38 -13 28 -39 29 -50 26 0 10 -26 32 -21 -21 0 -45 -17 6 48 0 -25 -43 0 0 41 -28 17 48 0 -7 7 0 -34 42 0 -15 45 0 12 25 37 -32 -21 22 32 -13 -5 0 -9 -15 46 14 -4 33 0 8 -25 0 46 -5 0 15 0 3 0 -46 22 3 44 -12 -6 0 0 -3 -1 
-38 0 -37 7 31 -30 -40 44 0 0 -8 0 0 16 -24 41 50 30 -46 20 20 27 46 -23 0 -6 30 -47 9 -24 0 0 0 0 5 0 23 -39 -21 0 0 0 0 -1 -2 0 -22 0 6 0 -39 0 -16 -13 13 41 -5 26 35 41 -49 -10 -35 28 -42 0 20 43 0 30 40 0 -48 -23 48 27 21 0 -3 -5 
0 0 -19 0 0 -2 0 0 -40 -48 -44 20 38 -31 3 41 11 11 -20 10 -45 49 0 0 -43 33 -28 24 36 -45 0 22 -30 24 46 -34 -39 42 36 -50 0 0 -12 -20 -50 0 0 -6 0 49 0 0 0 6 -33 -15 33 -26 -19 -2 16 -42 31 -2 -34 -25 -8 -19 28 -46 -50 -37 24 0 -35 42 -13 -12 40 -38 
-44 4 0 -10 15 -18 38 0 50 33 0 19 35 8 -34 0 11 13 26 -38 -10 0 6 -12 -34 -16 11 48 49 45 -50 21 -23 -48 -10 42 -21 36 15 -22 18 35 0 -9 0 -23 0 -19 22 4 18 25 -3 0 -43 0 -40 30 44 -5 45 30 0 -25 -32 -47 -12 -14 -39 0 0 0 -15 -49 35 24 10 2 0 -30 
0 4 33 26 -42 36 -11 20 -18 -8 -21 -46 -6 0 6 0 0 12 -31 -45 12 -47 0 4 36 -29 0 44 18 32 32 0 0 4 0 0 0 -50 -22 11 45 33 -12 -49 -43 40 34 -32 -1 32 0 -10 16 33 -10 29 11 -18 0 0 19 0 33 0 -46 0 -34 -10 0 0 0 27 30 26 0 0 0 -44 6 18 
13 -18 39 0 2 0 21 12 -50 0 50 17 50 49 -41 0 -2 0 22 19 21 0 47 0 46 0 25 0 0 -9 -13 -41 -20 8 0 -15 0 0 18 45 34 1 -16 0 0 0 7 0 -4 0 -40 0 -18 2 0 -18 42 11 -31 0 0 38 -9 0 0 23 26 0 4 0 -34 -19 -34 -2 40 0 20 18 0 32 
1 -14 12 9 17 0 5 5 -26 -26 39 0 0 -47 7 -40 0 -44 20 -37 -44 44 7 0 -35 -4 34 -19 0 1 -40 0 -30 -19 0 45 0 0 35 33 1 42 -31 -28 42 -1 0 0 42 26 -48 0 26 -26 33 41 0 -35 -23 23 0 24 -48 -1 -27 -14 10 -26 13 -27 -38 -13 -23 0 -37 -42 0 0 -8 16 
19 -25 36 40 0 23 -37 -14 20 -16 0 0 -19 -10 0 -38 -33 41 8 0 21 -21 34 -5 -21 42 0 -48 16 0 33 0 41 35 18 0 0 -12 0 -12 -16 -31 8 -33 0 0 -34 0 0 13 -32 -25 33 7 20 -42 0 -10 0 0 39 0 36 -10 0 0 15 0 48 36 -48 -28 42 20 0 0 -21 22 14 0 
26 -18 5 -34 0 -12 44 -39 46 50 38 18 0 35 -18 16 4 -49 14 -20 -23 -9 0 -22 0 14 -15 26 -18 37 0 -18 28 0 0 12 -1 -20 -9 -49 0 -28 -33 4 0 -26 0 0 0 -29 0 0 -49 -10 48 0 22 -23 -18 -18 0 37 -49 -34 26 1 -14 0 0 0 39 28 -36 -23 2 25 43 -15 33 48 
43 -26 -35 17 20 -20 0 -38 -40 6 -29 -39 -34 -7 -37 45 -4 0 0 40 -34 -5 0 18 -12 -41 0 0 21 0 -13 -11 16 16 9 25 -2 -50 0 -43 0 42 0 0 17 -2 48 41 0 2 -18 8 0 49 -42 -27 0 0 18 45 -36 0 16 0 0 22 -4 6 49 16 18 -30 -41 -41 -22 -34 17 -2 0 -50 
-18 0 1 -17 45 -2 34 -22 -4 0 0 0 3 44 0 26 0 7 0 -35 0 0 8 22 6 12 -33 43 11 0 -31 42 -37 -33 0 37 0 0 -23 40 0 -1 0 -26 -2 16 -36 -3 28 0 0 -5 -28 42 0 28 -19 -5 0 0 0 -1 -18 1 41 -5 -20 -36 -47 -1 -28 49 -36 -33 0 44 35 44 39 39 
44 -5 -27 0 -40 27 0 0 0 17 16 -29 21 -16 26 -42 21 5 -13 4 -18 -36 -19 -38 16 0 -46 41 -15 8 45 12 -17 37 -25 -32 -22 0 0 34 7 0 -34 0 48 -36 24 2 0 -39 -9 -37 -11 0 34 0 13 0 0 49 -31 -2 -42 -20 -34 -29 0 -32 0 1 -25 -12 0 46 27 -36 35 18 26 12 
12 -5 -42 50 2 48 0 0 -19 -43 0 -5 44 15 23 18 -7 0 -22 0 0 -45 0 0 -11 11 -37 0 1 -46 -45 28 0 0 -49 -21 0 -6 -19 -32 0 0 0 0 41 -3 2 11 23 -48 -10 6 43 48 47 -27 0 40 26 -17 -36 -7 -29 0 -2 -6 15 1 -5 -28 0 0 -50 -6 0 -33 0 47 32 0 
0 -42 37 0 -44 -39 0 -4 0 3 -9 -8 -18 -31 0 44 0 -36 0 18 0 9 -29 -27 25 28 -29 -23 0 -22 0 23 -42 11 -4 22 6 0 22 -1 -4 42 0 0 0 28 0 23 13 -6 48 2 -42 0 0 0 -38 -50 0 2 21 0 0 36 -10 -15 41 -4 0 -10 -43 2 0 -8 -50 12 0 17 -35 4 
19 -50 0 31 10 6 -11 -3 -47 -16 0 32 20 -30 0 44 -39 23 -7 1 39 -33 -39 -33 0 -19 7 -5 11 -18 -36 44 0 0 22 32 0 49 4 32 0 26 13 -29 2 0 -39 -48 -6 17 0 -6 0 0 27 37 28 0 23 0 2 -26 -40 0 29 0 0 10 0 49 -5 -29 -34 -23 0 34 -20 0 -1 0 
9 47 -3 -35 -12 -3 -31 0 8 0 -50 -46 3 0 29 48 -31 -39 43 -36 -4 49 7 -1 0 0 21 -26 -27 0 -41 0 21 0 45 -13 -39 0 18 0 -40 -48 -32 0 -18 0 -9 -10 48 0 47 0 -30 -28 30 -21 -30 41 -12 0 -17 0 -36 -35 34 -9 -6 0 -8 0 -40 0 1 3 0 -47 29 0 -37 0 
-42 45 -28 0 16 -5 -21 38 6 14 -50 17 0 0 -19 -44 -29 13 0 0 -20 -8 0 23 2 0 -18 -36 -9 -20 38 -19 0 0 47 -5 0 0 25 -10 0 0 -25 0 8 -5 -37 6 2 -6 0 26 39 -45 45 0 -25 -30 -41 -25 -28 -32 -43 0 -50 0 -9 -32 -11 -13 38 0 -6 -1 49 0 -25 -18 0 -37 
0 14 0 -2 0 23 -45 7 -50 12 15 15 40 -50 0 -9 -30 -21 -24 -48 10 0 -43 26 -45 0 -37 -15 0 31 0 36 -12 -18 26 0 -16 0 -3 16 -18 26 33 -49 0 -28 -11 43 -42 0 -30 39 43 3 0 -24 7 40 -15 0 16 -33 -6 0 0 0 0 -7 -27 -2 -7 -5 -50 37 23 0 -26 -8 28 -10 
-2 0 -23 0 -12 25 1 -27 39 0 -25 -17 -22 -26 -48 0 40 39 -18 -31 4 30 3 40 -31 47 22 43 18 37 13 -30 -50 0 -22 -9 -13 6 0 33 2 -26 7 -10 49 42 0 48 0 0 -28 -45 3 42 28 -17 -25 4 17 32 0 18 25 -43 -11 0 -37 -31 0 36 0 33 -2 27 0 -27 0 -46 0 0 
12 -28 0 2 15 -44 -1 -43 0 46 0 0 15 0 16 -47 -4 -31 39 48 3 19 0 0 0 -42 -31 4 10 -32 0 0 0 0 -8 -15 13 -33 -43 -10 0 33 20 48 -42 0 34 47 0 27 30 45 0 28 31 -21 -47 0 27 20 16 -19 -46 0 3 39 0 42 41 0 13 0 12 0 0 -42 0 46 -29 3 
0 -40 -13 6 5 0 0 2 0 28 -12 -35 -17 2 39 33 -28 0 -41 0 7 25 33 0 6 -37 28 -11 7 0 0 -24 37 0 34 46 41 -15 0 29 -18 41 -42 0 -27 28 0 -27 0 37 -21 0 -24 -17 -21 36 0 -6 1 8 41 -28 49 -24 -21 0 -43 8 0 -13 32 -14 42 31 43 -5 46 -22 0 0 
2 9 -33 48 0 -24 -46 -1 -33 -6 0 0 0 35 -40 11 15 9 21 -2 -2 -43 0 38 -41 37 25 25 41 46 10 13 0 19 0 14 -5 33 -40 11 42 0 0 22 0 -19 13 0 -38 28 -30 -25 7 -25 -47 0 49 0 20 31 -38 0 32 0 0 -3 -36 26 -30 -14 7 0 43 32 36 25 -10 45 -16 0 
0 -22 -3 7 0 -26 43 15 16 -27 34 -16 -36 5 10 -36 29 -35 -8 0 50 9 3 -19 40 -16 50 -33 0 34 46 36 29 -4 0 -4 26 -26 30 -18 11 -35 -10 -23 0 -5 0 40 -50 0 41 -30 40 4 0 -6 0 11 0 22 -4 -33 28 0 45 -20 0 -12 -22 24 -34 -46 12 0 -28 0 -17 0 -43 -9 
40 5 -17 0 0 26 19 -15 0 36 14 -15 0 0 -39 15 20 0 0 -48 31 12 -6 0 12 36 -31 3 37 -19 49 -9 26 -29 -18 33 35 -19 44 0 -31 -23 0 -18 18 0 0 26 0 23 -12 -41 -15 17 27 1 20 0 50 -32 0 7 0 22 0 0 0 -18 0 0 -33 -9 0 16 23 37 0 33 -32 4 
-49 0 34 -15 0 0 45 17 0 0 45 -25 0 -18 -31 7 -9 40 11 10 -26 -30 0 3 -44 50 -17 -14 -12 0 -37 0 -37 39 0 0 41 -2 -5 0 0 23 0 -18 45 0 49 -17 2 0 0 -25 0 32 20 8 31 22 -32 44 -41 16 0 9 -40 30 0 50 27 -20 0 0 0 -48 3 22 43 -19 0 0 
25 -46 49 -17 8 -14 0 37 46 0 0 28 -15 0 49 38 0 40 1 0 19 0 -50 13 48 50 0 0 -26 39 0 -10 -48 0 0 8 -49 16 45 19 0 0 39 0 -36 0 -31 -36 21 2 -17 -28 16 0 16 41 -38 -4 0 -41 26 -6 22 7 8 -38 -46 0 26 0 -48 -39 24 -29 0 0 29 -15 -43 48 
34 15 -39 0 -24 -14 42 -50 -26 0 8 -18 18 -33 -25 29 -27 28 0 4 -6 0 6 49 23 25 28 42 31 -37 18 0 -17 0 -5 -25 -10 -42 30 0 38 24 0 37 0 -1 -2 -7 0 -26 0 -32 -33 18 -19 -28 0 -33 7 16 -6 31 0 37 48 12 -33 22 0 47 27 0 -21 -14 0 31 45 4 0 0 
10 -28 0 12 50 0 42 0 -13 -27 0 -30 45 19 25 42 16 -13 41 13 47 0 2 -6 1 0 37 -36 -24 0 0 -20 -14 -34 -13 0 -35 31 0 33 -9 -48 36 -49 16 -18 -42 -29 0 -40 -36 -43 -6 25 -46 49 32 28 0 0 22 0 6 0 31 -19 12 0 -37 -34 4 0 -40 29 20 0 0 0 -20 -46 
41 -32 0 -17 1 35 0 47 -38 0 -29 -17 14 -6 0 -17 46 0 27 44 0 -2 42 25 0 33 0 26 -49 0 0 -11 44 15 0 46 28 -2 -25 0 0 -1 -10 -34 0 1 -20 0 36 0 -35 0 0 -43 0 -24 0 0 22 9 7 37 0 46 -49 -48 -19 -32 0 0 -19 -18 -31 25 0 10 16 -38 43 40 
0 -43 5 -48 0 -39 48 45 0 0 -5 29 3 44 0 10 4 -34 -6 -16 6 -40 0 20 -26 2 0 0 -14 -39 -40 26 0 47 -19 -5 -42 -34 -32 -46 0 -27 0 26 0 41 -34 -2 -10 29 34 -50 0 -11 3 -21 0 45 0 -40 8 48 31 -49 41 0 -43 38 -18 -34 0 21 37 -33 0 0 0 0 -26 -27 
-15 -37 4 -20 0 -1 -48 -26 -27 15 -16 6 0 0 0 -42 -17 -24 -7 -47 0 -33 8 2 -34 40 -5 44 0 0 8 0 47 -50 50 0 0 -25 -47 0 23 -14 0 1 22 -5 -29 -6 -15 0 -9 0 0 0 39 0 -3 -20 0 30 -38 12 -19 -48 0 33 30 0 0 19 -19 13 48 19 -19 22 -30 -29 44 46 
47 -13 25 6 -44 0 0 0 0 0 -22 45 24 -33 -6 0 0 49 -45 -16 0 39 29 42 0 34 0 0 47 20 49 24 17 -16 -9 15 20 -8 -12 -34 26 10 15 -14 -4 -20 0 15 41 0 -6 -9 0 -37 0 -43 -36 0 0 0 -46 -33 12 -19 -43 30 16 48 0 -47 49 0 -43 47 -4 17 -20 0 35 0 
-45 30 0 0 24 17 0 0 23 33 0 0 0 0 -41 22 0 0 19 -34 28 40 -42 28 0 0 -28 -30 50 -16 0 -47 5 -23 10 0 43 -19 -14 -10 0 -26 0 0 6 -36 -32 1 -4 10 0 -32 -7 -31 42 8 26 -12 -18 50 0 22 0 -32 38 0 48 40 0 28 0 -48 12 0 -34 -26 10 34 30 22 
7 37 0 -6 48 13 49 0 47 0 30 0 0 -42 -1 -35 46 0 -7 0 2 43 -19 -27 43 0 -40 0 27 -44 -3 42 -8 19 0 3 0 28 -39 0 4 13 48 0 49 -47 0 -5 0 0 -8 -11 -27 0 41 0 -30 -22 0 27 26 0 -37 0 -18 0 0 0 15 0 1 0 -39 -19 0 0 -50 0 -7 2 
0 0 1 -43 -13 0 12 36 27 45 -39 0 9 8 -3 24 20 29 18 47 0 0 0 0 -3 -43 50 0 -27 -37 0 0 39 38 1 0 30 -46 0 0 0 -27 36 0 16 -1 1 -28 -10 49 0 -13 -2 36 0 -13 -14 24 0 -20 0 47 -34 0 -34 19 -47 28 0 48 -48 0 -32 -17 -25 -17 0 22 5 0 
29 -39 -25 -31 47 -49 -32 5 47 -46 -17 -8 45 0 -14 0 39 -48 -30 9 30 -9 -3 -1 0 -14 0 -31 40 8 -45 45 -18 40 0 -46 40 -50 0 0 -34 -38 -48 39 18 -28 -25 0 -43 -5 -40 38 -7 0 13 32 7 -34 -33 0 -48 27 4 -19 0 -19 49 0 1 -48 39 29 -25 34 -16 23 -42 -10 -24 0 
39 24 -10 46 0 0 -29 41 -15 0 30 29 -22 -14 41 -8 -33 0 0 46 2 29 -32 34 -19 0 0 -26 37 39 -50 -44 42 8 -34 22 0 -37 0 27 -19 -13 -28 28 -30 49 -12 0 2 -29 0 0 -5 33 0 -14 0 -46 -9 0 -39 0 0 -18 21 13 0 -48 0 0 29 50 37 2 0 3 0 1 -44 25 
14 -24 0 -20 -2 -12 0 2 0 -22 -11 0 -35 0 -6 -45 -22 12 0 -26 0 0 -45 29 -29 -9 -37 43 -1 6 35 -30 0 -43 45 3 -48 24 -15 30 -34 -23 42 -36 -41 -36 0 -50 0 -34 1 -6 -50 -2 12 42 43 12 0 0 24 -21 -40 -31 37 48 -43 12 -39 -32 -25 37 46 38 32 42 -23 -35 40 5 
19 -49 25 3 30 8 0 -19 -17 0 -24 15 0 -50 0 0 -46 -21 -9 1 -26 0 3 -33 0 -35 2 -8 0 0 11 0 33 13 0 44 -23 0 -49 26 -2 0 20 -23 -41 -33 46 -6 -8 -23 3 -1 37 27 0 31 32 0 16 -48 -29 -14 29 25 -33 19 47 0 -19 -17 34 2 38 19 0 -5 -28 -30 0 32 
-42 0 -14 0 0 -24 0 0 -8 0 -19 -35 -17 0 0 -33 17 0 40 -3 49 0 31 46 0 -3 -35 -42 42 23 -46 30 -36 7 1 -12 48 -35 35 0 40 -37 0 2 -22 0 27 0 -50 0 0 49 23 0 0 43 36 -28 23 3 0 0 20 0 0 -19 -4 -34 0 -25 -16 0 32 0 16 -2 -32 -44 49 30 
21 -27 26 7 27 -44 0 -8 -30 -46 9 46 0 11 -43 -10 -3 16 45 31 0 29 -2 12 0 11 -14 41 12 13 0 0 21 0 20 -6 27 42 24 0 0 -42 0 25 -34 44 -36 -33 12 34 -47 0 0 -27 -42 -5 25 0 37 22 0 31 0 10 0 22 17 -26 0 -17 23 3 42 -5 -2 16 0 0 12 -45 
1 0 3 39 0 -31 31 42 0 3 0 0 -40 2 41 20 0 -46 -39 36 -11 0 -29 -1 0 0 -6 0 -30 42 5 -36 -4 -8 0 0 21 -13 10 0 20 0 -21 43 17 35 35 0 0 -20 29 -25 -26 0 0 46 -10 -17 0 43 29 45 0 16 0 -30 -20 10 -50 0 -42 0 -23 -28 -32 0 37 -1 0 -10 
0 0 21 -17 -16 -5 -10 21 -33 4 16 -21 28 15 50 -9 -20 0 0 -39 -13 -13 -32 -7 6 5 50 46 40 -14 -21 -11 0 5 0 0 0 -12 2 -44 18 0 22 -15 -2 44 18 47 17 0 0 -18 -8 -46 46 -22 45 0 33 -19 -15 4 0 -38 0 -29 0 34 0 22 -10 1 -35 -30 -44 0 -1 45 -31 20 
5 -9 22 -45 0 -8 -1 -38 28 -44 0 -35 37 33 -38 -10 41 0 0 0 -42 0 0 -26 0 -36 22 -31 -7 -46 33 -50 0 19 0 -3 -3 40 0 6 0 -8 14 33 0 39 26 32 -35 -1 -37 0 28 0 -29 0 -16 -43 -32 0 -43 0 -20 43 -26 44 35 30 -7 5 -24 -44 40 0 49 12 0 -31 17 0 
0 44 14 49 30 0 -43 -31 -35 0 -19 30 1 -18 32 41 -46 37 -19 -17 16 23 34 0 0 45 12 41 29 -37 23 0 20 0 0 -1 -5 -38 -30 18 32 16 0 48 -50 39 12 0 4 0 0 -37 -10 0 3 0 0 -9 4 0 48 0 -46 40 -27 46 0 22 2 0 0 25 5 32 30 -45 -10 20 0 39 
