200
45 10 -30 32 17 -44 -21 40 -8 -32 -1 50 46 46 29 -28 -21 -15 10 -19 47 -19 25 -44 45 30 35 -42 -2 -48 -9 9 4 -16 -40 11 -37 11 20 4 -11 30 20 45 -11 -11 1 32 -43 38 -41 45 9 8 -1 -16 15 17 -18 19 -4 -34 -48 -2 -35 8 -30 47 -40 -44 28 27 -21 -1 -5 15 -13 -36 12 27 -3 -27 -5 23 -46 21 -39 -45 7 45 -15 35 -3 13 -29 -37 -38 -45 -28 -48 9 -3 -32 -43 5 -3 41 -8 -29 -43 -13 30 25 43 -31 3 -46 -35 -43 48 47 -7 10 12 40 27 32 -34 5 -21 -13 10 -40 30 -47 13 -41 48 5 14 -15 3 9 19 29 -39 27 50 -3 -37 10 -7 -36 24 -35 23 -30 -31 48 -29 -47 -1 -3 -21 50 -38 33 5 5 39 -23 -42 16 -26 -37 -32 -9 -9 -47 27 50 42 43 27 -35 -8 23 12 33 12 18 -24 32 -36 37 -40 45 40 1 35 
0 0 -41 0 17 0 38 0 0 -9 0 0 0 0 31 8 0 0 0 0 0 0 0 15 0 0 28 0 7 0 25 15 36 0 0 0 0 25 0 0 0 0 0 0 -30 0 0 0 0 0 0 22 0 0 0 0 0 -33 -10 0 0 0 0 -14 0 -12 44 0 14 0 0 0 0 0 0 0 0 0 0 0 0 0 -10 0 0 0 0 0 0 0 0 0 0 0 44 -11 0 0 0 0 0 0 0 0 0 0 46 -19 0 0 -31 0 5 0 0 -36 0 -11 0 -38 0 0 0 0 0 0 0 -31 0 0 -42 18 -3 40 -11 0 -25 0 44 0 0 0 0 0 -3 0 0 0 0 35 0 0 0 0 0 0 0 0 30 0 18 0 0 0 -13 0 0 0 0 0 -46 0 -4 13 0 0 0 0 0 -21 0 0 28 0 0 0 5 0 0 0 0 0 0 0 31 49 0 0 0 0 
0 -20 -16 0 0 0 -8 25 0 0 0 0 0 0 0 0 0 0 31 29 0 0 0 0 -13 -24 12 0 0 0 0 0 0 0 0 0 0 0 -8 17 0 0 48 0 0 0 27 0 0 0 0 0 0 0 0 0 -25 -36 0 0 0 0 -29 35 0 -47 0 47 0 0 0 -20 -44 -43 0 -17 0 0 0 0 0 0 0 0 -11 0 0 0 0 0 0 0 0 0 0 0 -29 0 0 0 0 0 33 -3 -46 -43 0 0 0 0 11 0 27 -37 29 -50 0 0 0 0 32 20 0 -12 -41 0 0 32 0 0 40 0 0 0 0 0 0 -50 0 33 0 -43 0 0 0 0 25 -17 0 0 0 0 -11 0 22 0 -39 0 0 0 0 0 0 0 -16 0 35 0 0 -49 -16 0 0 0 34 0 0 31 0 0 0 41 0 -35 0 0 0 39 0 0 0 0 0 0 0 -29 0 0 0 0 
-41 -16 0 0 0 0 0 0 -49 0 43 0 0 0 0 0 -13 0 0 0 0 0 -25 0 0 -7 4 22 -27 0 0 10 0 -3 43 0 -4 0 -21 -41 0 0 0 0 0 0 0 0 0 -26 0 0 44 0 0 0 37 0 0 0 0 11 0 0 0 0 -31 7 -42 0 46 46 0 0 0 19 -20 0 0 49 0 0 0 0 -23 0 0 23 -13 0 -44 0 0 0 -42 0 0 0 0 -46 0 -13 0 0 0 0 0 0 0 0 0 0 -39 49 0 19 0 0 0 0 0 0 0 27 0 -12 -12 0 11 0 0 -7 -24 0 3 37 26 0 44 0 15 0 0 0 0 0 22 0 0 -11 0 0 0 0 0 0 0 0 0 -40 0 25 0 0 -34 11 0 0 -50 -13 0 -38 0 0 0 0 0 0 0 22 0 0 37 0 -26 0 0 0 0 29 0 23 -6 0 14 0 -9 0 -15 0 
0 0 0 38 -30 0 0 0 0 4 0 0 0 -48 0 -1 0 0 0 -8 0 0 0 0 0 14 46 0 0 -16 0 0 0 0 0 0 0 0 0 0 -27 -28 0 0 0 0 -23 -32 0 0 0 0 0 0 7 0 0 -28 -10 0 0 0 0 -9 0 38 0 0 0 22 0 0 0 0 -36 0 0 3 0 0 30 0 0 0 0 -37 0 0 0 0 0 0 0 30 0 0 0 42 0 38 0 0 -30 0 21 0 14 0 0 3 0 0 0 -40 0 0 5 0 0 0 43 -27 0 0 0 0 0 0 0 0 0 0 0 -24 0 -47 2 0 0 0 0 0 0 0 0 49 15 0 46 -8 0 0 0 0 0 0 -27 0 0 0 23 0 15 0 0 0 -18 0 0 0 0 0 0 0 41 0 0 -9 0 -38 0 -18 0 0 0 0 9 0 29 0 0 0 0 0 27 0 32 43 0 0 
17 0 0 -30 0 0 0 0 -24 0 0 0 0 -48 0 0 26 0 0 0 0 0 0 27 0 0 0 2 0 0 0 0 0 0 0 0 0 0 0 -12 -8 0 0 0 0 4 0 0 0 -42 0 0 0 0 0 0 0 18 0 0 0 0 0 0 -22 -32 0 0 0 21 -25 29 0 0 0 0 0 0 0 0 0 -10 0 0 0 0 -5 0 0 0 0 0 0 17 -36 0 0 0 0 0 0 0 0 0 -6 0 0 0 0 0 0 7 0 0 24 0 0 -49 0 0 0 0 0 0 0 0 0 -47 46 0 0 0 0 -40 0 0 -50 -4 16 0 0 0 -19 47 0 0 0 0 0 0 0 0 48 0 -27 7 0 -37 0 -40 0 36 4 0 0 -32 0 -16 0 -3 0 0 0 0 0 45 0 0 -13 -7 0 36 22 0 0 -41 -47 -31 0 0 0 0 0 0 0 0 -24 0 0 41 
0 0 0 0 0 -47 0 0 0 0 0 45 0 36 -44 0 -24 0 0 0 0 0 0 0 -6 0 0 0 0 0 0 0 0 0 0 0 -16 15 17 0 0 -37 -2 38 0 0 0 0 0 0 0 0 12 0 35 0 0 -9 0 0 0 -22 0 -32 0 0 0 0 0 28 0 0 0 -41 0 0 -40 0 0 0 0 0 0 24 0 0 0 0 0 0 0 0 0 0 25 0 -28 0 0 0 0 0 -1 0 0 0 0 0 0 -42 17 0 0 -21 0 0 0 0 0 0 0 0 0 0 -25 22 0 -3 0 0 0 0 0 0 0 -34 0 0 0 49 0 0 21 0 0 0 0 2 0 11 0 0 0 33 0 0 0 34 0 0 0 0 0 0 0 0 0 35 0 0 0 0 0 13 0 0 32 0 0 0 4 -23 0 0 0 0 40 0 0 -39 0 -1 0 -23 0 0 0 0 0 0 
38 -8 0 0 0 0 0 -5 7 0 0 0 43 0 -46 -49 0 0 0 48 0 0 -40 0 0 0 0 0 7 0 27 0 0 0 0 0 0 0 0 0 -3 35 0 35 0 0 5 0 0 19 0 0 31 0 0 0 0 -12 0 0 0 -5 47 0 0 0 0 8 0 0 -40 0 0 -34 -11 0 0 0 0 0 -50 0 0 0 1 0 0 0 0 0 0 0 0 0 0 0 0 -39 0 17 0 0 31 -19 0 0 6 0 0 0 -37 -6 -41 0 0 0 30 0 0 0 9 0 0 0 0 0 0 8 0 0 0 0 0 0 0 0 -19 0 29 41 0 -23 0 0 0 0 0 0 0 0 0 -35 21 0 -7 0 1 0 0 0 -48 0 -13 6 18 -48 0 0 9 0 0 0 0 0 0 17 0 0 0 0 0 0 0 0 0 0 0 0 0 34 0 0 0 -14 1 0 0 26 49 0 
0 25 0 0 0 0 -5 0 9 0 0 0 0 0 -28 -1 14 0 0 0 0 0 0 0 0 0 -35 0 0 -19 0 0 44 0 0 0 0 -7 0 38 28 0 0 0 0 0 0 0 0 -49 -2 0 0 0 0 49 0 0 0 0 0 0 -40 0 2 0 -9 -14 0 23 27 0 0 0 0 -22 0 0 0 -15 0 0 34 0 -31 0 0 0 0 0 0 0 5 2 38 0 0 0 0 0 0 0 -34 0 42 0 0 -6 0 0 0 0 0 -4 0 0 -30 -42 0 0 38 0 41 0 0 0 -26 0 0 0 0 0 4 0 42 -28 23 0 1 0 0 -40 0 0 0 -14 -20 0 0 -5 32 0 0 0 0 0 -28 -6 0 0 0 0 0 0 0 0 0 0 0 0 0 0 5 0 0 0 0 11 0 0 45 45 0 0 0 0 0 0 0 0 -48 0 0 0 0 0 50 0 0 0 
0 0 -49 0 -24 0 7 9 0 0 0 0 0 0 0 0 0 0 0 0 0 -12 0 0 -25 0 12 0 0 0 0 0 0 0 0 0 0 0 -42 0 0 0 0 0 0 0 0 36 0 0 0 0 0 0 -36 41 33 0 0 0 0 0 31 0 0 47 42 0 0 0 0 0 0 0 0 0 0 0 0 -4 0 16 39 0 0 -29 0 3 0 49 0 0 0 0 0 0 0 0 0 0 0 6 50 0 0 0 0 17 0 0 0 42 0 0 0 -6 -45 0 0 0 0 -4 0 0 0 0 0 0 0 0 0 0 0 0 0 -11 0 0 0 0 10 0 0 0 0 -43 24 47 0 0 0 0 0 0 0 0 0 0 33 0 0 23 -10 0 0 35 0 -5 0 -26 0 0 0 0 0 0 -45 0 0 0 0 -21 0 0 0 31 0 0 -15 0 0 39 0 -16 4 0 12 0 0 0 
-9 0 0 4 0 0 0 0 0 -36 0 41 -37 -22 0 0 0 0 0 0 0 49 12 0 0 0 0 0 0 0 0 0 0 0 0 0 0 0 0 0 -1 0 0 14 0 0 0 0 0 0 0 0 0 0 0 0 45 0 0 -11 33 0 0 0 0 0 0 0 4 0 0 -13 0 0 33 0 -45 -2 -9 -44 0 0 0 0 6 0 0 0 0 12 0 -28 30 0 0 0 0 -39 0 0 0 0 0 0 -8 0 0 -42 0 15 0 0 15 -32 0 0 -5 0 6 0 -31 0 -38 0 0 0 0 43 0 0 0 0 0 0 0 -31 0 0 26 0 -27 0 0 0 19 9 -2 1 0 0 0 0 0 0 0 0 0 0 -20 0 44 14 0 0 0 0 10 0 0 0 33 0 0 0 0 0 0 -18 0 0 0 -23 0 0 -22 18 0 8 0 0 0 0 0 0 8 -3 0 18 0 24 
0 0 43 0 0 0 0 0 0 0 0 0 0 0 -43 0 0 0 0 0 0 31 0 0 0 0 0 0 0 0 -29 0 0 -7 47 9 0 0 0 0 46 0 0 0 0 0 -23 0 44 0 36 44 0 0 -13 0 0 28 0 0 0 0 0 21 0 0 0 30 0 44 0 0 0 0 0 0 0 0 33 0 0 0 0 0 0 42 0 0 0 2 0 0 1 0 29 0 0 0 0 5 0 4 -25 0 0 0 0 0 0 0 -40 0 0 -44 0 -39 0 0 -38 0 0 0 0 0 0 0 0 -32 0 -21 0 0 0 -14 34 0 -13 -49 0 0 0 0 23 0 0 0 0 0 46 0 0 -48 0 0 37 -34 22 0 0 0 -17 0 0 0 -31 0 0 0 0 -15 -26 25 0 0 0 0 0 0 0 0 0 50 -28 0 0 0 0 15 0 0 0 0 0 0 0 0 0 0 0 0 
0 0 0 0 0 45 0 0 0 41 0 12 0 0 0 0 24 0 0 0 -7 0 0 0 0 0 0 0 0 -48 -36 34 0 0 0 0 1 0 27 0 0 0 0 0 0 0 0 -45 0 0 0 0 0 0 0 0 0 -8 0 0 0 0 -34 0 0 0 0 0 27 0 0 -17 0 0 0 0 8 0 0 0 0 0 0 0 0 24 5 50 0 28 0 0 0 0 0 0 0 0 41 0 10 0 0 0 -37 0 0 0 -7 -40 0 0 -8 -44 9 0 50 0 0 29 0 -5 0 9 -20 0 -36 0 11 0 24 0 0 38 0 0 0 23 0 8 0 0 6 0 0 3 0 0 0 0 0 0 0 0 -42 0 0 17 0 0 0 0 0 -7 0 0 0 0 0 0 0 0 0 0 0 0 0 0 0 0 0 0 0 16 0 0 0 0 0 0 15 0 0 0 0 0 0 0 0 0 
0 0 0 0 0 0 43 0 0 -37 0 0 26 0 0 0 0 0 0 0 0 0 25 0 1 -43 0 8 0 0 0 -11 0 0 -36 0 0 0 0 0 0 0 0 0 0 0 0 -19 0 30 0 0 0 4 49 -7 0 0 -31 23 0 0 0 -26 0 0 -18 0 0 0 0 0 0 0 0 -25 0 0 0 0 0 0 41 -32 0 0 0 0 0 0 0 0 0 0 0 -48 0 0 0 4 0 14 0 0 0 0 0 0 0 0 0 32 0 0 0 -27 0 0 0 -28 0 0 0 0 28 32 0 0 0 0 0 0 0 0 0 36 -42 0 0 14 -38 0 -17 0 0 0 34 22 0 0 0 0 0 0 0 50 0 0 0 0 -39 0 0 0 0 -32 0 -39 33 18 0 50 0 0 0 -8 -9 0 10 -44 0 0 0 0 37 0 -2 -10 0 1 0 0 0 -32 29 13 32 0 0 0 
0 0 0 -48 -48 36 0 0 0 -22 0 0 0 30 -25 0 0 -38 0 0 0 0 2 0 30 -44 0 0 -41 0 -39 0 0 0 22 0 0 0 -49 0 0 25 26 0 0 0 0 -21 44 0 -42 33 0 0 4 0 0 0 0 0 38 0 0 0 -37 0 29 0 0 0 39 0 0 0 0 0 0 0 38 0 0 0 0 30 11 0 0 0 -36 0 0 0 0 0 0 -34 0 31 0 0 0 28 -50 -13 0 0 43 0 0 2 -4 0 5 0 0 0 6 0 0 0 0 0 0 -25 0 0 0 31 0 0 0 0 0 0 0 0 0 0 0 0 0 0 -16 0 0 0 0 0 0 0 -2 0 -32 24 -26 0 0 0 0 -49 -22 0 0 0 30 0 0 0 0 0 -10 44 0 0 0 0 0 0 0 -40 38 0 0 0 0 -44 0 0 0 41 0 0 0 0 -44 0 -33 0 0 4 
31 0 0 0 0 -44 -46 -28 0 0 -43 0 0 -25 0 0 0 1 9 0 0 -3 0 0 0 0 0 0 -5 17 0 41 0 0 0 0 0 0 0 0 0 0 0 0 0 0 0 0 0 0 0 13 0 0 0 0 0 0 10 0 20 0 0 0 0 0 0 0 0 0 0 0 0 -42 0 0 0 0 0 24 0 0 0 29 0 0 0 0 0 -46 0 0 0 0 0 38 3 14 0 29 0 0 0 19 0 -11 -6 0 0 0 40 0 0 0 0 0 0 0 0 0 50 0 0 0 -34 0 0 0 0 -1 0 0 0 20 0 0 -28 0 0 0 0 36 0 0 0 0 0 0 0 0 0 0 0 0 14 0 0 4 2 -35 29 0 0 0 0 0 -19 0 0 0 -46 0 35 0 0 11 0 0 0 0 0 -35 0 0 12 0 0 19 0 0 0 16 0 0 -19 0 -41 0 -42 0 
8 0 0 -1 0 0 -49 -1 0 0 0 0 0 0 0 0 -27 45 0 0 0 0 -18 41 9 -48 -33 0 0 0 0 0 0 0 0 0 0 0 0 0 0 0 0 -7 0 -5 0 0 0 0 0 0 0 0 -3 0 0 0 0 -36 0 0 0 0 0 0 -28 0 0 0 0 0 0 49 0 -6 0 -30 0 -33 0 -10 0 -25 0 0 0 0 0 48 0 0 0 0 0 0 -4 19 0 0 0 0 -42 0 0 -37 0 0 0 -30 0 0 0 0 0 0 0 0 0 0 0 0 0 0 0 -6 0 0 0 0 0 0 0 0 0 0 0 0 0 -2 -40 -35 0 0 0 22 0 0 0 0 0 0 0 33 0 0 0 0 0 0 0 0 0 0 -12 0 35 0 0 22 0 39 0 0 0 0 0 0 -40 13 -46 0 0 0 0 -34 0 0 -16 5 0 0 -13 -15 -1 0 0 -3 38 0 
0 0 -13 0 26 -24 0 14 0 0 0 24 0 0 0 -27 0 0 0 0 0 9 0 0 0 0 32 0 0 0 -27 0 0 0 0 0 -3 42 0 0 0 26 -33 0 0 0 0 0 0 0 0 0 0 0 0 0 0 -3 0 0 0 0 0 -34 -9 0 0 0 0 0 0 0 0 0 0 11 0 20 -26 -35 0 0 0 0 0 0 0 0 0 0 0 0 0 0 0 30 39 -15 -41 9 0 0 0 0 -18 0 44 0 0 0 0 11 29 0 0 0 -42 0 -11 40 0 0 0 41 0 0 0 0 -11 23 46 6 -29 4 0 0 0 0 0 0 0 0 25 0 0 0 0 0 0 0 0 0 33 0 2 0 0 0 0 9 18 -33 0 0 0 -48 0 0 -16 0 -1 0 0 0 0 0 0 -48 0 -47 0 0 0 0 0 0 0 0 -16 0 0 10 0 0 0 0 48 0 44 42 
0 0 0 0 0 0 0 0 0 0 0 0 0 -38 1 45 0 -33 0 0 0 0 0 0 0 0 -24 -13 48 0 42 0 0 7 0 -49 0 46 -35 0 45 -17 0 0 -39 43 0 0 0 0 15 0 49 0 0 0 1 0 0 17 0 0 -27 0 0 0 0 0 0 0 47 0 0 0 19 21 25 0 25 0 0 0 0 0 -14 0 0 0 0 0 0 0 -11 0 27 0 0 -22 -26 0 0 0 0 -35 -40 -19 -28 18 0 33 0 0 0 0 0 11 0 0 17 0 -42 0 0 0 0 0 0 0 0 0 -49 0 0 38 0 0 45 29 0 0 25 2 0 0 0 -27 0 0 0 0 0 0 0 0 27 0 0 1 0 0 0 0 0 0 0 0 0 -36 0 0 0 -21 0 31 -22 -46 0 0 2 0 0 0 0 31 0 0 0 0 0 0 0 -18 0 0 0 0 0 0 -5 0 
0 31 0 0 0 0 0 0 0 0 0 0 0 0 9 0 0 0 0 0 0 0 0 0 0 0 0 0 0 0 0 -30 0 0 0 0 0 0 -39 0 0 0 0 0 0 0 -43 0 -6 0 -19 0 0 0 0 0 0 0 0 0 0 -47 0 0 29 0 0 -48 -43 0 0 0 0 0 6 33 0 0 39 0 0 0 0 0 0 0 0 0 0 0 0 -39 34 0 0 0 0 -4 0 0 0 0 0 -17 0 0 -9 30 0 50 0 0 0 0 -17 0 0 -40 50 0 39 34 0 0 0 8 0 0 7 0 0 0 -37 -48 0 6 21 46 0 0 0 -1 0 7 34 0 -34 0 0 0 0 0 0 15 0 -42 0 0 0 3 0 0 0 0 44 0 0 0 -42 0 0 0 0 0 0 0 0 0 0 0 0 0 11 -31 0 17 0 -6 0 0 3 -2 0 0 0 0 0 -14 0 0 
0 29 0 -8 0 0 48 0 0 0 0 0 0 0 0 0 0 0 0 0 0 0 0 0 0 0 0 0 0 -2 0 1 28 0 0 0 0 0 0 0 37 0 0 0 0 0 -49 0 45 0 0 0 0 0 0 0 0 35 -50 0 0 -2 0 0 0 0 0 0 0 0 27 -33 0 0 0 -15 0 0 0 0 10 0 0 0 0 0 -47 0 9 0 29 0 36 0 0 -19 0 0 0 0 0 0 0 0 41 0 0 49 0 0 0 0 0 0 0 0 0 0 0 0 -45 0 0 0 37 0 0 6 -36 0 46 0 0 0 0 0 43 0 0 0 0 0 0 0 0 0 0 0 0 -12 0 0 0 10 29 0 0 0 0 0 5 0 0 0 0 0 0 0 0 0 0 -8 24 0 0 0 -1 0 -25 0 0 0 0 -2 5 0 -5 0 0 0 0 45 0 0 0 18 0 0 0 -16 
0 0 0 0 0 0 0 0 0 0 0 -7 0 0 0 0 0 0 0 0 0 0 0 0 0 0 0 0 0 0 0 0 0 35 0 0 14 0 0 0 0 0 0 0 0 0 0 26 0 0 0 0 0 0 0 -4 0 0 0 0 0 13 0 0 0 0 0 0 0 0 0 0 -31 -14 0 31 0 0 0 0 0 0 0 0 0 0 0 4 0 0 0 0 0 0 0 -27 8 0 0 0 0 0 0 -34 40 0 0 0 0 0 0 0 0 0 5 25 0 -21 -43 0 0 -50 41 -40 0 0 49 0 0 0 44 0 0 -39 -26 0 0 0 0 0 0 0 5 0 -17 0 0 0 0 0 0 0 -49 0 20 0 0 0 0 45 0 0 0 0 -18 0 35 13 -20 0 0 6 0 0 0 0 -11 0 0 0 0 0 0 0 0 0 0 -40 0 0 0 0 0 0 0 0 0 0 0 0 
0 0 0 0 0 0 0 0 -12 49 31 0 0 0 -3 0 9 0 0 0 0 -31 0 0 0 0 0 0 0 0 0 0 -38 0 0 0 0 2 0 0 0 0 0 -43 12 0 35 0 0 0 0 -37 0 0 0 0 0 0 0 0 0 -25 0 -36 0 0 -17 0 0 0 0 0 0 0 0 0 0 0 12 0 0 0 26 -48 0 0 0 0 0 0 -35 0 0 0 0 0 0 0 0 48 5 3 0 0 0 0 0 0 0 -45 14 0 0 0 0 0 0 -28 -19 8 0 0 0 38 0 0 0 0 0 0 -24 -6 37 0 0 0 49 0 0 0 0 0 0 0 0 0 46 0 0 0 0 0 0 0 0 0 0 0 0 -36 0 0 0 0 0 0 0 0 0 0 0 0 0 0 0 40 -21 0 0 0 0 0 0 0 0 0 0 0 5 0 0 0 -22 44 0 0 0 0 21 37 
0 0 -25 0 0 0 -40 0 0 12 0 0 25 2 0 -18 0 0 0 0 0 0 0 -15 0 0 0 -42 0 0 0 29 -20 0 -18 -16 0 7 0 0 0 0 0 0 0 0 0 0 0 0 0 -33 42 -12 0 0 -44 0 0 0 0 0 0 4 0 0 0 0 -42 0 0 0 0 39 0 0 -1 0 -29 -42 41 50 0 0 0 0 0 -36 -50 49 0 0 0 0 -20 0 0 0 -14 46 0 15 0 0 0 0 0 21 0 -34 0 0 49 0 0 -29 -41 34 0 0 0 0 0 4 0 0 0 -6 -12 36 0 0 0 0 0 0 0 0 0 0 0 0 41 0 0 0 0 -33 40 0 0 0 0 0 0 0 0 -32 0 -38 0 -30 49 0 1 0 0 0 0 0 -23 -49 49 0 -33 0 0 0 -18 19 0 43 0 14 0 0 0 0 0 0 0 0 0 0 0 0 0 0 -31 19 
15 0 0 0 27 0 0 0 0 0 0 0 0 0 0 41 0 0 0 0 0 0 -15 -34 21 0 0 -19 -15 0 0 49 0 0 -9 22 0 13 0 0 0 0 -39 14 0 0 0 0 0 0 0 28 0 -21 0 0 -23 -3 -44 0 0 -23 0 0 0 0 0 0 0 0 49 -36 -25 0 0 0 -36 0 0 0 0 -8 0 0 0 0 19 0 0 0 0 0 6 47 0 0 0 0 17 0 0 -41 -15 -26 -17 0 0 0 0 0 0 0 0 0 0 29 0 0 0 0 0 0 0 0 0 0 0 0 42 0 0 0 0 0 0 -8 0 0 0 -29 0 0 34 0 0 0 0 23 0 0 0 0 0 0 0 0 0 3 0 0 0 44 0 0 0 0 0 0 0 -44 0 0 0 0 0 0 0 0 0 0 -19 0 33 0 0 0 0 0 0 0 0 0 0 0 25 0 0 0 0 28 
0 -13 0 0 0 -6 0 0 -25 0 0 0 1 30 0 9 0 0 0 0 0 0 0 21 0 0 0 11 0 0 0 7 0 0 -9 0 0 0 0 -46 0 0 0 0 38 0 0 0 0 0 0 -26 0 0 29 17 0 0 0 0 0 49 0 0 0 0 0 33 0 8 0 32 0 0 0 0 0 0 0 0 0 0 0 0 0 0 0 15 11 0 -45 7 0 0 2 0 0 0 -16 0 0 36 0 0 0 -10 32 0 -29 0 0 0 50 0 19 0 0 0 24 0 0 0 0 10 0 0 0 0 0 0 19 0 0 0 0 0 -16 0 0 14 0 0 -15 18 0 0 28 0 0 0 -11 0 0 0 0 0 42 0 0 0 0 0 18 0 0 0 0 0 0 0 0 0 0 10 0 0 0 0 0 -13 0 0 0 0 0 0 0 0 37 0 0 0 0 -1 0 0 0 0 0 0 
0 -24 -7 14 0 0 0 0 0 0 0 0 -43 -44 0 -48 0 0 0 0 0 0 0 0 0 0 0 0 0 0 0 29 0 0 0 0 0 0 0 0 0 22 32 0 0 -24 0 0 13 0 0 0 0 0 0 0 0 -22 0 0 0 0 0 0 0 0 -27 0 0 0 31 2 0 7 0 0 0 0 34 0 0 0 0 0 0 0 0 3 0 0 0 0 0 0 0 0 0 0 0 0 0 -10 0 0 -8 -10 0 0 0 0 0 10 -8 13 0 0 -32 0 0 0 -20 0 0 0 0 0 0 0 0 0 0 0 0 0 0 0 15 -42 0 0 0 0 0 0 -7 0 0 0 0 0 0 0 47 0 0 0 0 0 0 0 0 0 0 -4 12 0 0 0 0 -19 0 0 0 0 0 0 -39 0 4 0 0 0 0 -1 0 0 22 0 0 -10 0 0 0 0 10 0 0 0 0 0 
28 12 4 46 0 0 0 -35 12 0 0 0 0 0 0 -33 32 -24 0 0 0 0 0 0 0 0 0 0 0 0 48 3 -21 0 0 0 0 0 0 20 -37 0 0 0 0 48 0 -28 0 0 0 0 0 0 0 0 46 0 -31 -17 0 0 0 37 0 0 39 0 0 0 0 -22 6 0 0 0 0 10 0 0 0 0 -33 0 0 0 0 -21 0 -3 -29 0 2 0 0 0 0 0 0 0 0 -39 0 0 9 0 -14 0 0 0 0 0 0 0 36 0 -27 -44 0 5 -10 0 0 -5 -39 22 -34 0 0 0 0 0 0 0 -22 0 0 0 -16 0 0 0 0 0 0 9 0 0 0 0 0 -39 0 -49 0 -25 0 0 0 0 0 0 0 0 0 0 19 0 0 0 0 0 -18 0 0 0 0 0 0 48 0 0 -14 -48 0 0 0 0 0 0 0 0 0 0 0 0 0 0 0 0 
0 0 22 0 2 0 0 0 0 0 0 0 8 0 0 0 0 -13 0 0 0 0 -42 -19 11 0 0 20 0 0 -30 0 0 49 0 0 0 0 -43 0 0 9 0 -11 0 16 0 0 0 0 0 0 0 0 -3 30 0 0 0 0 0 -11 21 -45 0 0 26 0 0 -18 0 0 0 0 0 26 24 0 0 0 0 0 0 0 0 38 0 0 0 0 0 0 40 0 0 0 0 0 0 0 0 0 0 -18 0 -11 -21 0 0 0 34 0 0 0 0 0 0 0 6 -43 0 0 26 0 0 0 0 0 0 0 0 0 0 0 0 20 0 0 0 0 0 0 0 0 0 0 0 50 0 0 0 0 47 0 -47 0 0 0 18 0 0 -47 0 0 0 19 0 0 0 0 6 0 0 0 0 0 0 0 0 0 0 0 -28 0 0 -16 0 0 0 0 27 -11 0 0 0 0 -16 -45 0 0 
7 0 -27 0 0 0 7 0 0 0 0 0 0 -41 -5 0 0 48 0 0 0 0 0 -15 0 0 0 0 -49 0 0 5 0 -18 0 -8 0 0 0 0 0 -30 0 0 0 -29 0 0 -1 47 40 0 0 0 0 0 0 0 0 0 0 0 37 0 0 0 0 0 0 0 -44 0 0 32 0 27 0 0 0 0 0 0 0 0 -32 0 0 0 31 0 -9 0 0 3 0 0 0 -2 0 0 -26 22 10 21 35 0 -25 0 -7 4 0 0 0 0 0 -12 -11 0 0 0 -31 0 0 0 12 0 -5 0 37 0 0 0 13 6 0 0 0 0 0 0 0 0 0 0 0 0 0 0 0 0 0 0 0 0 0 0 0 0 0 0 0 0 0 0 0 0 -2 0 0 0 0 0 0 0 39 0 0 0 0 6 0 0 0 0 0 17 -23 0 0 -32 0 0 0 0 0 0 0 48 0 0 
0 0 0 -16 0 0 0 -19 0 0 0 -48 0 0 17 0 0 0 0 -2 0 0 0 0 0 0 0 0 0 0 0 26 0 0 0 0 50 0 0 0 0 0 -27 0 0 0 -4 0 0 0 0 45 0 0 0 0 0 0 0 -35 0 0 0 0 0 -27 24 0 0 -40 0 0 0 0 0 0 0 0 0 0 0 0 0 0 0 0 0 0 -33 0 -38 -25 0 0 0 0 4 0 23 -9 0 24 0 0 0 -10 0 0 -7 0 0 -25 0 0 2 0 0 -49 0 0 0 44 0 0 -48 27 0 0 26 39 0 0 0 0 -27 0 -24 -12 0 0 -29 0 0 0 0 0 0 3 -32 0 0 0 29 0 0 0 39 0 0 0 0 0 0 0 0 0 0 0 47 0 -16 0 0 0 0 0 0 16 0 0 0 -1 10 -8 0 -44 0 0 0 -5 0 0 0 0 43 0 0 0 -32 0 
25 0 0 0 0 0 27 0 0 0 -29 -36 0 -39 0 0 -27 42 0 0 0 0 0 0 0 0 48 -30 0 0 23 0 0 33 0 0 -30 0 0 0 -21 -20 0 0 0 -11 0 0 0 0 0 0 0 0 0 -24 0 0 13 0 0 0 0 0 0 0 0 0 0 0 0 0 0 0 0 0 34 0 0 0 0 0 0 0 4 -15 0 0 0 12 0 0 0 0 0 0 0 0 0 0 0 0 0 0 2 33 0 0 0 0 0 17 0 0 0 0 -19 0 -48 6 0 0 0 0 -13 0 0 0 0 0 -35 0 0 0 0 0 0 0 0 0 0 0 0 0 35 0 0 0 0 0 0 0 -5 0 0 0 -48 0 0 0 0 0 0 31 0 0 47 -35 0 0 0 0 0 0 0 0 -33 0 0 19 0 0 41 0 28 0 0 0 0 0 -38 0 0 47 0 0 0 0 0 10 
15 0 10 0 0 0 0 0 0 0 0 34 -11 0 41 0 0 0 -30 1 0 0 29 49 7 29 3 0 5 26 0 37 0 0 0 13 0 -13 0 -37 0 50 -48 0 -26 0 39 0 0 0 0 0 0 0 0 0 0 0 0 0 -31 0 0 -23 0 0 -18 0 0 0 0 -9 0 0 0 0 -6 15 0 0 0 0 0 48 0 0 0 0 0 0 0 0 -39 -6 0 0 0 24 0 0 0 -46 -21 0 0 0 0 0 49 -31 0 -3 0 0 0 0 0 -33 -47 0 0 0 0 0 0 0 0 0 0 0 0 0 0 0 50 -1 -40 0 0 34 0 0 0 0 0 0 6 -18 0 0 0 0 0 3 0 38 0 0 0 33 -15 -34 0 0 0 -2 0 0 0 0 0 0 0 0 0 -27 31 0 0 0 0 -47 0 0 0 0 0 0 0 0 0 0 -46 0 0 0 0 0 0 0 
36 0 0 0 0 0 0 44 0 0 0 0 0 0 0 0 0 0 0 28 0 -38 -20 0 0 0 -21 0 0 0 0 0 0 0 0 0 12 23 0 -17 0 0 0 0 -20 0 0 38 0 0 -34 0 -46 0 0 0 0 0 0 0 0 0 0 -11 0 0 0 0 0 0 0 -19 -41 0 20 0 0 38 0 -23 0 0 0 0 0 0 0 -40 0 0 0 0 0 0 0 0 0 0 0 0 -45 0 -12 0 0 0 0 0 0 0 24 0 0 0 -50 0 0 0 0 0 0 0 0 0 0 0 0 0 -19 0 37 0 0 0 0 0 0 4 0 37 47 0 0 0 -26 0 0 0 0 0 0 0 0 0 0 0 -5 0 0 0 0 0 0 50 0 0 0 -37 1 0 0 0 0 0 0 0 0 0 0 0 0 0 40 -44 22 0 0 0 0 0 0 0 40 0 0 -32 -35 0 0 0 
0 0 -3 0 0 0 0 0 0 0 -7 0 0 0 0 0 0 7 0 0 35 0 0 0 0 0 0 49 -18 0 33 0 0 0 0 0 -22 0 0 11 40 0 0 0 0 0 0 0 19 -42 0 0 -35 0 0 0 0 0 3 0 0 1 0 0 0 0 -42 0 0 0 0 0 0 0 0 -50 0 -21 0 0 0 0 0 0 -50 0 0 0 0 0 0 0 0 0 0 0 -6 0 0 0 37 0 0 0 -6 0 -18 0 16 0 -29 0 0 45 0 43 0 -6 0 46 0 0 0 0 0 -22 -23 -48 0 0 0 6 0 0 -46 0 0 -2 -39 16 0 0 33 0 0 -10 0 0 0 0 27 0 0 0 0 0 0 0 0 0 0 0 0 0 4 0 0 0 22 0 0 0 0 32 -25 35 0 0 0 0 45 0 0 0 0 0 0 0 0 0 0 23 15 0 0 0 14 0 0 0 
0 0 43 0 0 0 0 0 0 0 47 0 -36 22 0 0 0 0 0 0 0 0 -18 -9 -9 0 0 0 0 0 0 0 0 0 0 0 21 0 0 0 33 0 0 0 0 0 0 -16 0 0 0 0 0 0 31 0 0 0 -49 0 0 0 0 0 -1 0 0 0 0 0 0 0 0 0 -3 0 26 0 0 12 0 0 0 0 0 0 0 0 0 0 0 0 0 0 36 -29 0 0 48 0 16 0 0 -4 0 26 0 27 -4 0 0 0 0 0 0 0 0 0 0 0 0 0 0 0 0 0 0 0 0 0 0 0 0 0 0 0 0 0 0 0 0 0 0 0 0 0 0 0 37 0 0 0 0 0 33 0 44 0 0 0 -23 0 0 0 0 -26 0 0 0 0 0 0 32 0 0 2 0 0 0 0 0 0 0 36 0 0 0 0 0 0 0 0 0 0 0 0 0 4 0 -45 
0 0 0 0 0 0 0 0 0 0 9 0 0 0 0 0 0 -49 0 0 0 0 -16 22 0 0 0 0 -8 0 0 13 0 0 0 -35 0 0 0 0 0 0 0 32 0 0 0 -6 32 27 0 0 0 0 0 0 -22 43 0 0 0 11 0 0 0 0 0 0 0 0 0 6 0 0 0 0 0 0 26 0 0 0 -32 0 0 -17 -7 31 0 0 0 0 0 0 1 0 0 0 0 -27 0 0 0 0 0 0 -16 -18 0 0 0 0 23 0 0 15 0 0 0 0 -24 0 0 0 0 0 0 44 0 0 0 -32 0 -5 0 0 0 -13 -8 0 0 0 0 0 0 -48 0 0 0 0 9 14 0 0 48 0 0 -47 0 30 0 0 0 -28 0 -30 -43 0 0 0 38 0 0 8 0 16 0 0 0 -27 16 0 0 -45 0 0 0 -26 0 0 0 0 0 33 0 0 0 -20 0 0 
0 0 -4 0 0 -16 0 0 0 0 0 1 0 0 0 0 -3 0 0 0 14 0 0 0 0 0 0 0 0 50 -30 0 12 -22 21 0 0 0 0 0 0 0 0 19 18 0 0 -34 -45 0 40 0 15 0 -29 0 0 0 14 0 0 -50 -18 0 0 0 1 7 0 0 0 0 -6 0 0 0 0 0 0 40 0 -29 0 0 0 0 0 0 -45 -25 0 0 0 0 0 -3 0 -8 0 27 0 0 0 0 0 0 0 0 0 0 -49 0 0 -14 0 0 0 0 48 0 0 -13 -30 0 0 0 0 0 0 0 0 11 0 11 0 0 0 0 0 0 0 0 0 0 0 47 0 0 19 0 0 0 0 0 0 0 -50 10 0 0 0 0 0 0 0 0 0 0 31 -3 0 0 -11 0 0 0 -50 0 0 -32 0 0 0 0 0 0 0 0 0 0 0 0 0 0 -3 0 0 0 -32 12 
25 0 0 0 0 15 0 -7 0 0 0 0 0 0 0 0 42 46 0 0 0 2 7 13 0 0 0 0 0 0 0 -13 23 0 0 0 0 0 0 0 0 0 0 0 0 0 0 19 44 0 0 0 0 23 27 0 0 0 0 0 0 -2 0 0 -3 0 0 -47 0 0 37 0 3 0 0 0 -32 0 0 18 0 0 0 0 0 0 -37 1 0 0 0 0 0 0 -7 0 0 20 42 45 0 0 0 0 0 32 -6 0 0 1 0 0 0 0 -14 0 -12 0 0 23 0 -6 0 0 0 0 0 0 0 0 0 0 38 0 0 0 0 32 0 0 -37 -24 0 0 0 0 0 2 0 29 31 0 0 0 0 0 0 -37 0 0 25 0 0 49 0 0 -45 28 0 0 0 0 0 0 0 0 0 0 0 0 0 38 18 0 -35 0 0 0 0 -36 0 -38 0 0 0 0 0 0 -9 0 
0 -8 -21 0 0 17 0 0 -42 0 0 27 0 -49 0 0 0 -35 -39 0 0 0 0 0 0 0 0 -43 0 0 0 0 0 0 0 0 0 0 0 0 0 0 0 0 -33 0 0 0 0 -42 0 0 0 4 50 0 0 0 0 0 25 0 0 0 0 0 -49 0 0 0 0 -35 0 0 4 0 0 0 0 0 0 -6 0 25 0 0 0 21 0 -35 0 44 18 0 0 0 0 0 0 0 24 0 0 0 0 0 -29 0 0 0 -25 38 0 0 0 0 0 0 0 0 0 -41 0 17 0 0 0 0 0 -13 0 -23 0 0 0 0 0 0 0 0 0 0 0 24 0 0 0 0 0 -15 -8 0 0 0 0 0 0 0 -41 0 0 -7 0 0 0 -42 0 0 0 0 0 0 0 0 0 0 0 -21 0 0 0 0 0 0 -23 0 0 15 40 0 -8 0 0 0 0 0 0 0 0 0 
0 17 -41 0 -12 0 0 38 0 0 0 0 0 0 0 0 0 0 0 0 0 0 0 0 -46 0 20 0 0 0 0 -37 -17 11 0 0 0 0 0 38 0 0 0 -32 35 0 0 0 0 0 0 0 -28 0 0 0 0 0 0 0 0 0 0 8 0 0 0 0 -19 0 0 0 0 0 0 30 0 0 0 0 0 0 0 0 0 -43 23 0 0 0 0 -35 -49 0 0 0 0 0 0 0 0 -48 -43 -32 0 0 -38 0 0 0 0 -38 0 0 0 -39 0 0 -31 0 8 0 0 0 0 0 0 0 0 0 0 8 -28 1 0 0 0 35 0 -10 0 0 0 0 0 0 0 28 0 0 0 0 0 0 44 0 0 0 0 0 0 0 24 0 0 0 0 -20 0 0 0 0 0 -21 0 9 0 0 0 0 0 0 0 9 24 0 0 0 0 0 0 0 0 0 0 13 -9 0 0 0 
0 0 0 -27 -8 0 -3 28 0 -1 46 0 0 0 0 0 0 45 0 37 0 0 0 0 0 0 -37 0 0 0 -21 0 0 40 33 0 0 0 0 0 0 0 3 0 0 0 0 13 0 0 -30 23 22 42 0 0 13 13 0 -18 0 36 16 37 0 -1 -24 0 0 0 0 0 0 0 46 0 0 0 0 0 48 0 0 -34 -22 0 0 0 0 -24 0 0 0 0 0 5 0 0 0 -24 0 0 0 0 0 14 0 0 0 0 0 9 0 0 -22 0 0 0 0 0 0 -47 0 0 0 0 0 0 0 0 0 0 0 0 0 0 -26 0 0 -17 0 0 2 0 0 0 0 0 0 0 0 0 -28 0 0 0 0 0 0 0 -49 0 0 0 0 0 0 26 -24 0 -30 0 0 0 0 0 0 0 0 0 0 0 28 0 -44 0 0 0 0 0 0 0 0 0 0 0 -4 0 0 0 
0 0 0 -28 0 -37 35 0 0 0 0 0 0 25 0 0 26 -17 0 0 0 0 0 0 0 22 0 9 -30 0 -20 50 0 0 0 0 0 0 0 0 0 9 0 0 0 0 0 2 0 -13 0 0 0 0 -6 0 0 0 0 47 0 0 -8 -40 -24 0 0 0 0 0 0 0 0 0 18 0 0 0 0 8 0 16 2 0 0 0 0 0 0 0 6 0 0 -28 -22 0 0 0 0 21 0 0 -38 0 -9 0 7 0 17 -26 0 0 0 0 26 0 31 0 4 0 50 0 0 0 0 0 0 0 0 0 0 0 0 0 0 0 0 -47 0 0 -9 0 -3 0 0 0 31 -15 0 0 0 0 0 0 0 0 15 28 0 15 0 0 0 0 30 0 0 0 0 -29 0 4 0 0 21 0 0 -22 -46 0 0 50 0 21 -5 0 0 0 0 0 0 0 0 0 15 0 0 5 0 0 
0 48 0 0 0 -2 0 0 0 0 0 0 0 26 0 0 -33 0 0 0 0 0 0 -39 0 32 0 0 0 -27 0 -48 0 0 0 0 0 0 0 0 3 0 0 0 0 0 0 0 0 0 0 0 0 27 0 0 41 0 0 0 0 0 0 0 0 0 0 0 0 0 0 0 0 -21 0 0 -5 0 0 0 0 -39 0 0 0 0 0 0 0 0 43 8 0 0 0 0 0 0 0 39 0 11 0 0 0 0 -24 0 0 0 0 -2 -30 -33 0 0 -15 0 0 7 0 0 -15 5 0 35 0 0 0 0 0 0 27 0 22 0 33 0 0 0 0 0 -7 0 0 0 0 0 14 -45 0 -45 0 0 -33 0 0 0 0 0 0 0 0 2 4 11 0 0 0 22 0 0 0 -36 0 0 50 0 -33 0 0 0 12 0 0 0 0 0 0 0 0 0 0 0 10 0 -5 29 1 -41 
0 0 0 0 0 38 35 0 0 14 0 0 0 0 0 -7 0 0 0 0 0 -43 0 14 0 0 0 -11 0 0 0 0 0 0 0 32 19 0 0 -32 0 0 0 -28 0 0 0 0 0 40 0 0 0 6 0 0 0 0 0 0 5 0 0 0 -1 32 8 0 0 0 0 0 0 -18 -24 0 2 0 0 0 0 0 0 0 0 0 20 3 0 25 0 0 -15 0 0 21 0 0 0 0 -42 0 18 -17 -43 0 0 0 0 0 0 0 0 0 0 0 49 0 7 0 43 -15 -18 0 0 38 0 0 21 0 0 0 0 0 0 -8 0 0 0 0 0 0 0 0 0 0 0 0 0 0 -14 1 0 -26 33 0 0 0 0 0 0 0 0 0 0 0 0 0 0 0 0 0 0 0 0 0 0 13 0 0 0 0 0 0 0 0 0 -46 0 0 0 0 43 0 0 0 0 0 0 0 
-30 0 0 0 0 0 0 0 0 0 0 0 0 0 0 0 0 -39 0 0 0 12 0 0 38 0 0 0 0 0 0 -26 -20 0 0 0 18 0 -33 35 0 0 0 0 0 0 0 -25 0 0 0 0 44 8 0 0 0 0 0 0 49 0 0 0 0 0 0 3 -25 0 3 0 0 0 0 0 0 0 0 0 0 0 0 -22 0 0 0 31 38 -12 0 0 0 0 0 0 0 0 0 -4 0 0 0 0 0 -24 0 0 0 20 0 0 0 0 0 0 0 0 -14 0 0 0 0 0 0 39 0 -43 0 -14 35 1 0 44 0 0 0 0 0 0 0 0 0 0 0 0 0 0 49 0 0 20 0 0 0 0 0 0 0 0 0 0 0 -28 16 0 -16 -17 32 0 50 0 0 0 31 0 0 0 0 25 47 0 0 0 0 0 0 -23 0 0 -4 0 0 0 0 0 -13 1 0 0 
0 0 0 0 4 0 0 0 0 0 0 0 0 0 0 -5 0 43 0 0 0 0 0 0 0 -24 48 16 -29 0 -11 0 0 0 0 0 0 0 0 0 0 0 0 0 0 0 0 -46 -49 0 0 -28 0 0 0 -37 0 -2 0 0 0 0 -44 -39 16 39 48 0 -19 0 26 0 0 0 0 -10 0 0 0 0 0 0 0 -40 0 0 0 0 0 0 0 -32 0 0 0 46 0 44 0 -8 25 16 -23 0 0 0 -42 -14 -12 0 -41 0 0 0 0 0 0 0 0 -34 0 0 40 0 0 0 26 -49 0 -48 0 0 48 0 0 0 0 0 0 0 0 0 0 0 0 0 0 0 0 0 0 0 0 0 11 -35 0 0 0 14 0 0 0 0 0 17 0 -29 0 0 0 0 0 0 0 0 0 0 0 0 0 0 0 0 0 0 -43 0 22 0 0 0 0 -12 0 0 0 0 0 0 
0 27 0 -23 0 0 5 0 0 0 -23 0 0 0 0 0 0 0 -43 -49 0 35 0 0 0 0 0 0 0 -4 0 39 0 0 0 0 0 0 0 0 0 0 0 0 0 0 0 -1 0 0 0 0 0 0 0 16 0 0 0 0 0 9 0 0 0 0 23 -40 0 0 0 13 3 0 23 0 0 -14 0 42 0 36 0 0 -23 -27 0 21 34 0 0 8 0 0 43 32 0 0 -48 0 0 0 0 0 -29 0 0 0 -26 0 0 0 0 0 0 43 0 0 0 0 33 0 0 0 -26 0 0 0 0 0 0 0 0 0 0 0 27 23 0 0 0 0 0 0 0 0 0 0 -50 0 0 -32 0 0 0 12 26 0 0 -5 0 44 0 0 0 -6 0 0 0 0 43 0 0 0 0 0 0 0 22 0 0 0 0 0 0 0 0 0 0 0 0 0 26 32 0 0 0 0 0 -13 
0 0 0 -32 0 0 0 0 36 0 0 -45 -19 -21 0 0 0 0 0 0 26 0 0 0 0 0 -28 0 0 0 0 0 38 0 -16 -6 -34 19 0 0 13 2 0 0 -25 -46 -1 -22 18 0 0 0 0 0 0 -16 -33 0 -11 0 20 0 0 0 38 0 0 0 0 0 49 0 0 0 0 0 -8 0 0 0 -41 0 49 4 -45 0 0 0 0 0 -12 -12 0 33 0 1 0 0 -41 0 22 0 0 13 0 0 46 0 0 17 -34 0 0 0 0 0 28 -17 0 0 41 0 -40 0 0 0 0 0 10 -7 -40 0 0 0 0 0 0 0 0 0 0 0 -19 -6 0 0 1 0 0 0 -44 42 0 0 22 0 0 0 0 0 0 -33 0 0 -41 0 -35 24 0 0 0 34 0 0 0 0 0 -17 0 0 0 0 0 0 -9 -49 -1 0 0 0 0 0 16 50 32 0 0 0 0 0 
0 0 0 0 0 0 0 0 0 0 44 0 0 44 0 0 0 0 -6 45 0 0 0 0 0 13 0 0 -1 0 0 0 0 19 0 32 -45 44 0 0 0 0 0 0 0 -49 0 18 0 0 -7 28 0 0 -39 -27 0 15 -4 0 0 0 -27 25 14 0 0 0 0 0 0 0 0 0 0 0 0 0 0 0 4 0 0 0 0 0 0 0 0 0 0 -9 8 0 0 0 0 0 0 0 0 0 0 0 0 0 0 0 0 -26 0 0 0 0 0 0 0 0 0 0 0 0 21 0 0 0 0 -17 0 0 21 0 5 0 37 0 -23 -35 0 18 28 0 48 0 0 0 0 0 0 0 0 0 0 0 0 0 0 -26 42 29 0 0 0 0 0 0 0 -25 0 0 -34 0 0 0 4 24 0 0 0 0 -19 0 -9 50 0 0 0 0 0 0 -31 0 0 0 0 21 0 0 0 0 
0 0 -26 0 -42 0 19 -49 0 0 0 0 30 0 0 0 0 0 0 0 0 0 0 0 0 0 0 0 47 0 0 0 0 -42 0 27 0 0 -42 0 0 -13 0 40 0 0 0 0 0 0 35 0 0 0 -45 0 0 0 0 0 0 0 0 0 0 -26 -27 0 0 -34 -47 0 0 -12 0 -28 0 0 27 0 34 -42 0 0 0 0 0 0 -26 -13 0 0 0 0 0 0 34 0 0 0 0 0 0 0 0 0 0 0 44 37 0 26 0 0 0 0 -14 0 0 4 0 0 0 0 5 0 30 0 0 -8 -48 0 0 9 0 0 0 0 0 0 0 0 3 0 0 0 0 0 0 0 15 0 40 -6 0 0 0 -12 -28 3 0 0 0 0 0 0 11 -46 0 0 0 -27 0 0 4 -9 13 0 0 0 0 -10 0 0 0 -1 0 0 0 0 -17 2 0 0 23 0 19 0 0 0 
0 0 0 0 0 0 0 -2 0 0 36 0 0 -42 0 0 0 15 -19 0 0 0 0 0 0 0 0 0 40 0 0 0 -34 0 0 0 40 0 0 0 -30 0 0 0 0 0 0 0 -7 35 0 0 0 0 0 0 0 0 0 0 0 -31 0 -49 0 0 44 0 0 0 0 0 0 0 0 -43 0 0 9 0 25 0 0 0 0 0 0 1 0 0 0 0 0 0 0 8 0 0 0 -42 0 0 0 0 0 0 -39 0 21 0 0 20 0 -43 0 0 0 0 0 0 0 0 0 0 0 0 -43 0 0 7 0 0 0 -12 34 0 0 0 26 0 0 0 0 -15 0 0 0 0 0 0 0 0 0 0 47 0 -15 0 0 0 -12 0 18 0 0 0 -34 0 0 12 0 0 28 0 0 0 0 0 29 0 0 0 0 0 0 0 0 0 0 0 0 -21 0 0 0 0 0 0 -1 0 
22 0 0 0 0 0 0 0 0 0 44 0 0 33 13 0 0 0 0 0 0 -37 -33 28 -26 0 0 0 0 45 0 0 0 0 0 0 0 0 0 0 23 0 0 0 0 -28 0 0 28 0 0 0 0 0 0 2 0 0 6 0 0 0 5 -4 0 0 0 -9 0 0 0 0 -14 0 -39 0 0 0 0 0 0 0 0 0 0 0 0 15 0 0 0 0 0 0 0 -8 0 0 0 -43 0 0 0 0 0 0 0 0 0 26 0 0 0 0 0 0 0 0 0 0 0 0 0 0 0 -14 0 0 0 -49 0 0 12 -45 0 28 -11 0 0 0 0 0 0 0 0 0 0 0 0 50 9 23 31 0 0 0 0 1 0 0 25 0 0 0 29 38 -4 0 -25 -2 0 0 0 -39 0 14 0 0 24 45 0 -20 -23 -6 0 0 -15 0 0 0 0 0 0 0 0 0 33 0 0 0 
0 0 44 0 0 12 31 0 0 0 0 0 0 0 0 0 0 49 0 0 0 0 42 0 0 0 0 0 0 0 0 0 -46 -35 0 0 15 0 0 -28 22 0 0 0 44 0 0 0 0 0 0 0 0 0 0 0 0 0 0 -23 0 -24 0 0 -19 -7 0 -50 4 0 0 0 0 0 0 0 44 0 0 0 0 -47 0 0 -46 -2 0 0 -13 0 18 0 0 -28 12 0 0 0 0 0 -44 0 0 0 0 30 0 0 -8 0 0 0 0 -48 0 0 -10 9 0 0 0 0 0 0 0 0 0 0 -32 0 9 0 0 -42 0 0 0 -49 0 0 13 -20 -8 -16 0 0 0 0 0 0 0 0 0 0 0 0 0 0 37 0 0 -26 -46 0 0 0 0 0 0 0 0 -2 0 0 0 0 0 -34 0 0 0 37 0 0 -31 19 0 0 0 0 0 19 0 0 -26 27 0 40 40 0 
0 0 0 0 0 0 0 0 0 0 0 0 4 0 0 0 0 0 0 0 0 0 -12 -21 0 0 0 0 0 0 0 0 0 0 0 0 0 23 4 0 42 0 27 6 8 0 0 0 0 0 0 0 0 0 -8 0 -32 0 0 0 0 0 0 0 0 0 -33 0 0 0 0 15 34 0 16 0 0 0 0 3 0 -46 0 0 -29 0 -5 0 31 0 0 0 0 -24 0 0 -2 0 0 0 0 -36 4 0 0 -43 0 -3 0 0 0 0 0 28 15 1 0 0 0 38 0 0 0 0 -43 0 0 44 50 0 0 25 0 0 30 0 -1 0 0 0 0 3 0 17 -36 0 0 0 0 0 0 0 0 50 0 0 0 0 -3 8 0 0 -32 0 0 0 -2 0 -24 0 0 0 0 0 4 0 0 0 0 0 0 0 0 0 -5 0 0 0 20 0 0 0 0 0 0 -3 -45 0 1 -31 
0 0 0 7 0 35 0 0 -36 0 -13 0 49 4 0 -3 0 0 0 0 0 0 0 0 29 0 0 -3 0 0 0 0 0 0 31 0 -29 27 50 0 0 -6 0 0 0 0 0 0 -39 -45 0 0 0 -8 0 0 0 0 0 0 0 -47 0 0 0 0 0 0 0 0 0 0 0 0 0 0 0 37 0 0 0 8 -3 0 0 -22 -17 37 0 0 0 0 0 0 0 0 0 -48 0 0 0 -38 0 27 0 0 0 24 0 -28 0 0 0 0 0 -3 0 13 -47 0 0 0 -19 0 0 1 0 0 1 31 -22 0 0 0 0 0 0 0 -32 0 -36 0 0 0 13 0 0 -11 0 48 -34 32 0 -5 2 0 0 0 0 0 0 0 -16 0 0 -38 0 6 0 0 0 -11 0 0 -21 0 0 0 0 0 0 42 0 0 0 -43 0 -34 0 0 0 0 21 0 0 0 0 0 0 3 
0 0 0 0 0 0 0 49 41 0 0 0 -7 0 0 0 0 0 0 0 -4 0 0 0 17 0 0 30 0 0 -24 0 0 0 0 0 0 0 0 0 0 0 0 0 0 -37 16 -16 -27 0 0 2 0 0 0 0 4 0 0 0 0 0 0 0 0 -48 0 0 0 0 22 0 0 -13 0 35 0 25 0 0 0 0 0 0 0 49 0 0 0 34 0 -40 0 0 0 13 0 0 0 0 6 -8 0 0 0 45 -11 0 -10 -25 0 24 0 0 18 41 0 0 0 25 0 1 0 0 31 0 0 45 -16 0 -16 0 0 0 0 0 21 0 0 0 0 23 0 0 0 0 0 0 30 0 0 -29 0 0 0 0 0 -35 0 44 0 0 0 -41 0 0 0 0 36 0 0 0 0 0 0 0 0 -49 0 -3 0 0 0 0 0 0 0 0 0 0 0 6 0 -5 0 0 0 0 0 0 
0 -25 37 0 0 0 0 0 33 45 0 0 0 0 0 0 0 1 0 0 0 0 -44 -23 0 0 46 0 0 0 0 0 0 0 0 -22 0 0 0 0 13 0 41 0 0 0 0 -33 0 0 0 0 0 -32 0 4 0 0 0 26 0 0 0 0 0 0 0 0 -6 0 0 0 0 0 -48 22 0 -40 0 0 0 0 0 0 -6 0 0 0 0 0 0 14 0 0 0 0 50 46 0 0 6 0 0 0 -26 0 6 0 0 0 0 0 27 0 50 0 0 -20 45 0 0 0 0 0 0 0 38 8 0 0 0 0 39 0 0 0 0 27 0 0 0 45 29 4 0 0 4 0 0 0 0 0 0 0 0 -35 9 18 0 0 50 0 -1 0 0 30 0 0 0 -44 0 0 37 0 0 0 0 0 0 -13 0 36 6 0 36 0 0 0 0 0 0 0 -41 0 0 0 0 0 0 0 
-33 -36 0 -28 18 -9 -12 0 0 0 28 -8 0 0 0 0 -3 0 0 35 0 0 0 -3 0 -22 0 0 0 0 0 0 0 0 0 43 0 0 0 0 13 0 0 0 0 -2 0 0 15 0 0 0 0 0 0 0 0 0 50 0 0 0 0 0 41 0 -31 0 3 0 0 0 44 0 0 0 0 0 -14 0 0 37 34 -43 0 0 0 -17 0 19 0 0 14 0 8 0 -11 0 0 0 0 0 16 0 6 0 34 0 27 0 0 0 -34 0 0 -28 0 0 0 0 0 0 0 0 0 -19 0 -49 0 0 0 0 -3 0 0 0 0 0 -15 17 0 -3 49 0 0 0 0 0 0 0 -18 0 -25 0 0 0 0 0 0 33 0 46 0 0 0 0 0 0 0 0 0 0 0 0 0 28 -21 0 0 0 0 -16 0 0 -21 0 0 11 0 0 0 -36 0 0 0 0 0 -12 0 0 
-10 0 0 -10 0 0 0 0 0 0 0 0 -31 0 10 0 0 0 0 -50 0 0 0 -44 0 0 -31 0 0 0 13 0 0 3 -49 0 14 0 0 0 0 0 0 0 0 0 0 -11 -4 0 0 6 0 0 0 0 0 50 45 0 0 0 0 0 0 0 0 0 0 0 0 0 0 0 0 41 0 0 7 0 -36 0 0 0 0 0 0 0 0 30 19 0 -40 -8 0 0 0 0 24 12 7 0 -14 -15 0 0 0 7 -13 -24 0 0 0 0 0 0 0 0 0 0 0 0 29 0 0 0 32 16 0 0 0 0 -35 0 23 0 -23 0 45 0 -39 0 -36 0 0 0 0 -27 0 0 0 0 36 0 0 0 0 40 0 -9 0 16 0 -13 0 0 0 16 39 0 0 0 0 -11 0 3 -10 -17 0 0 0 0 0 -28 0 0 0 0 0 0 0 -37 0 0 0 0 0 0 0 0 
0 0 0 0 0 0 0 0 0 -11 0 0 23 0 0 -36 0 17 0 0 0 0 0 0 0 0 -17 0 0 -35 0 0 0 0 0 0 0 0 0 0 -18 47 0 0 0 0 0 0 0 0 0 0 -23 0 0 0 26 0 0 0 0 -14 0 -46 0 0 0 0 -31 -39 0 0 0 0 0 0 0 0 0 0 0 0 0 23 0 -15 0 0 0 9 0 0 0 0 0 14 0 0 0 0 0 0 0 35 0 0 0 0 30 0 -45 -32 0 0 35 48 0 0 0 0 0 0 0 0 0 24 0 0 47 0 0 0 -45 -16 13 0 25 0 47 35 0 0 0 0 0 0 0 0 0 0 0 0 0 0 0 7 -43 0 2 0 5 31 -43 0 0 0 -10 0 0 0 0 0 0 0 0 0 0 0 -33 0 0 -47 0 5 0 0 0 0 24 -38 0 0 0 -40 0 0 0 0 0 0 
0 0 0 0 0 0 0 0 0 33 0 0 0 38 20 0 0 0 0 0 0 0 0 0 0 0 0 0 0 0 0 -31 0 0 0 0 0 0 25 0 0 0 0 5 49 0 0 20 0 0 0 0 0 0 0 0 0 0 0 0 0 0 0 0 0 0 0 0 0 0 0 0 0 0 0 0 -19 0 0 -24 -19 -40 0 0 0 0 0 0 0 0 0 0 27 0 -14 0 43 0 0 0 0 0 0 0 0 0 0 24 0 2 0 0 0 0 0 0 7 -40 0 5 0 0 0 -8 0 0 0 0 0 0 0 0 -14 0 0 -22 0 0 0 0 0 -15 0 0 0 0 0 -29 0 0 0 -7 0 0 -47 0 0 0 0 19 0 0 0 0 0 0 0 0 0 0 0 4 0 0 0 0 -10 0 0 0 0 0 0 0 0 0 -7 0 0 -39 0 0 0 0 0 0 0 0 45 0 
0 0 11 0 0 -22 -5 0 0 0 0 0 0 0 0 0 0 0 -47 -2 13 -25 0 -23 49 0 0 -11 0 0 0 0 0 1 0 11 -50 -2 0 0 36 0 0 0 0 0 9 0 0 0 -31 0 -24 0 -47 0 0 0 0 -14 0 36 -17 0 0 0 0 0 0 0 -28 0 0 0 0 0 43 0 0 -27 -41 0 39 0 9 0 0 0 0 0 0 0 0 0 0 0 5 0 0 0 0 0 0 0 0 0 0 0 0 0 28 0 0 0 0 0 0 0 0 0 0 42 0 0 0 0 0 0 -25 0 0 -1 0 0 0 0 0 0 0 0 0 0 0 0 0 0 0 0 0 -40 0 11 0 0 0 0 0 0 0 0 0 0 16 0 5 0 0 18 0 0 0 -44 0 5 0 30 0 -6 20 0 0 0 0 13 -31 0 -6 4 0 0 33 0 0 0 -23 0 0 -39 0 0 
0 -29 0 0 0 0 47 -40 31 0 0 -34 0 0 0 0 0 -27 0 0 0 0 0 0 0 0 0 21 37 0 0 0 0 0 0 0 -18 0 0 0 16 -8 0 0 0 -44 0 0 -27 0 0 5 0 0 0 0 0 0 0 0 0 -17 0 0 0 -24 26 0 0 0 -12 0 0 -32 0 50 0 0 25 0 0 0 -14 18 40 0 0 0 42 17 0 0 0 0 0 0 0 0 -19 0 0 0 4 0 0 0 0 0 0 27 0 0 0 0 -37 0 0 0 0 0 0 0 0 38 0 22 0 0 0 10 0 0 0 0 0 0 0 0 -45 -7 0 37 0 0 0 0 0 0 0 0 0 0 46 -33 0 0 0 0 0 0 0 0 0 0 0 2 31 0 0 0 0 0 -40 0 -12 0 0 0 0 0 0 18 0 0 0 0 0 0 0 -40 0 -39 0 34 0 0 0 0 49 0 
-14 35 0 -9 0 -32 0 0 0 0 21 0 -26 0 0 0 -34 0 0 0 0 -36 4 0 0 0 37 -45 0 0 0 -23 -11 0 0 0 0 0 0 8 37 -40 0 0 0 -39 0 0 25 0 -49 -4 0 0 0 0 0 0 0 -46 0 0 0 35 0 0 0 -22 0 0 1 0 0 19 0 0 26 0 0 -35 0 0 0 0 0 0 0 -5 0 -34 37 0 0 0 44 0 0 0 25 0 0 0 0 47 0 1 0 1 0 -16 0 0 16 0 11 -10 0 0 0 0 0 0 31 0 0 0 0 0 23 0 0 0 17 0 0 0 0 0 3 27 0 0 0 0 0 -13 0 0 0 -40 0 0 0 0 -25 -13 0 0 0 0 0 0 0 34 0 -11 0 5 0 0 0 0 0 0 0 0 0 -12 0 0 23 -39 0 0 0 0 -47 0 0 34 0 0 0 0 0 34 -40 0 -3 0 
0 0 0 0 -22 0 0 2 0 0 0 0 0 -37 0 0 -9 0 29 0 0 0 0 0 0 0 0 0 0 0 0 0 0 0 -1 0 0 -3 0 0 0 -24 0 -1 0 16 0 38 14 0 0 0 -19 0 0 0 0 41 0 0 0 0 0 0 0 0 0 0 0 0 0 0 0 11 48 -13 0 0 -48 0 0 14 0 -50 5 0 -3 24 0 0 0 0 0 0 0 0 -31 0 19 0 -9 0 0 0 0 0 -38 28 0 0 -21 0 0 0 0 -42 0 0 0 0 50 0 14 0 20 0 27 0 0 0 0 0 -48 0 0 14 0 0 0 0 46 0 0 34 0 0 0 0 27 0 0 39 12 0 0 -50 46 0 0 0 0 0 47 0 -43 0 37 34 43 0 0 42 49 0 0 0 -43 -39 0 -2 0 -2 42 30 0 -48 0 0 0 0 0 0 0 10 0 0 0 7 0 -4 
-12 -47 0 38 -32 0 0 0 47 0 0 0 0 0 0 0 0 0 0 0 0 0 0 0 0 0 0 0 0 -27 0 0 0 0 0 0 0 0 0 0 -1 0 0 32 0 39 0 0 0 -26 0 0 -7 0 0 -48 0 0 0 0 0 0 -24 0 0 0 0 0 0 -8 -16 0 0 32 -27 0 0 0 0 0 0 0 0 0 -38 0 0 0 0 0 0 0 0 0 0 0 0 13 0 0 0 0 0 0 0 0 0 0 0 0 0 0 0 20 0 0 0 2 -28 0 -23 0 0 0 0 6 0 0 0 0 -39 0 0 0 0 0 -19 0 0 -33 0 0 0 -14 0 0 21 0 0 0 -17 0 0 0 0 0 0 -38 0 0 0 -28 0 10 -3 0 0 6 0 13 0 37 21 0 0 0 0 0 0 -37 0 0 0 0 9 9 0 0 0 -40 0 42 0 -43 0 0 0 0 0 0 
44 0 -31 0 0 0 0 -9 42 0 0 0 -18 29 0 -28 0 0 0 0 0 -17 0 0 0 -27 39 26 0 24 0 -18 0 -42 0 0 1 0 -49 0 -24 0 0 8 0 48 23 0 0 -27 44 0 0 -33 0 0 0 -31 0 0 0 0 26 0 0 0 0 -21 0 0 3 0 0 0 0 0 0 0 0 0 0 0 0 0 0 0 31 35 0 35 0 0 18 0 0 0 38 0 20 17 -33 -5 34 0 46 0 -17 0 0 0 -21 -36 0 12 -41 0 -19 0 27 0 -24 0 0 0 0 0 0 0 -24 0 0 0 0 27 23 0 0 0 27 0 0 0 0 0 0 12 0 36 0 0 31 0 -39 11 0 0 0 0 0 39 0 0 45 7 -39 0 0 0 0 0 0 0 0 -13 38 39 0 0 0 0 0 0 0 -3 0 0 0 32 -28 0 0 0 0 0 -13 20 0 0 0 -47 
0 47 7 0 0 0 8 -14 0 0 30 0 0 0 0 0 0 0 -48 0 0 0 0 0 33 0 0 0 0 0 0 0 0 0 0 0 7 -47 0 0 0 0 0 0 3 0 -40 0 0 0 0 -9 -50 0 0 0 0 0 0 0 0 0 0 -22 0 0 -21 -7 0 -11 0 38 19 0 0 30 0 0 0 0 0 0 -13 0 0 15 0 0 0 4 0 0 0 0 16 0 0 0 0 -30 0 -1 0 35 0 0 0 20 0 0 0 39 0 0 0 0 0 0 0 -32 0 0 0 46 0 0 0 0 0 0 0 0 0 0 0 0 0 0 0 0 0 -10 0 0 0 0 0 0 0 0 -19 0 4 0 0 0 0 0 0 0 -39 0 0 0 0 0 0 -43 0 0 0 0 40 0 26 23 22 0 0 0 0 40 0 0 0 25 0 0 0 -40 -12 0 0 0 0 0 0 0 0 0 
14 0 -42 0 0 0 0 0 0 4 0 27 0 0 0 0 0 0 -43 0 0 0 -42 0 0 0 0 0 0 0 0 0 0 0 0 0 0 0 0 -19 0 0 0 0 -25 -19 0 0 0 0 0 0 4 0 0 0 -6 3 0 -31 0 0 0 0 0 0 0 0 36 0 0 0 0 -20 0 0 0 0 0 0 0 0 0 0 0 0 0 0 0 48 0 0 0 0 0 0 0 0 0 0 0 0 0 0 -8 0 0 0 -10 0 0 0 30 0 0 17 5 -5 0 16 0 0 -24 0 0 0 0 0 0 -31 0 0 0 0 -12 0 0 -22 0 0 33 0 0 0 0 22 0 0 0 0 6 0 -47 0 0 0 -35 -5 0 0 0 -25 0 0 0 0 0 -12 0 0 0 0 0 20 0 0 0 0 0 0 0 0 0 0 0 36 0 0 -50 0 0 0 16 0 0 0 0 0 0 0 
0 0 0 22 21 28 0 23 0 0 44 0 0 0 0 0 0 0 0 0 0 0 0 0 8 0 0 -18 0 -40 0 0 0 0 0 0 0 0 0 0 0 0 0 0 0 0 0 0 0 -34 0 0 0 0 0 0 0 0 0 -39 0 0 0 0 0 -8 0 -11 0 0 0 32 0 0 0 -27 -37 0 0 20 0 0 -26 0 0 24 0 0 -12 0 39 0 0 0 22 0 0 0 0 0 0 38 19 0 0 0 0 0 0 0 -23 0 -48 0 0 0 0 0 0 0 11 0 0 -16 1 0 0 20 -20 34 45 0 0 0 0 0 -1 0 0 0 0 -50 0 0 0 0 0 0 0 2 0 -34 0 19 0 6 0 0 0 0 0 0 7 0 0 6 20 0 41 0 0 0 0 0 0 0 0 0 0 -8 0 0 0 -21 0 0 0 30 46 0 0 0 0 0 0 0 0 -16 0 0 
0 0 46 0 -25 0 -40 27 0 0 0 0 0 39 0 0 0 47 0 27 0 0 0 49 0 31 0 0 -44 0 0 0 0 0 0 0 0 37 0 0 0 0 0 0 3 26 0 49 0 -47 0 0 0 0 0 22 0 0 0 0 0 -28 -12 1 0 -16 3 0 0 0 12 -47 -27 0 38 0 -30 0 0 0 8 -28 0 0 0 0 0 -32 44 0 0 0 0 0 0 0 0 4 -28 0 0 0 0 0 0 0 0 0 -2 0 0 0 0 0 0 0 0 0 0 -24 0 0 0 0 0 0 0 0 0 0 0 20 0 0 5 40 0 11 0 4 0 -44 -47 0 0 0 -1 0 0 0 0 0 41 0 0 0 0 0 43 0 0 0 0 35 0 0 0 -37 0 0 0 0 18 0 0 4 0 0 0 -24 0 0 -3 -29 0 0 0 0 29 -12 6 0 0 0 0 0 -37 40 0 0 
0 -20 46 0 29 0 0 0 0 -13 0 -17 0 0 0 0 0 0 0 -33 0 0 0 -36 32 2 -22 0 0 0 0 -9 -19 0 0 6 0 0 -35 0 0 0 0 0 0 0 13 0 0 0 0 0 0 15 0 0 0 0 0 0 0 0 0 0 0 0 0 38 0 32 -47 0 0 0 0 0 0 0 0 0 0 0 31 0 0 0 0 0 0 0 0 0 0 12 -8 0 0 0 0 0 0 0 0 0 0 18 0 0 0 0 0 0 0 7 -38 16 49 0 0 -33 0 0 -33 0 0 -14 0 0 0 0 0 0 0 0 0 0 45 0 0 0 0 0 25 0 0 0 0 0 0 0 -4 28 0 0 19 -26 0 0 0 13 0 0 0 0 0 0 0 0 43 0 0 0 0 0 0 23 0 0 -14 11 0 0 0 40 34 0 0 0 0 0 0 0 0 0 0 -43 45 0 0 0 
0 -44 0 0 0 0 0 0 0 0 0 0 0 0 0 0 0 0 0 0 -31 0 0 -25 0 0 6 0 0 0 0 0 -41 0 0 0 -6 3 0 0 0 0 0 0 0 0 3 0 0 0 0 -14 0 34 0 0 0 44 0 0 0 0 0 0 0 0 0 19 0 0 -27 0 0 0 38 19 0 0 25 21 0 0 0 5 0 9 0 0 0 0 42 0 7 0 0 -50 13 0 -27 0 0 0 -40 44 0 -49 0 0 0 0 0 0 0 -8 0 16 0 0 0 -41 -19 31 -3 0 0 0 0 0 0 0 32 0 0 0 0 0 0 0 0 0 0 0 0 0 -1 0 0 0 0 0 0 48 0 0 0 -21 0 0 0 38 50 0 0 40 0 0 0 -22 0 0 0 0 0 0 35 21 31 0 0 46 0 0 35 0 -2 0 0 -45 -3 0 -48 0 0 0 0 0 0 0 27 0 
0 -43 0 0 0 -41 -34 0 0 0 0 0 0 0 -42 49 0 0 0 0 -14 0 39 0 0 7 0 0 32 0 0 0 0 0 0 0 0 0 0 0 0 0 -21 -18 0 0 0 0 0 -12 0 0 0 0 0 -13 0 0 0 0 0 0 -32 19 11 32 0 0 -20 0 0 0 0 26 0 0 0 0 26 -45 0 0 0 -39 24 0 0 0 0 0 0 0 0 -29 0 0 0 0 0 0 -48 0 -1 -9 0 0 0 50 -1 0 31 44 0 0 0 0 0 0 0 0 -4 -29 0 0 0 -3 0 0 21 0 0 -11 0 0 0 0 0 0 0 0 0 0 0 44 0 0 0 0 0 10 0 0 43 0 0 0 0 0 -18 0 40 0 0 0 0 0 0 0 0 0 -50 -49 -24 -12 0 0 0 -27 0 0 0 0 0 0 0 0 -20 0 -30 0 0 0 0 0 0 0 0 2 0 1 
0 0 0 -36 0 0 -11 0 0 33 0 0 0 0 0 0 0 19 6 0 0 0 0 0 0 0 0 0 0 0 0 0 20 0 -3 0 0 0 4 0 46 18 0 -24 0 0 23 0 0 0 0 -39 0 16 0 0 -48 0 0 0 0 0 0 0 48 -27 0 0 0 0 38 0 38 0 0 0 -14 0 0 0 0 0 0 -32 0 0 0 0 0 -32 0 0 0 0 0 2 -5 0 23 0 -6 0 0 0 17 0 0 0 0 16 0 0 16 -38 0 0 -40 0 0 0 0 0 0 0 0 0 0 0 37 8 0 0 0 0 0 0 0 0 0 -46 0 0 0 44 0 0 -13 -26 0 0 0 -42 0 0 0 0 0 0 0 0 0 2 -15 0 0 8 -33 0 0 0 0 0 0 0 0 0 0 31 8 -32 0 0 0 0 0 5 0 0 0 0 0 0 39 0 0 -32 0 -19 0 0 
0 -17 19 0 0 0 0 -22 0 0 0 0 -25 0 0 -6 11 21 33 -15 31 0 0 0 0 0 0 26 27 0 0 0 0 -50 0 0 0 0 0 30 0 0 0 0 0 -10 0 0 0 -28 -43 0 0 0 0 35 22 0 41 0 0 0 50 0 -13 0 0 30 0 -27 0 0 19 0 0 -26 0 0 0 -46 -21 23 0 -47 0 0 0 0 0 0 0 -8 0 0 0 -2 19 -47 0 -46 0 0 -44 0 -42 0 -17 0 -26 0 0 -33 0 0 0 0 -19 3 0 0 0 0 0 0 0 0 0 0 0 0 0 0 0 0 0 0 0 -26 3 0 -5 13 0 0 27 0 0 0 -49 0 0 0 0 0 0 0 -11 0 0 0 0 -46 -29 0 0 -48 23 0 0 -49 0 0 0 0 0 0 0 0 0 0 0 0 0 0 0 -24 0 0 0 0 0 0 0 0 0 0 0 0 -23 0 
0 0 -20 0 0 -40 0 0 0 -45 0 8 0 0 0 0 0 25 0 0 0 0 -1 -36 0 0 0 24 0 0 34 -6 0 0 26 0 0 -32 0 0 0 0 -5 2 0 0 0 -8 0 0 0 0 44 0 0 0 0 0 0 0 -19 43 0 26 0 0 0 0 0 -37 -30 0 0 0 -14 0 0 0 -5 -3 0 0 40 0 -37 0 30 0 0 -22 0 42 0 0 0 0 -5 0 0 -3 -28 0 0 0 0 0 47 -34 0 0 0 0 -23 0 0 0 0 0 -6 0 0 0 0 0 0 0 0 0 0 0 0 0 0 0 0 14 49 0 0 0 0 0 0 0 -30 -27 0 22 43 -33 41 0 0 0 -11 0 0 0 0 0 0 0 0 0 0 0 9 0 0 0 -45 0 0 0 -43 0 0 0 0 0 0 0 0 0 0 0 -38 0 -16 -34 0 0 7 -45 0 0 -47 25 0 0 
0 0 0 3 0 0 0 0 0 -2 0 0 0 0 0 -30 20 0 0 0 0 0 0 0 0 0 10 0 0 0 0 15 38 -21 0 0 0 0 0 0 0 0 0 0 0 0 -14 0 0 0 0 0 0 0 37 25 -40 0 0 0 0 0 0 0 0 0 0 0 0 0 0 0 0 0 0 0 0 0 0 0 -13 0 0 0 0 0 0 0 0 0 0 11 0 0 0 0 31 9 0 0 34 0 0 0 -36 18 -19 0 0 0 0 0 0 0 0 -22 0 0 0 0 0 0 0 0 0 0 0 0 0 0 0 0 0 0 0 0 0 0 0 26 50 0 0 0 0 0 0 10 0 0 0 26 33 0 0 0 0 0 0 0 21 0 0 0 0 0 9 0 0 0 0 0 0 0 46 0 0 0 0 0 0 0 0 0 -40 0 0 0 0 0 0 0 0 -35 0 0 0 0 0 0 
0 0 0 0 0 0 0 0 0 -9 33 0 0 38 0 0 -26 25 39 0 0 12 -29 0 0 34 0 0 0 0 0 0 0 0 0 26 0 0 0 0 0 0 0 0 0 0 0 0 0 27 9 0 0 0 0 0 0 -14 7 0 0 0 25 0 -48 0 0 0 0 0 0 0 25 26 0 0 -5 0 -47 0 38 0 0 0 33 0 0 4 0 19 -20 -19 -27 0 0 -44 0 0 0 0 0 0 0 0 0 0 0 0 0 -17 0 0 0 0 0 0 0 -23 0 0 0 0 -5 -28 0 26 0 45 0 0 0 0 47 -8 0 0 0 0 -14 0 0 0 0 0 0 38 0 0 -42 0 0 0 -16 0 0 0 0 0 -37 -18 0 0 0 0 0 0 -11 0 0 0 0 0 -37 0 0 0 0 0 0 0 0 -44 0 19 0 0 0 0 0 0 -35 0 0 0 0 0 0 0 14 -22 
0 0 49 0 0 0 0 -15 -4 -44 0 0 0 0 24 -33 -35 0 0 0 0 0 -42 0 0 0 0 0 0 0 0 0 -23 0 12 0 40 18 0 0 0 8 0 0 0 0 42 0 0 0 0 0 0 3 0 0 0 0 0 0 -24 -27 0 -35 0 0 0 0 0 20 0 0 21 -45 0 -46 -3 0 0 30 0 -46 -38 -46 0 0 0 6 0 0 48 0 -17 0 0 0 0 0 -22 -34 0 0 0 0 0 0 0 0 0 0 0 0 0 0 0 35 0 0 0 0 0 -3 -1 0 0 0 -22 19 0 0 0 0 -20 0 -40 -7 0 0 0 0 -33 0 0 -22 0 0 0 37 0 0 0 0 0 -18 0 -41 0 32 0 0 42 0 -28 0 0 25 43 0 0 44 0 0 0 0 0 -39 37 0 0 0 -39 0 0 0 0 23 0 0 12 -41 0 24 0 0 0 0 0 0 0 0 
0 0 0 30 0 0 -50 0 0 0 0 0 0 0 0 0 0 0 0 10 0 0 41 0 0 0 0 0 0 0 0 0 0 0 0 0 0 0 0 0 48 0 0 0 0 0 0 -41 4 34 25 0 0 0 0 0 0 0 -36 0 -19 -41 0 0 0 0 0 0 0 0 8 0 0 0 0 -21 0 -13 38 0 0 0 0 0 0 0 0 -32 0 0 0 0 0 0 35 0 0 0 1 0 0 25 0 0 0 0 0 -8 0 0 0 0 -48 0 0 0 -31 0 0 0 0 0 -36 0 0 -44 -7 0 0 -12 29 0 0 0 0 33 0 0 0 0 0 0 0 32 0 0 0 0 0 0 36 0 0 -2 0 -25 0 0 0 0 27 0 0 0 0 0 0 0 0 -40 0 0 0 0 0 -37 0 0 -6 -49 43 -37 0 -38 -7 0 0 45 0 0 0 0 0 18 0 0 0 0 0 0 
0 0 0 0 -10 0 0 0 16 0 0 0 0 0 0 -10 0 0 0 0 0 0 50 -8 0 0 0 0 0 0 0 0 0 0 0 0 -29 0 -6 0 0 16 -39 0 0 0 36 0 0 -42 0 0 -47 -46 8 0 0 37 0 0 -40 0 0 0 14 0 0 0 0 0 -28 0 0 0 0 23 0 0 0 -46 0 0 -36 0 0 0 0 0 36 0 0 0 0 50 0 0 0 14 0 0 0 0 -39 0 37 -47 0 0 0 0 13 0 0 0 0 -35 0 48 0 0 0 0 0 0 0 0 0 0 0 0 0 0 21 35 0 -33 0 0 44 0 0 0 0 0 17 -29 32 0 0 9 0 0 -46 0 37 -12 0 14 4 0 22 0 0 0 0 0 0 0 0 0 0 0 0 34 0 0 0 0 20 0 0 0 0 0 -16 0 0 0 0 0 0 0 0 0 0 -30 50 0 0 -44 
-10 0 0 0 0 0 0 34 39 0 0 0 41 0 0 0 0 0 0 0 0 26 0 0 0 0 -33 0 0 0 0 0 0 0 0 -32 0 0 0 0 0 2 0 0 0 0 0 49 0 0 0 0 0 0 -3 0 0 34 0 0 0 39 -14 0 0 0 0 -13 0 -26 0 31 0 0 0 0 40 0 0 -38 0 -36 0 -34 0 0 42 -13 0 39 0 0 0 0 0 12 0 15 0 0 0 0 0 0 0 0 0 0 0 0 0 0 -40 0 0 -2 0 0 40 -31 0 -46 0 0 0 0 0 0 0 0 0 -2 0 29 0 0 0 0 0 0 0 0 0 0 0 0 0 0 0 0 0 0 0 -25 0 0 0 0 0 0 0 0 0 -47 0 0 0 0 0 48 0 0 0 0 -41 0 0 0 -13 0 21 0 0 0 0 0 0 0 0 -38 0 0 0 12 0 0 0 -36 0 0 
0 0 0 0 0 24 0 0 0 0 0 0 -32 30 29 -25 0 0 0 0 0 -48 0 0 0 0 0 0 0 0 0 48 0 0 0 0 0 0 25 0 -34 0 0 0 -22 -40 0 4 0 0 0 0 0 0 0 0 0 -43 0 23 0 0 18 0 -50 0 0 0 0 0 0 0 5 -39 -32 -47 0 0 0 -46 0 0 -34 0 0 0 0 0 0 0 0 0 0 0 0 0 0 0 -32 49 0 0 0 0 -19 0 0 47 0 0 0 0 0 0 46 0 0 0 0 0 0 0 0 0 50 0 0 0 0 0 0 0 25 0 0 0 0 8 0 0 11 0 0 -29 0 0 0 0 0 44 39 0 0 -33 -19 25 0 0 0 0 0 0 32 -27 0 32 10 -5 21 0 0 0 0 -14 0 0 0 0 -32 0 40 41 0 -27 0 0 0 0 0 0 0 0 -5 -35 0 49 0 0 20 0 
0 -11 -23 0 0 0 1 -31 0 6 0 0 0 11 0 0 0 -14 0 0 0 0 0 0 0 0 0 0 -32 0 4 0 0 -50 0 0 0 0 0 0 -22 0 0 0 0 0 -23 -45 0 0 0 0 -46 -29 0 0 -6 0 0 0 0 9 40 0 5 -38 0 0 0 0 0 0 0 24 0 0 -37 0 33 0 0 0 0 0 -28 0 0 -14 0 0 0 0 0 0 0 0 0 -15 0 28 -47 0 0 0 0 0 0 0 0 0 0 19 0 0 0 0 0 0 0 0 0 0 0 16 0 10 0 0 0 0 0 -28 0 0 0 0 0 0 0 0 0 0 -32 -33 0 0 0 23 0 0 -50 0 0 -47 0 0 0 0 0 0 48 0 0 -31 0 0 0 0 0 12 0 0 16 -12 0 -9 -17 0 0 0 0 33 0 0 0 0 0 0 33 0 0 0 24 0 0 0 0 0 0 0 
0 0 0 -37 0 0 0 0 -29 0 42 24 0 0 0 0 0 0 0 0 0 0 0 0 0 0 0 38 0 0 -15 0 0 0 0 -17 0 0 0 -43 0 0 0 0 0 0 -27 0 0 0 0 0 -2 0 -22 49 0 0 0 -15 0 0 0 0 0 0 0 15 0 24 0 0 9 0 0 0 0 0 0 0 0 0 0 0 0 -14 0 38 0 0 -25 0 20 0 49 0 0 0 24 0 0 0 0 0 0 0 0 0 13 0 0 0 0 0 0 0 -14 -42 0 0 0 0 18 24 0 0 0 0 0 -13 0 7 0 0 -49 1 0 27 0 0 0 0 0 0 5 -14 0 0 0 0 0 0 0 18 0 0 0 0 0 30 0 0 0 0 0 0 0 0 0 0 0 0 0 -9 0 -50 0 4 0 0 0 20 0 0 0 0 0 0 0 30 -28 0 0 0 0 0 0 0 0 20 
0 0 0 0 -5 0 0 0 0 0 0 5 0 0 0 0 0 0 0 -47 0 0 0 19 0 0 0 0 0 0 0 0 0 0 0 -7 0 -37 0 23 0 0 0 20 0 0 0 0 0 0 0 0 0 -5 -17 0 0 0 0 0 0 0 0 0 -3 0 31 0 0 0 0 0 0 0 0 0 30 0 0 0 0 0 42 0 0 0 0 -25 31 0 0 32 0 -40 0 0 0 0 0 0 0 -12 0 -35 0 0 0 0 0 0 0 0 0 0 -27 0 0 6 0 -16 0 0 0 0 -7 0 0 0 29 0 0 0 -40 0 0 0 0 0 7 0 0 0 35 18 44 0 0 0 0 35 0 0 12 -2 0 0 0 0 0 0 0 0 -28 0 0 0 -15 0 32 0 0 0 0 0 0 3 0 0 0 0 0 0 0 0 0 0 0 0 0 -45 0 0 -43 0 20 0 0 0 0 27 
0 0 23 0 0 0 0 0 3 0 0 50 0 0 0 0 0 0 0 0 4 0 -36 0 15 3 -21 0 0 0 0 0 -40 0 0 31 0 1 21 0 0 0 0 3 31 0 21 0 0 0 1 15 0 0 37 0 0 -17 0 0 0 0 0 -5 24 0 35 0 0 0 -32 0 0 0 0 0 0 0 4 6 -32 0 -13 0 -14 38 -25 0 0 0 36 0 0 -29 -37 16 0 12 42 0 0 0 39 0 -13 0 0 0 0 24 0 0 0 0 0 29 -32 0 0 -18 0 50 24 0 0 0 0 0 0 0 0 0 0 0 0 -11 0 0 38 0 -34 0 0 0 3 -50 19 0 37 22 0 0 0 0 0 0 0 0 0 0 0 0 0 0 42 -9 49 11 0 0 10 0 -17 0 21 0 0 0 0 0 0 -31 0 0 0 0 49 -37 -29 0 0 0 -31 0 0 0 27 0 0 -49 
0 0 -13 0 0 0 0 0 0 0 0 0 0 -36 0 0 0 0 0 9 0 0 -50 0 11 0 0 0 31 -33 0 0 0 0 0 0 -45 0 0 0 0 0 0 0 38 0 34 0 0 -26 0 0 -13 31 0 0 0 0 0 0 0 0 42 0 0 0 0 0 0 -12 44 0 0 0 0 0 0 0 0 0 0 36 0 0 0 0 31 0 0 0 0 0 0 1 0 0 0 0 0 11 0 0 0 0 0 0 0 0 0 0 0 0 0 0 0 0 0 0 12 0 34 0 0 0 0 0 8 0 0 0 0 0 0 0 0 0 0 0 0 0 0 -42 0 0 22 0 0 0 0 0 0 0 30 -25 37 3 -29 0 0 0 0 0 0 0 0 -13 0 0 0 0 35 0 0 0 17 0 0 0 0 0 -32 0 0 0 0 0 0 0 0 0 0 -24 0 0 31 0 0 0 0 0 
0 0 0 0 0 0 0 0 49 12 2 28 0 0 -46 48 0 0 0 0 0 0 49 0 0 0 -3 0 0 0 12 0 0 0 0 0 -25 0 -35 0 -24 0 0 25 -12 0 0 0 0 -13 0 0 0 0 0 34 0 19 30 9 0 0 17 -34 0 0 35 4 48 0 0 0 0 0 -32 0 -22 0 19 0 0 0 39 0 0 0 0 0 0 0 -3 0 -25 -6 -25 0 0 0 0 22 0 0 0 -44 0 0 0 0 0 0 0 0 0 0 0 -33 -16 27 0 -22 0 -17 -1 0 -24 0 30 0 23 0 0 0 0 43 0 0 0 0 0 36 0 0 0 0 0 0 0 0 0 0 -38 0 0 0 0 0 -17 0 0 0 -5 0 1 0 0 8 0 38 0 0 0 0 0 0 0 0 -44 0 0 -13 18 17 -20 0 0 0 0 0 0 0 0 0 0 0 0 0 0 0 0 -50 
0 0 -44 0 0 0 0 0 0 0 0 0 0 0 0 0 0 0 0 29 0 -35 0 0 -45 0 -29 0 -9 -38 0 0 0 0 0 0 0 0 0 0 0 6 43 0 0 0 0 -12 0 0 0 0 18 0 0 0 0 0 19 0 0 0 0 37 0 0 0 0 0 39 0 0 42 0 0 0 0 0 -20 48 0 0 0 0 0 -25 0 36 0 -3 0 0 0 6 0 0 0 0 32 0 29 0 0 34 0 -22 0 26 -4 0 0 0 0 0 9 0 0 9 0 21 0 1 13 0 0 0 0 0 0 0 0 0 0 0 0 -26 0 0 43 0 0 0 0 0 -37 0 29 0 0 0 0 -3 0 0 0 0 0 0 0 0 0 0 50 0 0 40 0 0 0 0 0 0 -41 0 29 -43 0 0 0 0 0 0 0 -26 0 -50 0 0 0 0 0 0 0 -48 0 0 0 0 0 0 
0 0 0 0 0 0 0 0 0 -28 0 0 0 0 0 0 0 0 -39 0 0 0 0 0 7 0 0 0 0 -25 0 0 0 0 0 0 0 0 44 -35 0 0 8 0 0 -32 8 -12 -9 0 0 0 0 0 0 -40 14 0 0 0 0 0 0 0 0 0 0 0 0 0 0 0 0 0 0 -8 42 11 -19 0 0 0 0 0 0 0 32 0 0 0 0 0 0 0 0 35 0 0 44 -4 -30 -47 0 0 0 0 0 -11 0 0 3 0 0 41 -22 0 -47 0 0 0 -6 0 0 0 0 20 0 -11 0 0 0 -38 -36 0 0 -20 0 -4 0 0 0 0 0 0 0 0 0 15 6 0 0 0 0 0 0 0 -15 -7 -16 0 13 0 0 0 -27 0 30 5 0 0 0 0 0 0 -38 42 0 -5 -6 0 29 0 0 0 0 0 0 39 0 0 0 0 0 -19 0 0 0 0 0 0 
0 0 0 0 0 0 0 5 0 30 1 0 0 0 0 0 0 -11 34 36 0 0 0 6 0 0 2 40 0 0 0 -39 0 0 0 0 0 0 18 -49 0 0 0 -15 0 0 0 0 8 0 0 0 0 0 0 0 0 14 -40 0 27 0 0 0 0 0 18 0 0 0 0 0 7 0 0 0 0 0 -27 -17 0 0 0 0 0 20 0 0 0 -25 0 0 -14 0 0 0 0 11 0 -41 -28 0 0 0 0 0 0 0 39 0 0 0 0 0 0 0 0 0 14 0 -46 0 0 10 0 0 0 9 0 0 0 0 27 23 0 0 0 0 -6 0 -6 2 0 40 0 0 0 0 0 0 0 0 0 0 0 0 30 41 0 -10 0 0 0 44 0 45 0 0 0 0 0 0 0 0 0 0 0 0 35 0 0 0 0 0 0 -41 0 0 0 -31 0 0 0 0 5 0 0 -41 0 35 
0 0 0 30 17 0 0 2 0 0 0 0 0 0 0 0 0 0 0 0 0 0 0 47 0 0 0 0 3 0 0 -6 0 0 0 0 0 0 0 0 0 -28 0 0 0 0 0 33 0 0 0 0 -28 -24 0 0 0 0 -8 0 0 0 0 0 0 0 0 0 0 0 0 12 0 -29 0 0 0 0 0 0 0 50 0 0 0 0 -40 -29 1 -6 6 0 0 0 27 0 -9 0 0 -11 23 21 0 0 0 0 0 17 -2 0 0 0 0 0 0 0 36 0 0 0 0 0 0 0 -18 -40 -12 18 0 0 0 0 0 0 0 0 0 0 0 0 0 0 0 41 0 39 0 0 -21 0 0 0 0 50 0 0 -5 0 0 -7 0 0 0 -17 12 0 49 0 0 0 0 -25 0 0 0 0 0 0 0 0 0 0 0 -17 0 0 2 0 0 0 0 28 0 0 0 0 0 13 0 0 
44 0 -42 0 -36 25 0 38 0 0 29 0 0 0 0 0 0 27 0 0 0 0 -20 0 2 0 0 0 0 0 0 0 0 0 36 1 0 -7 0 0 0 -22 0 0 0 0 43 0 0 0 0 0 12 0 0 0 0 8 0 0 -14 0 0 44 0 0 0 16 0 22 0 -8 0 0 0 0 0 0 0 0 35 0 0 0 0 49 0 -37 0 -25 0 0 0 27 0 0 0 33 0 0 17 0 0 38 0 0 0 0 0 22 0 0 0 3 0 -15 0 -17 0 -27 0 0 0 0 0 0 41 0 23 0 0 0 0 0 -46 0 0 33 0 0 24 0 0 0 0 -12 0 0 0 0 -29 -46 0 -13 0 0 0 0 0 0 0 9 0 0 0 0 39 0 0 0 0 0 0 0 -44 0 0 0 0 0 0 -3 -9 0 0 0 0 0 0 0 -32 0 0 0 0 0 0 -47 8 0 
-11 0 0 0 0 0 0 0 0 0 0 0 -48 -34 38 0 30 0 0 -19 -27 0 0 0 0 0 0 0 0 0 0 0 0 0 -29 0 -3 0 0 0 5 0 0 21 0 46 32 1 0 0 8 -8 0 0 0 13 0 0 0 14 0 0 0 0 0 0 0 0 0 0 0 0 -50 0 2 -2 0 0 -44 0 0 0 12 0 0 0 0 16 0 0 0 35 0 0 0 0 22 -12 0 -49 0 0 0 0 0 0 0 -24 10 0 0 45 0 -12 0 0 0 0 -15 0 19 -26 0 0 0 0 0 0 0 0 0 0 -6 0 0 0 0 0 0 -50 0 0 0 0 0 0 0 0 0 0 0 0 0 46 0 0 0 0 0 0 0 0 -37 0 0 0 44 -6 0 0 0 0 0 0 0 0 0 0 0 0 0 0 6 0 0 0 0 0 0 -18 44 0 0 34 0 0 0 0 0 0 
0 -29 0 0 0 -28 0 0 0 0 0 0 0 0 3 -4 39 0 0 0 8 0 0 0 0 0 0 0 0 4 0 0 0 -6 0 0 0 0 0 0 0 0 0 0 0 0 0 0 0 34 0 0 0 -2 0 0 50 -11 0 0 43 5 0 0 -31 0 38 0 0 0 0 0 13 0 -5 19 -5 31 0 0 0 0 0 0 0 0 0 0 0 0 0 0 0 -9 0 22 0 0 0 44 0 0 0 0 0 0 0 -41 0 0 0 0 0 0 0 0 0 0 0 0 0 0 0 0 -10 0 0 3 0 0 0 0 0 0 11 0 0 0 -1 0 -47 0 0 0 0 0 0 0 0 43 0 0 -31 0 41 0 0 -23 0 0 0 0 0 0 0 -49 0 -32 0 0 0 45 0 0 0 -35 32 39 -21 0 0 0 -31 0 0 0 0 0 0 0 33 0 -11 0 -37 0 0 0 -36 0 
0 0 0 42 0 0 -39 0 0 -39 0 0 0 31 14 19 -15 -22 -4 0 0 0 0 0 0 0 0 0 -2 0 0 24 0 0 0 0 -8 20 0 0 0 0 0 0 0 44 0 0 0 0 0 0 0 0 -48 0 46 0 0 0 0 0 0 0 0 13 0 0 0 0 4 0 0 0 0 -47 0 9 0 0 0 14 15 0 -15 0 0 12 0 0 0 0 11 0 33 -12 0 47 -28 0 0 0 -14 0 0 0 0 0 1 16 0 -26 0 0 0 0 0 0 0 0 0 0 0 0 0 0 0 0 0 0 0 0 28 0 0 0 0 0 0 0 27 0 -20 0 14 0 0 0 11 0 0 -10 0 0 6 0 0 -6 0 0 0 0 0 0 0 0 0 -26 0 0 50 0 35 0 10 -30 0 9 0 0 0 0 0 0 -30 0 -22 0 0 7 0 0 0 20 0 -46 0 0 0 -16 
0 0 0 0 0 0 0 0 0 0 0 41 0 0 0 0 -41 -26 0 0 0 0 -14 17 -16 0 0 0 0 23 0 0 0 0 48 0 0 42 0 0 0 0 0 0 0 0 -48 -41 0 0 0 0 0 0 0 0 0 0 24 0 0 0 -19 25 19 0 20 0 0 0 -28 0 -27 0 23 0 0 0 0 -22 1 0 0 -32 0 24 0 42 0 0 32 44 0 0 0 0 0 -28 0 0 0 0 0 0 0 0 0 0 0 0 0 0 0 0 0 0 -23 0 0 2 0 0 0 -39 0 0 0 0 23 0 0 0 0 0 0 0 19 12 0 0 0 0 0 0 0 0 0 -47 0 0 0 0 0 -39 47 -17 0 35 12 0 0 0 0 0 0 0 0 0 0 42 0 0 0 0 24 0 0 0 0 0 0 -32 37 0 39 0 0 0 0 -26 -16 -32 0 0 0 0 0 0 0 0 
0 0 -46 38 0 0 17 0 0 0 5 0 4 0 29 0 9 0 0 0 0 48 46 0 0 0 0 0 0 -9 0 0 0 0 0 -27 27 45 0 0 -24 21 39 0 -4 -8 0 0 0 0 -42 -43 0 0 0 0 0 0 12 0 0 0 0 0 0 0 17 -30 0 0 0 0 0 0 0 -46 -3 0 0 -34 0 0 0 49 28 0 0 0 11 22 0 -4 -41 -11 0 -49 44 0 0 -15 0 -14 0 -31 0 0 -40 0 0 0 0 0 28 0 0 42 0 0 44 0 0 0 1 0 11 -44 0 0 0 0 -20 0 0 -7 0 13 0 0 0 0 0 0 0 0 38 0 0 0 -5 0 0 0 0 0 0 0 0 0 0 0 0 0 21 0 0 0 0 -23 0 0 0 0 -6 0 0 0 0 -43 -3 19 0 0 0 0 15 0 0 34 0 0 0 0 0 0 0 0 0 0 -40 0 
0 0 0 0 0 0 0 0 0 0 0 10 0 0 0 0 0 0 0 0 0 5 0 0 0 0 0 0 -26 0 0 0 -45 37 16 0 0 0 24 0 0 0 0 -42 0 25 0 22 0 0 0 0 -44 0 0 6 6 0 7 0 0 0 0 0 -9 0 -33 0 0 0 0 0 0 -48 -6 0 -28 34 0 0 0 0 0 0 -47 0 0 0 0 0 29 -30 -28 23 17 0 0 0 0 0 0 -19 0 4 0 0 0 0 0 -5 0 17 50 0 0 0 0 0 7 0 29 0 0 0 0 0 0 0 0 0 0 0 0 0 0 0 -12 0 0 0 35 0 0 -11 0 0 -4 37 44 0 -6 0 0 0 0 0 16 0 0 0 -42 -35 0 0 -16 0 0 0 0 9 0 0 0 0 -42 -46 -39 -6 0 -30 -1 0 0 0 0 0 0 0 0 1 0 0 -14 0 0 0 0 0 0 0 
0 0 -13 0 0 0 0 0 6 0 4 0 14 28 0 0 0 0 0 0 0 3 15 -41 36 -10 -39 0 22 24 0 -46 0 0 0 0 0 0 0 -48 0 0 11 0 0 16 0 0 0 0 0 0 0 -36 -38 -8 0 0 0 0 0 0 0 0 0 0 -5 -1 0 38 0 0 0 0 0 0 0 0 0 0 25 0 0 0 0 0 -12 0 0 0 0 -47 0 21 0 0 0 0 0 -14 -19 0 0 -43 11 0 0 48 -20 0 -27 30 0 0 0 0 0 0 0 -29 29 0 44 -25 0 0 0 0 0 0 0 0 0 0 0 -3 0 0 0 0 0 0 0 -26 33 0 0 0 0 -50 0 0 0 0 0 0 0 0 27 -19 0 -46 0 0 0 0 0 32 0 0 0 0 0 0 0 0 0 0 23 0 0 0 0 0 0 0 0 -48 -27 -28 0 0 0 0 0 0 0 0 0 0 
0 33 0 -30 0 -1 31 -34 50 0 -25 0 0 -50 0 -42 0 0 0 0 0 0 0 -15 0 0 0 0 10 0 0 -21 -12 0 0 0 0 0 0 -43 0 -38 0 18 0 -23 0 0 0 0 0 0 0 4 0 0 0 16 -14 0 0 0 4 0 0 0 34 0 0 19 0 0 -40 -1 0 -44 0 0 0 0 0 -39 0 0 0 0 0 39 0 0 0 0 0 0 0 0 0 -14 0 0 0 0 0 0 0 0 -5 0 0 -10 0 0 -8 0 2 0 0 0 0 0 -10 43 16 -49 0 0 0 0 0 0 0 0 -36 0 0 0 0 0 0 0 24 0 0 0 0 0 0 0 -50 0 9 0 -9 -49 0 0 0 0 8 24 0 0 3 0 -36 0 0 0 0 1 0 0 0 0 0 -30 0 0 45 0 0 22 0 0 0 -48 -21 -27 0 0 0 0 0 0 0 -28 -5 0 0 0 
0 -3 0 0 0 0 -19 0 0 0 0 0 0 -13 19 0 0 -35 -17 0 -34 0 0 -26 0 0 0 -18 21 0 0 0 0 0 -4 0 0 0 0 -32 0 0 0 -17 0 0 0 13 0 0 0 0 0 0 27 0 0 0 -15 35 0 0 0 47 0 0 0 35 0 0 0 0 44 -9 0 0 0 0 0 0 0 0 0 0 0 0 -35 0 0 -44 34 0 0 0 38 0 0 0 0 -31 4 -43 0 0 0 0 2 0 0 0 0 0 -45 -43 0 0 0 31 0 0 -34 -31 30 0 0 0 0 0 0 0 -18 31 0 13 0 0 0 0 0 16 -41 -1 -50 0 0 0 0 0 0 0 -44 0 0 -6 0 0 0 -29 0 0 0 0 0 0 0 0 -50 30 0 0 -32 0 6 0 36 0 27 0 0 0 -7 13 -45 0 -5 -47 33 0 -50 0 0 0 0 0 0 -41 -12 0 14 0 
0 -46 0 21 -6 0 0 42 0 -8 0 -37 0 0 0 0 -18 -40 0 41 40 0 0 -17 0 -8 9 0 35 0 2 0 0 -6 0 0 0 0 0 0 0 -9 0 -43 0 0 -29 0 0 0 0 0 0 0 0 0 -26 6 0 0 0 0 0 0 0 0 46 0 -8 0 0 0 0 0 17 -42 0 -36 0 0 0 37 0 -19 0 0 0 -13 0 0 0 0 0 0 0 0 0 0 0 0 0 11 0 0 14 0 0 0 0 21 23 -41 0 0 0 0 -2 0 41 0 0 0 0 0 0 0 0 0 0 0 0 0 0 0 -35 -18 0 0 -42 0 0 0 -30 0 0 -7 0 0 0 0 0 0 0 0 0 0 -1 0 25 0 23 0 0 27 0 0 0 0 0 0 0 27 25 0 -24 0 0 24 -1 0 -12 0 47 0 0 0 0 -22 0 -16 0 22 15 0 0 38 19 0 0 42 
0 -43 0 0 0 0 0 0 0 0 0 0 0 0 -11 -37 0 -19 0 0 0 0 0 0 -10 -10 0 -11 0 -10 33 0 0 0 26 0 0 32 0 0 14 0 0 0 -24 0 0 0 0 0 0 0 30 -43 0 45 0 0 0 0 0 0 0 1 0 0 0 0 0 0 0 18 -49 0 0 0 0 18 0 0 0 -47 0 0 0 0 0 0 0 0 -22 0 0 0 0 0 0 0 0 0 0 0 0 0 0 0 0 0 0 0 0 0 0 0 0 0 -39 0 0 0 0 0 0 0 0 0 0 0 0 -31 0 32 -30 0 0 0 0 -37 0 0 0 0 -3 -8 25 0 0 0 0 0 0 35 -6 0 0 0 0 0 0 0 0 0 0 -17 0 0 0 0 0 0 0 0 0 0 0 0 0 -22 -50 0 14 0 0 0 0 0 0 -35 0 0 0 0 0 0 0 -46 5 0 0 0 
46 0 0 14 0 0 6 0 0 0 0 0 0 43 -6 0 44 -28 -9 0 0 0 0 0 32 0 -14 -21 -25 0 0 0 0 -18 0 -16 0 -6 -29 -38 0 7 -24 0 0 -42 0 46 0 0 -39 0 0 0 0 -11 6 34 0 0 0 0 0 0 -38 0 -17 0 0 0 0 0 0 0 0 -17 47 -19 0 0 0 0 0 0 0 0 0 0 0 0 0 0 0 0 0 0 0 0 0 -40 0 0 -5 2 0 0 -41 0 -34 0 0 0 0 6 0 -38 -41 0 0 0 0 0 0 44 0 23 0 -15 0 0 0 0 0 0 46 -27 0 0 9 -28 0 -39 0 0 0 39 -48 -44 0 0 0 0 0 0 0 0 0 0 0 0 0 0 0 0 0 0 37 34 29 -50 0 0 0 0 0 0 0 0 0 31 -26 0 0 -29 0 0 0 0 0 33 0 0 0 0 3 27 0 0 0 0 
-19 0 0 0 0 0 0 -6 17 -42 0 0 0 0 0 0 0 18 30 49 0 0 21 0 0 0 0 0 0 0 0 0 0 0 27 -18 0 0 0 0 0 0 0 0 0 -14 0 0 0 0 0 0 0 -3 24 0 0 0 7 0 24 0 0 1 28 0 0 20 0 0 0 0 0 50 0 0 -34 0 0 0 -8 0 0 47 0 0 0 0 0 0 26 -11 0 17 0 -24 -41 0 0 0 0 48 0 0 0 0 0 0 5 -40 0 0 0 0 -36 0 0 0 1 0 0 0 0 0 8 0 0 0 0 21 26 0 0 0 0 0 0 0 0 0 22 6 0 0 0 2 0 0 30 0 0 0 0 0 27 0 0 -47 0 0 0 0 0 0 0 0 -13 0 0 19 41 0 -37 0 0 29 3 43 0 33 0 0 0 0 0 0 0 0 0 0 0 0 0 0 0 -20 37 0 0 0 
0 0 0 0 0 0 0 0 0 0 0 -7 0 0 0 0 0 0 0 0 0 0 0 0 -29 0 0 0 -7 -7 0 49 0 16 -4 0 0 0 0 0 0 17 0 0 0 -12 -26 0 0 44 21 0 -8 0 0 -10 0 27 -13 30 0 0 0 0 0 0 0 0 -10 0 -2 0 0 -1 0 -26 0 0 0 0 0 0 0 0 0 13 0 0 0 0 -4 0 39 -2 0 10 0 1 0 0 0 -20 0 0 0 0 -34 5 0 0 0 0 21 0 0 0 0 -14 0 -6 0 0 0 0 0 0 50 -48 0 0 0 0 47 0 0 0 0 11 0 -32 0 -33 28 34 0 0 0 0 0 0 0 0 0 -38 0 0 4 1 -29 0 0 0 -40 0 0 0 0 0 -30 -4 0 -27 0 0 0 0 0 0 0 -49 0 -25 0 0 -31 0 0 0 -33 49 0 0 0 0 0 0 0 -27 0 0 
0 0 0 3 0 -42 0 0 0 15 0 -40 0 2 0 -30 0 33 50 0 0 -45 -34 0 0 0 0 0 4 0 0 -31 0 0 0 0 0 1 0 0 0 -26 0 0 20 0 0 17 -26 37 0 26 0 0 -28 -25 0 0 -24 0 2 0 27 -16 0 0 0 0 0 0 0 0 0 0 16 0 0 0 -17 0 0 0 0 0 0 0 0 24 0 0 0 0 0 0 22 0 0 16 0 0 -5 0 -10 0 21 0 0 -40 0 0 1 0 28 0 0 0 0 0 -22 0 0 13 0 -6 0 0 30 0 -29 0 0 0 0 0 -17 0 0 0 0 0 0 0 0 0 0 0 0 -22 0 0 0 0 0 -27 0 16 0 -31 -1 0 -27 0 0 0 0 25 0 0 8 0 0 0 0 27 0 0 0 0 0 0 0 42 -34 0 35 -41 39 0 -28 0 0 43 0 0 0 0 0 0 0 0 
-31 11 0 0 0 17 -37 0 0 0 -40 0 0 -4 40 0 0 0 0 0 0 14 0 0 0 0 0 34 0 0 0 0 24 -29 0 0 -49 0 -25 0 0 0 0 0 0 -41 0 -34 0 0 0 0 0 0 0 0 0 0 0 -45 0 28 0 0 -21 0 -21 0 0 -23 0 0 0 31 0 0 0 0 0 0 0 13 0 0 0 0 0 0 0 0 0 3 0 0 0 0 0 0 0 0 0 -27 0 0 23 0 0 0 0 1 0 0 0 0 31 22 0 -47 -15 0 -5 -31 0 0 0 16 -12 0 0 -29 47 -49 0 -13 -30 17 0 0 0 -47 0 -1 0 0 0 0 -9 -34 0 0 0 0 18 0 0 0 0 -15 0 23 0 0 0 0 0 0 0 0 -20 0 -27 0 0 0 13 0 0 34 -5 0 -22 0 21 0 0 0 -2 0 0 44 0 0 -19 -23 0 0 0 0 -50 0 
0 0 0 0 7 0 -6 0 42 0 0 0 32 0 0 0 11 0 0 0 0 0 0 0 0 10 0 0 0 -25 17 -3 0 0 0 0 0 0 38 -38 9 0 -2 0 0 0 0 0 0 26 20 0 0 0 0 24 0 0 0 -32 0 0 0 0 0 0 -36 39 0 0 0 0 0 44 0 -33 0 0 0 0 0 0 0 0 19 0 0 0 0 0 0 0 0 0 0 45 0 -26 0 0 17 30 0 0 -41 0 0 0 0 0 0 0 0 0 0 26 -19 0 0 0 0 0 -2 0 0 0 -13 -37 0 0 0 0 0 8 37 0 -9 0 0 0 0 0 0 0 0 0 0 0 0 39 0 0 0 0 -30 0 0 0 0 0 0 0 0 0 0 0 0 -18 0 0 0 0 -36 9 0 0 0 8 0 0 0 0 0 0 0 0 0 0 0 0 0 0 0 0 0 -13 0 0 0 0 
5 27 -39 0 0 0 -41 0 0 15 0 -8 0 5 0 0 29 0 0 0 0 0 49 0 50 -8 0 0 0 0 0 0 0 0 0 23 0 0 0 0 0 0 -30 0 0 0 0 0 0 0 0 0 0 0 0 0 27 -34 0 0 0 0 0 16 0 0 0 0 30 -48 0 0 0 0 16 0 -23 0 0 0 -48 0 -40 0 0 0 0 0 0 0 0 0 0 0 0 0 0 0 0 28 50 0 -8 -45 0 0 0 0 21 28 0 0 0 0 0 0 0 0 0 0 0 0 0 0 0 0 29 0 0 0 0 0 -23 0 42 0 0 0 22 0 0 44 0 0 0 0 0 0 0 -32 0 0 0 0 -14 0 19 0 0 -30 0 0 -31 0 0 0 0 0 -39 0 0 0 0 21 0 0 0 0 -15 0 26 0 0 39 0 0 0 -27 0 0 0 0 -18 0 0 0 0 13 10 38 
0 -37 49 -40 0 -21 0 -4 0 -32 -44 -44 0 0 0 0 0 0 0 0 0 0 0 0 0 13 0 0 0 0 0 0 0 45 0 0 -14 0 0 0 0 0 -33 0 0 0 0 0 0 0 -43 0 -48 28 0 0 0 0 0 0 0 0 0 0 0 20 12 0 0 0 0 7 -8 0 -38 0 0 0 0 0 0 0 0 0 0 0 0 0 0 0 0 41 0 0 3 -12 0 0 0 0 0 0 0 -43 0 0 6 0 0 0 0 0 0 0 31 0 0 37 0 0 0 0 0 0 0 0 0 0 0 -44 0 0 0 0 0 0 0 0 0 38 0 0 0 0 0 0 0 0 0 0 0 0 38 0 0 0 0 0 0 41 0 0 0 -10 0 0 0 0 49 0 0 0 0 0 0 0 0 0 0 0 0 -23 0 0 -28 0 0 0 0 0 6 2 -24 0 -25 0 -22 -36 0 -34 
0 29 0 0 24 0 0 0 0 0 0 9 0 0 0 0 0 0 -17 0 5 0 0 0 19 0 36 0 0 2 0 0 -50 0 0 0 0 -14 0 0 -22 26 0 0 0 0 0 0 0 0 0 0 0 15 0 18 50 0 0 35 0 0 -37 11 0 0 -41 0 0 0 0 -38 0 0 0 0 0 0 0 0 0 0 0 46 0 0 -27 0 0 0 9 -22 0 0 0 0 0 0 0 0 0 0 2 0 0 0 0 -36 0 0 31 0 0 31 0 0 1 0 -28 0 0 0 0 0 0 0 0 0 0 0 0 0 -2 0 48 0 0 0 0 0 -48 -16 0 4 0 0 31 -23 0 -37 0 0 0 32 0 -8 -38 0 -37 0 0 0 0 -3 -20 -28 0 0 0 0 0 0 20 0 0 0 0 0 0 0 0 0 0 0 0 0 0 0 0 -4 0 -5 0 0 10 0 0 0 -47 0 
-36 -50 19 0 0 0 0 0 -6 0 -39 0 -27 0 0 0 0 11 0 0 25 0 -29 29 0 0 0 0 -12 0 0 0 0 43 0 15 0 0 0 -39 0 0 0 0 0 0 43 0 0 0 0 0 0 1 -3 41 0 -28 0 48 0 0 0 -10 -42 0 0 0 17 0 0 16 16 0 0 0 0 -22 0 35 0 -35 -2 0 0 0 0 29 0 -33 0 0 0 0 -15 0 0 0 0 42 0 0 0 0 0 0 -38 0 0 0 22 26 0 0 0 0 0 0 0 0 0 36 0 0 0 0 0 0 0 0 0 0 3 0 26 0 0 30 0 0 -2 0 -12 44 40 0 -3 -8 0 0 0 0 0 0 0 0 -46 0 0 0 0 -10 0 0 0 0 0 0 0 0 33 -44 0 0 0 0 0 0 17 0 0 -24 0 0 0 0 0 0 -40 0 0 0 -39 -37 0 0 18 25 33 0 
0 0 0 5 0 0 30 -30 -45 -5 0 50 0 6 0 0 -42 0 0 0 0 0 -41 0 0 -32 -27 0 -11 0 -19 0 0 0 0 0 0 -12 0 0 0 31 -15 49 0 0 0 28 0 -14 0 0 -10 0 0 0 0 0 0 0 7 0 0 0 0 0 -19 0 5 0 0 49 0 0 -40 -19 0 0 0 0 -31 0 0 0 0 -14 0 -32 0 -16 0 -47 0 36 0 0 0 0 -23 0 0 0 0 0 -2 -39 -41 0 0 0 0 -19 0 0 1 0 18 0 10 0 0 0 37 0 0 -4 0 0 -38 0 28 0 -10 3 0 0 2 0 0 -2 0 -19 0 0 0 0 0 0 0 0 0 0 0 0 0 0 0 0 -4 0 -19 10 48 -30 0 0 15 0 0 0 0 0 0 0 0 0 0 0 0 0 0 48 -28 0 12 0 0 0 0 0 -19 0 0 0 0 0 0 0 -50 0 
-11 0 0 0 -49 0 0 -42 0 0 0 0 0 0 0 0 0 0 -40 0 -21 -28 34 0 0 0 -44 0 0 -49 0 -33 0 -6 0 0 0 0 0 0 0 0 0 0 0 0 0 -17 0 0 0 0 9 0 13 0 -20 0 0 0 -40 0 0 0 0 2 0 0 -5 0 0 0 0 0 0 3 0 0 -23 0 0 48 0 0 0 -42 6 0 0 27 9 0 0 0 -17 0 0 0 0 0 0 0 0 31 0 0 0 0 -14 0 -47 0 0 37 0 0 0 2 0 0 0 20 24 0 0 0 0 0 0 34 0 0 0 -15 0 48 0 0 0 -7 -43 0 0 -36 0 0 0 0 0 0 0 0 27 -30 0 0 0 0 0 0 -11 0 33 0 0 7 0 0 0 0 0 12 0 41 0 35 0 0 0 0 0 0 0 0 0 0 0 0 0 0 0 0 -31 0 0 0 0 41 0 0 
0 0 0 0 0 0 0 0 0 6 -38 0 0 0 0 0 -11 17 50 0 -43 -19 0 0 24 0 0 6 0 0 -48 -47 0 0 0 0 48 0 0 -31 0 4 0 7 -14 0 0 0 0 0 0 0 0 0 -47 0 45 0 0 0 0 0 0 0 0 -28 27 0 0 0 0 0 0 0 0 0 -6 0 0 0 0 0 40 0 0 0 0 0 12 0 0 0 14 0 0 -15 0 0 0 44 7 0 0 0 41 0 0 1 0 -22 -15 0 0 0 -28 0 10 0 0 0 22 -14 0 15 0 0 0 1 0 44 0 0 0 0 0 -27 0 0 5 0 0 0 -24 0 0 0 -12 0 0 0 21 0 0 -31 0 -10 0 43 0 0 0 0 0 0 0 41 0 0 0 6 0 0 -20 0 0 0 0 0 0 0 0 0 0 0 0 0 45 4 0 0 0 -36 0 0 0 0 0 0 -6 0 
-38 0 0 0 0 0 0 0 0 0 0 29 -28 0 0 0 40 0 0 0 0 8 0 0 0 0 5 -43 0 0 6 0 0 46 0 0 0 23 0 0 0 0 7 0 0 -34 0 0 0 4 0 0 0 38 0 25 0 0 0 0 5 0 0 0 0 0 0 -32 16 0 -24 -33 -41 0 0 0 0 0 0 0 0 0 -31 0 0 0 -16 -18 0 -22 21 0 0 0 -27 0 0 0 2 0 0 -29 0 0 0 0 0 0 -6 0 0 0 0 0 0 0 0 0 0 0 -20 0 0 0 0 36 -29 0 -36 0 0 0 11 0 0 0 -15 0 0 0 50 0 0 0 41 35 0 31 0 0 0 0 0 0 0 38 0 0 -27 0 0 0 0 0 49 46 0 0 0 0 0 0 0 0 0 0 0 0 0 0 0 0 8 0 0 -37 0 0 0 0 0 0 0 -25 0 0 0 0 0 -29 
0 32 0 43 0 0 9 38 0 -31 0 0 0 0 50 0 0 -42 39 -45 0 0 0 0 0 -20 -10 0 -31 0 0 0 0 0 0 -24 0 0 0 8 0 50 0 43 0 0 33 41 0 0 0 0 0 0 0 0 0 0 0 0 0 0 0 0 50 -23 -24 0 0 11 0 0 -19 -4 0 0 0 0 0 0 0 0 0 0 0 0 0 0 34 0 0 -6 -46 0 0 19 0 0 0 0 29 29 -10 -34 0 0 0 0 0 0 -5 0 0 0 0 0 0 0 22 -20 0 0 0 4 0 0 0 0 0 0 0 0 42 0 0 -3 0 0 0 0 0 0 0 0 0 0 0 0 0 0 0 0 0 0 0 -21 0 0 38 -45 49 12 0 0 33 0 28 0 0 23 0 0 0 0 0 0 0 -38 -17 0 0 0 0 -46 0 0 0 0 0 0 16 0 0 12 0 18 0 0 0 0 
0 20 0 -27 0 0 0 0 -4 0 0 -5 0 0 0 0 0 0 34 0 -50 0 0 0 0 0 0 0 0 44 0 0 0 0 0 0 -13 -6 -41 0 -47 0 0 -15 0 0 0 0 0 0 0 0 0 0 0 1 0 0 0 0 0 42 0 0 0 0 0 0 0 0 0 0 31 -29 0 0 0 0 0 -3 0 0 -46 0 0 0 0 50 0 -17 1 0 0 0 0 -26 0 0 0 0 0 0 43 -31 0 0 0 0 0 13 -31 0 0 0 0 36 0 20 -14 0 0 -3 0 0 0 0 0 0 0 26 0 0 0 0 0 0 0 0 -45 0 0 -33 0 0 0 0 0 0 -48 0 0 0 0 0 45 0 0 47 0 -15 0 29 0 -8 0 0 0 0 0 -31 -22 0 0 0 37 0 0 -28 0 0 0 -14 -37 20 0 0 0 0 0 0 0 -43 21 -45 0 40 18 0 0 -23 
0 0 0 0 0 0 0 41 0 -38 0 0 0 0 0 0 0 0 0 0 41 0 0 0 0 0 0 26 0 0 0 0 0 0 0 0 -30 0 0 0 0 0 -15 -18 0 40 0 -40 21 0 0 0 0 0 -19 0 0 0 29 0 0 0 0 31 14 0 0 0 -24 0 0 -33 -3 0 0 0 0 0 -5 -1 -36 0 0 0 0 18 0 24 0 -1 13 0 0 0 0 0 0 0 0 1 0 44 16 30 0 0 0 0 0 0 0 -2 0 0 0 0 37 24 0 0 0 0 0 0 0 0 0 0 -47 0 0 0 0 37 26 0 0 0 0 -27 0 0 0 0 0 0 0 0 0 0 0 0 0 0 0 0 0 0 0 49 0 0 0 0 0 0 0 0 0 -21 0 0 0 0 0 0 0 0 0 0 0 0 0 0 0 10 0 0 -36 3 0 0 0 0 0 27 0 0 0 21 
0 -12 27 0 0 0 0 0 0 0 0 9 0 -25 0 0 41 0 0 0 -40 38 4 0 10 0 -5 0 0 0 0 0 0 0 0 0 0 0 17 0 0 0 5 0 0 0 0 0 0 0 0 0 0 0 0 0 0 0 0 0 -8 0 38 0 0 0 0 46 0 -16 0 0 0 0 0 0 0 0 -28 0 0 0 0 0 16 24 0 0 0 0 0 0 10 0 0 0 0 0 -39 0 0 -25 -49 0 0 0 44 0 0 -6 0 0 0 0 0 0 0 0 15 0 4 0 0 0 0 0 0 0 0 0 0 0 0 0 0 0 0 -18 0 0 -28 0 0 0 -7 -44 6 -22 0 0 0 0 0 0 0 0 0 0 0 0 0 -29 0 0 0 0 0 0 0 0 0 0 0 22 0 0 0 0 0 -32 0 -49 0 0 0 0 -26 0 0 0 0 0 0 0 0 0 0 0 0 49 
0 -41 0 0 0 -25 0 0 0 0 0 -20 28 0 -34 0 0 0 0 37 0 0 0 0 0 0 -39 0 12 -48 -13 0 0 0 0 0 0 0 0 0 0 0 0 0 0 0 -26 0 0 5 0 0 0 -43 0 31 0 0 0 0 0 0 0 0 20 0 0 0 0 1 0 0 0 0 0 0 0 0 0 0 0 0 0 50 0 0 -7 0 0 -24 0 0 0 -18 0 0 -10 0 0 11 0 0 0 0 0 0 0 8 0 0 0 0 0 0 0 0 0 0 0 0 0 0 0 0 0 0 0 0 0 0 0 0 0 0 0 24 0 0 39 0 0 0 0 0 0 0 17 0 -41 0 0 1 -50 14 0 4 0 0 0 0 34 0 0 0 0 0 0 0 19 -16 -11 0 0 0 10 0 0 0 0 0 0 0 0 26 -18 0 0 0 0 0 -32 0 0 -44 0 0 0 0 -36 -6 
0 0 -12 0 0 22 0 0 0 0 0 0 32 0 0 -6 0 0 8 0 0 0 0 0 0 0 22 0 0 27 0 0 0 -22 0 0 0 0 0 0 0 0 35 38 39 0 0 0 0 0 0 -14 0 0 1 0 0 -19 0 24 0 0 22 0 0 6 0 0 0 0 0 -14 0 -3 0 0 0 0 26 0 -44 0 0 0 10 0 0 0 0 0 0 20 0 -40 0 0 0 0 0 -44 0 0 0 0 0 0 23 0 0 0 16 0 0 0 0 0 -4 0 0 36 0 0 0 0 0 0 -45 0 0 0 25 0 0 -41 -17 0 33 0 0 33 0 0 0 0 0 0 0 0 0 0 -18 12 0 0 0 23 0 26 -13 0 0 22 0 0 0 -23 0 29 40 0 0 -33 0 20 -6 0 0 0 0 0 -10 0 0 0 0 0 -8 0 0 0 0 0 0 0 0 0 0 0 36 40 
0 0 -12 0 0 0 0 -26 0 0 0 -36 0 0 0 0 0 0 0 0 49 0 0 0 0 0 -34 0 -5 0 0 0 0 -23 0 0 0 0 0 0 0 0 0 0 0 26 0 0 0 30 -43 0 0 0 0 0 38 0 32 0 0 0 0 0 27 0 0 0 0 0 0 0 0 0 0 0 0 0 0 -22 -7 0 0 0 0 0 0 0 8 30 0 0 0 -12 41 0 0 0 0 0 0 0 0 0 0 0 0 0 50 30 -12 -13 29 0 0 0 0 0 0 -29 0 0 0 0 0 -45 0 0 0 0 15 0 -16 0 46 -33 0 8 -14 28 -33 0 0 0 16 0 0 0 0 0 0 0 0 -6 0 0 0 0 0 0 -15 0 0 0 11 0 0 0 0 0 0 0 -12 0 0 0 34 47 0 4 0 0 -5 0 20 38 0 0 0 0 0 0 0 0 47 29 0 0 0 -9 
-31 32 0 0 -47 -3 8 0 0 43 -32 0 0 31 0 0 0 0 0 6 0 0 -6 0 0 0 0 0 0 0 0 0 0 -48 0 44 0 0 0 0 0 0 0 0 -43 -49 0 0 -17 0 0 0 0 44 0 45 8 -49 16 0 0 0 0 0 0 0 0 0 0 20 0 0 0 0 0 0 0 0 45 19 0 0 0 0 0 0 0 0 0 0 0 -11 9 18 0 0 3 0 0 0 0 0 0 0 0 0 -15 0 -48 0 0 -37 0 0 0 0 0 0 1 0 0 0 0 0 0 0 0 0 0 0 0 0 0 0 0 -20 18 -24 -17 0 0 0 0 -17 0 0 -33 -46 0 0 0 0 0 0 -25 0 0 29 -42 16 0 0 0 0 0 0 0 0 0 0 0 0 0 0 0 0 0 0 0 0 0 0 0 10 0 0 33 20 0 0 4 -29 0 -24 0 30 -40 0 0 0 
0 0 11 0 46 0 0 0 0 0 0 11 0 0 0 0 -11 0 7 -36 0 0 -12 42 0 0 0 0 37 26 0 0 -19 0 0 0 0 0 0 0 0 0 0 21 0 0 0 10 0 0 0 0 -32 50 1 -16 0 0 0 47 0 -25 0 23 0 0 -24 0 0 -20 0 0 0 21 37 0 0 0 0 0 0 0 0 0 0 0 29 0 0 23 0 0 0 0 23 0 0 0 23 0 0 0 0 0 0 0 0 0 0 -29 0 0 0 0 0 0 -38 0 0 -36 0 0 -47 0 0 0 0 0 0 0 -6 0 40 0 0 0 0 0 0 41 0 35 40 0 0 -45 17 -22 0 0 0 0 15 44 0 11 0 0 -42 0 0 0 0 0 0 0 -29 0 44 0 0 31 0 0 47 -4 0 0 0 0 0 -41 0 0 15 -21 0 0 0 0 36 45 -24 -39 0 0 0 -15 0 -31 
0 0 0 0 0 0 0 0 0 0 -21 0 0 0 -1 0 23 0 0 0 0 0 36 0 0 0 0 0 0 39 0 0 0 0 0 0 0 0 -13 0 0 0 0 0 -14 -48 0 -7 0 -8 7 -49 0 0 31 0 0 0 0 0 0 0 10 0 0 0 0 0 -31 34 0 0 0 0 8 0 0 0 0 0 -12 0 0 0 0 -13 0 0 0 0 0 0 0 0 0 0 0 0 0 0 0 0 0 0 0 -31 0 21 0 0 -29 0 0 -44 0 0 0 34 44 0 0 26 0 0 0 0 0 0 0 0 0 -26 0 0 0 0 -27 -15 15 0 -13 0 0 0 -20 0 0 0 0 0 16 0 -20 -47 32 22 0 0 0 0 -17 0 41 0 0 0 0 0 0 -24 0 -12 0 0 27 47 -30 0 0 0 0 0 0 0 0 0 11 49 -19 0 0 0 0 0 0 -8 0 0 0 0 
-42 40 0 0 0 0 0 0 0 0 0 24 0 0 0 0 46 -49 0 46 44 -24 0 0 19 0 0 0 0 0 -35 0 37 0 0 0 0 0 0 0 0 0 0 0 35 0 0 -40 21 -48 0 0 9 0 -22 -16 0 0 0 0 0 0 0 0 0 -39 0 0 0 45 0 0 32 0 0 0 0 0 0 0 29 0 0 0 0 0 0 0 0 0 0 0 0 0 0 0 0 0 0 -20 0 0 0 -18 0 0 0 26 0 0 47 0 0 0 0 0 28 0 0 0 0 0 0 0 0 25 15 0 -6 0 0 0 0 -48 0 8 0 27 -35 0 0 0 0 -14 0 0 12 0 0 -43 0 0 24 0 0 0 -5 0 0 0 0 -5 0 0 0 0 24 0 0 0 0 0 48 0 0 0 0 0 0 0 0 0 0 0 0 0 0 0 0 0 0 0 0 0 13 0 0 0 0 0 
18 0 -7 0 0 0 0 0 0 0 0 0 0 0 0 0 6 0 0 0 0 -6 0 0 0 0 0 0 0 0 0 0 0 6 0 -32 11 0 -23 8 0 0 0 0 1 0 0 0 0 0 0 0 0 25 0 0 0 0 0 0 0 -1 0 0 0 0 0 0 0 0 20 0 0 -11 0 0 0 0 0 0 0 0 -2 0 -28 7 0 0 0 0 0 -38 0 0 0 0 0 0 0 0 0 0 0 31 0 32 0 0 0 0 -49 0 0 0 0 0 0 0 0 0 0 0 0 0 0 0 0 0 0 -26 0 0 0 0 0 0 0 0 47 -42 0 43 0 -43 0 0 0 0 0 43 0 0 0 0 0 -24 0 -23 0 0 6 0 0 0 0 0 -27 0 0 0 0 0 23 0 0 0 -19 0 0 -16 19 0 0 0 0 0 0 28 0 0 0 0 0 0 0 0 0 0 0 0 
-3 0 -24 0 0 0 0 4 0 0 0 0 0 0 0 0 -29 0 -37 0 0 37 0 0 0 0 0 0 13 0 0 0 0 0 0 0 0 38 0 -28 0 0 27 0 0 48 0 0 5 0 0 12 0 0 0 0 39 -3 -35 -45 -14 0 0 17 -48 0 0 0 0 0 0 0 0 0 0 0 0 0 47 -20 0 21 0 25 0 0 -40 0 0 0 0 -36 27 0 0 -6 0 28 0 0 0 0 -36 0 0 -30 0 0 47 0 0 0 -23 0 -2 3 -10 0 0 11 42 0 0 0 0 0 -16 0 40 0 0 0 0 0 0 0 0 37 -36 0 0 -37 0 0 0 -41 0 0 0 0 -35 0 0 0 19 0 0 -5 27 0 0 0 0 0 0 0 -38 0 0 0 0 36 -45 0 41 0 38 22 0 0 0 0 0 0 0 0 0 0 0 0 0 35 0 0 42 0 0 12 0 5 
40 0 0 -24 -40 0 0 0 0 0 -14 38 0 0 20 0 4 38 -48 0 -39 0 0 0 0 0 0 0 6 0 0 0 0 0 0 -5 11 0 0 1 0 0 0 0 44 0 0 0 0 9 -12 -45 -42 0 0 0 0 0 0 -16 0 0 0 0 0 0 27 0 0 0 0 0 0 0 0 0 0 0 -8 0 0 35 29 0 0 0 0 0 0 43 0 0 23 0 0 0 0 0 0 -7 0 0 0 13 0 0 0 0 0 0 -13 8 0 0 0 0 3 -15 0 0 0 0 37 0 0 -41 0 0 0 0 -48 0 0 0 0 17 12 0 0 -26 0 0 0 0 0 0 0 0 0 0 0 -35 0 0 0 0 0 -5 0 -12 0 -41 0 0 33 0 0 7 0 -46 0 -41 28 0 0 0 0 -17 6 0 0 0 0 0 0 43 0 0 0 -31 0 0 0 -17 0 -8 0 0 0 0 
-11 0 3 0 0 0 0 42 0 0 34 0 0 0 0 0 0 0 0 0 -26 0 0 0 0 0 -22 0 0 -27 0 50 0 -46 0 0 0 0 0 0 0 0 22 0 0 0 0 0 37 0 34 0 0 30 0 0 0 0 23 13 0 0 0 0 0 0 23 0 -12 0 5 0 0 0 0 0 0 0 0 -40 0 0 0 0 0 -49 0 0 0 0 0 0 0 0 -46 0 11 0 0 0 0 0 0 0 -35 0 46 0 0 -17 -30 37 42 0 48 26 0 0 0 0 0 0 26 0 0 -17 46 0 0 0 0 0 0 0 15 6 0 0 -47 45 0 0 0 -36 0 0 0 0 0 0 40 -45 0 0 0 0 0 -32 0 0 0 0 7 0 0 -13 0 -32 0 -16 0 0 0 0 0 0 0 0 0 28 0 0 0 0 0 -9 0 0 0 0 0 0 0 0 0 0 0 0 0 0 
0 0 37 -47 0 -34 0 -28 -11 -31 0 0 36 0 0 0 0 0 6 0 0 0 0 -8 0 0 0 20 0 0 0 -1 0 0 0 0 0 0 0 0 0 0 0 -8 0 0 0 0 0 0 0 28 0 0 0 0 0 0 0 0 -22 0 0 0 14 0 0 0 0 0 40 0 0 0 0 0 14 0 0 -7 33 -33 0 0 0 1 0 -11 0 0 -26 -20 0 0 0 0 0 0 0 13 0 -3 0 0 -18 0 -27 0 0 0 17 0 0 0 0 0 0 48 -27 0 -3 0 0 0 24 0 -33 -20 0 0 8 0 0 17 6 0 0 0 0 0 0 0 45 0 0 18 5 0 0 0 -24 0 -20 0 0 -3 0 0 0 40 -34 12 -45 0 0 0 0 0 0 0 0 -8 -33 0 -13 0 0 -23 0 0 0 0 46 0 21 0 0 0 34 16 0 0 -23 18 0 0 -33 0 0 0 
-25 0 26 2 -50 0 -19 23 0 0 -13 0 -42 0 -28 0 0 45 21 43 0 49 0 0 -16 15 0 0 0 -24 0 -40 0 0 0 0 0 0 0 0 -26 0 33 0 0 0 27 0 -23 0 0 -11 0 -1 0 21 0 0 -23 25 0 0 0 0 0 -19 0 0 0 -1 0 45 0 0 0 0 49 0 0 0 0 0 0 0 0 0 0 0 0 0 0 0 0 0 0 0 0 0 19 0 -12 0 0 0 0 0 0 0 0 0 0 -9 0 0 0 0 2 0 0 -15 0 0 0 0 0 33 0 18 0 -27 0 0 0 12 0 0 0 27 0 0 0 0 0 0 11 -21 0 0 0 0 0 0 0 0 0 0 2 -46 0 0 0 0 0 0 46 0 34 0 0 0 0 0 0 0 14 0 0 0 0 -49 0 -15 0 -26 0 0 20 0 -42 0 0 -6 -16 0 0 12 0 0 -2 0 
0 -50 0 0 -4 0 0 0 0 0 -49 23 0 0 0 0 0 29 46 0 0 0 0 0 0 -42 0 0 0 -12 0 0 4 -2 0 -13 0 32 0 35 0 -47 0 0 0 0 23 0 -35 0 0 0 -49 0 0 0 27 0 0 0 0 0 0 0 0 0 0 0 -22 0 11 0 0 0 0 -26 0 0 0 0 0 0 0 8 0 27 0 0 0 0 0 -4 0 0 33 0 0 0 12 0 0 0 0 0 0 -37 0 0 11 0 0 0 0 0 0 30 0 0 0 0 0 0 0 -18 0 0 8 -24 0 -15 27 0 37 0 0 0 27 0 -26 0 25 -10 0 0 35 0 0 0 0 0 -4 -47 47 -32 2 0 0 0 0 -12 -40 -12 0 -11 0 0 0 0 0 0 0 0 0 0 0 0 -38 0 0 0 0 0 0 0 0 0 0 1 -14 27 19 -21 0 0 0 23 0 -34 0 0 
44 0 44 0 16 0 29 1 0 26 0 0 0 0 0 0 0 0 0 0 0 0 0 0 0 0 -16 0 0 0 0 0 0 -39 0 -8 0 0 0 0 0 0 0 0 0 0 0 0 0 0 26 0 0 0 -32 0 0 -15 45 47 0 0 -45 3 0 0 27 0 0 0 0 0 0 0 0 3 0 0 -14 0 0 44 0 0 0 0 7 38 0 0 43 0 -6 0 0 0 -1 0 0 0 0 0 0 0 -42 0 9 0 0 0 0 0 22 0 0 0 0 0 5 0 0 -45 0 0 39 0 -14 -17 0 15 -35 47 -36 0 -47 0 0 -26 0 0 0 0 -38 0 0 -20 0 0 0 -2 0 0 -14 0 0 0 0 26 0 0 0 0 0 0 0 0 0 0 0 0 0 0 0 0 0 7 0 25 0 0 0 36 0 -21 2 -6 0 0 0 0 35 -15 6 -50 0 0 16 -34 0 23 
0 33 0 0 0 49 41 0 0 0 0 8 14 0 0 -2 0 0 0 0 0 0 0 -29 14 0 0 0 0 0 0 34 37 16 0 0 0 0 0 -10 -17 0 0 0 0 0 0 0 18 0 0 0 0 0 0 0 0 17 0 35 0 0 -7 27 0 -33 0 0 0 0 4 0 0 0 -46 0 0 26 0 0 0 0 0 0 0 0 0 0 0 36 0 0 0 0 0 -50 0 0 0 0 0 0 0 16 0 0 -28 0 -32 0 -47 0 0 38 0 0 -2 -7 0 0 0 0 -27 0 0 33 28 0 41 0 0 -42 0 -26 45 0 0 0 0 0 0 0 0 47 -24 -16 0 0 0 0 0 0 0 0 0 0 0 0 18 -43 0 0 -6 0 0 0 0 0 0 0 0 0 0 0 0 0 0 18 25 0 0 35 0 0 0 0 0 0 14 0 28 0 0 0 0 0 0 0 30 0 
0 0 15 0 0 0 0 0 10 -27 0 0 -38 0 0 -40 0 25 0 0 0 0 0 0 0 0 0 0 0 -29 0 0 47 0 0 0 0 -37 0 0 0 -9 0 0 0 0 0 0 28 0 0 0 13 0 -36 0 0 0 -39 0 0 0 0 0 46 0 0 0 33 0 0 0 0 0 0 -5 0 50 0 -33 0 0 0 11 0 0 0 -34 0 0 0 0 -6 0 24 0 -47 27 0 0 35 0 24 -41 0 0 0 22 0 0 0 0 0 0 -48 -2 0 -43 0 50 0 0 0 -28 0 0 -33 0 0 -13 0 0 0 0 0 0 0 25 0 0 0 0 0 0 -22 41 0 0 0 0 0 0 0 0 0 50 0 0 0 0 0 0 0 0 0 0 0 0 0 0 0 0 0 41 0 0 0 0 0 0 50 0 0 0 0 0 29 0 -49 0 -19 37 0 0 32 0 0 0 0 49 
0 -43 0 0 0 0 -23 -40 0 0 0 0 0 0 36 -35 0 2 -1 0 0 0 0 0 0 0 0 0 0 0 0 0 0 0 0 0 0 -24 0 0 0 0 0 0 0 0 0 0 0 0 0 0 -20 3 0 23 45 -3 0 0 -15 0 37 0 0 0 0 -10 0 -50 -44 0 0 0 0 13 0 0 0 0 0 0 0 0 0 0 0 0 -42 0 0 0 2 0 0 0 0 0 0 0 0 0 0 -1 0 0 -39 6 -33 0 -1 0 44 0 -16 0 -19 0 0 0 0 -33 0 0 0 0 0 0 35 0 0 43 -37 0 0 0 0 -10 0 0 0 0 0 0 0 -10 0 0 0 0 0 0 0 0 0 0 8 -14 -39 0 0 -13 0 0 0 0 2 0 -31 -2 0 0 0 0 0 0 0 22 35 0 0 0 0 0 0 0 40 0 0 16 0 0 0 0 0 0 0 -14 0 -31 
0 0 0 0 -19 21 0 0 0 0 23 6 -17 -16 0 0 25 0 0 0 5 0 41 34 -15 0 0 0 0 0 0 0 0 33 0 0 0 0 0 0 2 -3 -7 0 0 0 0 -19 48 3 0 0 -8 0 0 0 29 49 -36 0 0 0 0 0 0 0 0 0 0 0 -47 25 0 0 0 0 0 0 0 0 0 0 0 0 -32 0 35 0 0 0 0 0 0 0 0 0 0 -20 0 0 0 0 0 -50 -30 -3 0 0 28 0 0 0 0 0 0 -12 0 0 -24 0 0 0 0 0 0 0 0 0 40 0 0 0 0 0 0 45 0 0 -38 0 0 0 0 0 38 -14 0 0 0 0 0 0 1 0 0 0 -7 11 -1 -23 0 0 0 0 0 0 0 0 6 0 0 0 0 0 37 0 0 0 0 0 -42 0 0 0 0 0 0 0 0 0 0 -27 0 0 23 10 0 0 0 0 
0 0 0 0 47 0 0 0 0 0 0 0 0 0 0 0 0 0 7 0 0 0 0 0 18 0 0 0 0 0 0 0 0 0 0 0 0 0 24 0 0 0 0 0 0 0 0 -6 0 0 -15 0 -16 17 0 0 4 0 0 0 0 0 0 0 34 -14 0 0 0 0 0 0 0 44 44 0 0 0 0 -22 32 0 0 -29 -33 0 18 0 0 0 0 0 40 41 0 0 0 0 0 0 -11 -26 0 0 0 -8 0 0 34 0 0 0 0 0 4 44 0 -36 0 0 0 0 0 0 0 0 0 -17 0 0 -14 -43 0 0 -36 0 0 0 0 47 0 0 0 0 -27 0 0 -25 0 0 34 0 -47 0 0 0 0 -5 0 -32 0 0 -29 0 0 0 0 0 0 0 45 0 0 0 -43 0 0 0 0 6 0 -15 -17 0 0 0 0 29 0 0 11 47 0 0 0 0 40 0 0 5 
-3 0 0 0 0 0 0 0 0 19 0 0 0 0 0 0 0 0 34 0 -17 0 0 0 0 -7 0 0 0 0 35 0 -26 0 0 0 0 0 0 0 0 0 0 0 0 0 0 0 0 0 0 0 0 -36 13 0 0 0 0 0 0 0 0 0 0 0 0 0 0 0 0 0 -1 0 0 27 -30 0 0 0 0 17 0 0 0 5 44 3 22 0 -37 0 0 0 0 0 0 14 0 38 0 33 0 0 0 25 0 0 0 0 0 0 0 0 0 40 0 0 0 41 0 0 0 -7 0 0 16 0 0 -20 0 0 0 0 0 0 11 35 0 -24 -22 0 38 -27 26 0 -1 0 0 0 0 0 0 0 0 0 0 0 0 0 -49 10 0 11 -1 0 0 0 0 -19 -9 -37 0 0 0 0 5 -23 0 0 0 0 0 0 0 0 0 -5 0 0 0 0 -34 0 0 0 0 23 0 -7 
0 0 0 49 0 0 0 -14 -43 9 0 3 0 0 0 22 0 -27 0 0 0 0 0 0 0 0 9 0 0 0 0 0 0 -10 0 -48 47 0 0 0 0 0 0 0 0 0 0 0 0 0 0 0 0 0 0 0 0 0 0 0 0 0 0 -13 0 0 12 0 22 0 0 0 0 0 0 0 -27 0 38 0 0 -29 0 0 0 -14 0 -50 0 0 0 0 0 39 -12 0 0 0 0 0 0 0 0 0 -7 0 39 2 0 0 0 0 0 0 0 0 0 0 0 35 0 0 0 -44 0 0 0 0 -45 0 0 0 -41 0 0 18 -21 0 -20 -16 41 -10 -14 0 0 1 0 0 -16 0 0 -46 0 -37 0 0 0 0 0 -20 0 0 -23 36 0 0 0 0 0 0 0 30 -41 5 -27 -50 0 0 0 -21 0 -1 0 0 42 0 0 0 -49 0 -49 0 47 0 11 46 12 0 35 -15 
0 25 22 15 0 0 0 -20 24 -2 0 0 34 0 0 0 0 0 -34 0 0 46 0 0 28 0 0 0 0 0 0 6 0 0 0 0 0 0 0 0 0 31 0 0 0 0 0 1 0 0 0 0 0 0 0 0 4 0 0 0 0 0 0 0 0 21 0 0 0 0 -1 0 0 0 -13 0 0 0 0 0 0 32 0 0 0 0 0 19 0 0 29 0 0 0 0 0 0 0 0 0 -4 0 0 0 0 0 -48 0 0 0 -9 0 0 0 31 -3 0 0 -12 0 0 0 0 6 17 0 0 -33 17 0 12 0 0 0 0 5 0 0 0 0 0 0 0 0 -1 0 0 -40 0 31 0 0 0 0 0 0 43 -25 0 -40 0 0 0 -10 0 0 0 -34 0 -21 0 0 0 0 -13 0 0 0 0 0 0 0 -44 0 0 0 -15 0 0 0 0 0 0 0 0 0 0 -42 1 0 
0 -17 0 0 0 2 0 0 47 1 0 0 22 0 0 0 0 0 0 0 0 0 -33 23 0 0 0 50 0 3 0 -18 0 0 0 0 0 2 0 28 0 -15 0 0 0 0 0 0 0 0 0 0 0 0 -11 0 0 0 -27 0 -29 0 0 0 0 0 36 0 0 0 0 0 0 0 -26 0 22 10 0 37 0 0 0 0 23 0 0 0 0 0 0 15 0 0 0 0 0 0 -47 0 37 0 0 0 0 0 -44 0 0 -22 -34 0 0 0 -23 -8 0 0 0 31 0 0 0 -22 0 0 0 -46 -22 0 0 0 0 0 0 0 0 0 0 0 0 0 0 -25 0 0 -40 0 0 0 0 0 34 0 0 0 9 0 -43 0 0 0 47 0 21 0 16 0 0 0 0 0 0 0 0 -19 0 0 0 0 0 0 13 0 0 47 0 0 0 0 0 0 0 14 0 21 0 0 -5 0 
0 0 0 46 0 0 0 0 0 0 46 0 0 0 0 0 0 0 0 0 0 0 40 0 0 0 0 0 0 -32 0 0 0 0 37 0 19 0 0 0 0 0 14 0 49 0 -50 0 0 0 0 0 0 0 0 30 0 0 0 0 0 0 0 0 27 0 0 0 0 0 0 0 0 0 0 -49 43 0 -42 0 0 0 0 0 0 0 0 37 0 0 0 6 0 -21 0 0 0 11 0 -5 44 0 -50 0 0 0 0 30 0 0 0 0 0 0 0 0 0 0 0 0 0 -48 0 0 -41 0 0 0 0 0 0 0 0 0 0 0 0 0 0 0 0 0 0 0 0 -16 0 0 0 49 0 0 0 0 0 0 14 4 43 0 0 0 0 0 0 17 0 16 0 0 0 0 0 0 0 0 0 0 -19 -15 15 0 0 0 0 0 0 -21 0 -32 0 0 0 -12 0 0 0 0 0 0 
35 0 -11 -8 0 11 0 -5 0 0 0 0 0 0 0 0 0 0 0 -12 0 0 0 0 0 0 0 0 0 0 0 0 0 0 0 0 0 29 -15 0 0 0 -45 0 0 0 0 0 0 0 0 50 0 0 48 0 0 0 0 0 0 -40 0 -40 0 0 0 0 0 2 0 0 0 10 0 0 -33 0 0 0 0 9 0 44 0 0 35 22 0 0 0 0 0 0 0 0 43 0 0 0 0 -50 0 0 0 0 0 0 0 0 0 39 -32 0 -37 0 0 0 0 0 0 0 0 0 0 0 0 0 0 0 -43 43 0 0 0 0 0 0 -2 0 0 0 0 0 0 0 31 0 49 0 -3 -34 -32 0 -49 0 0 8 0 -49 39 0 12 -33 32 50 0 0 -29 1 0 0 0 0 0 0 0 0 -17 0 5 48 0 0 0 0 0 36 0 0 17 0 0 0 0 0 -31 0 0 0 
0 0 0 0 0 0 0 32 0 0 0 0 0 -2 0 0 0 0 0 0 0 0 0 0 -11 0 0 0 0 0 0 0 0 27 0 9 0 31 -8 0 0 0 0 -14 0 0 0 -44 0 15 0 9 0 0 -34 0 0 -18 0 0 0 0 0 0 0 -17 31 -19 6 0 0 -4 0 0 0 0 41 0 0 0 36 0 0 39 -50 0 0 0 0 -38 0 0 0 0 -29 0 0 0 0 0 -6 0 9 -44 0 0 0 0 0 0 0 0 0 0 0 0 0 0 21 0 0 0 0 0 0 -18 0 0 0 16 0 0 -35 0 40 -24 0 -4 0 0 0 0 0 34 0 0 0 0 0 -3 0 0 0 0 0 -33 0 0 0 27 0 0 0 0 0 0 33 0 0 32 -50 0 0 0 0 0 0 0 0 11 0 0 11 0 0 0 19 -19 47 0 0 0 0 0 -7 0 0 0 2 0 
0 0 0 0 0 0 -35 0 0 0 -48 0 0 0 0 0 0 0 0 0 0 0 0 0 0 0 -39 0 0 0 0 0 0 0 0 14 0 0 0 0 0 0 -45 1 20 0 -32 42 0 0 0 23 0 0 32 -29 0 0 0 0 -7 11 0 0 39 0 0 0 0 -34 0 28 48 0 -42 0 0 26 0 0 0 0 0 0 0 0 0 0 0 0 -3 0 0 0 -46 0 0 -10 0 0 0 0 0 0 0 35 0 0 0 0 0 0 0 0 0 0 0 0 0 0 0 0 0 0 1 12 0 0 0 0 0 0 0 -35 -45 0 0 -47 0 0 0 0 0 0 0 -46 0 0 0 -34 0 0 0 45 0 0 0 0 0 0 0 0 0 0 0 0 43 0 47 0 0 -2 0 33 0 0 0 -50 10 0 27 0 0 0 0 -20 0 0 0 0 0 28 0 30 -4 0 0 0 0 13 
0 -11 0 0 48 0 21 0 0 0 0 0 0 -32 0 0 33 0 0 0 -49 0 0 0 0 47 0 47 0 29 -5 0 0 0 0 0 0 0 0 0 -28 0 0 0 0 0 0 0 0 40 0 31 0 0 0 0 0 -25 36 0 0 0 46 0 12 0 -39 4 -47 0 41 0 0 43 0 0 0 33 -16 0 0 -46 0 0 0 0 12 0 30 0 0 0 0 0 0 0 -31 0 0 0 0 0 -9 0 0 -6 0 0 0 0 18 0 0 38 0 0 0 27 0 0 0 0 0 0 -50 0 0 0 15 -20 24 0 0 0 0 -20 0 47 -14 0 0 0 1 -47 0 0 0 34 0 -32 0 0 -7 0 0 0 0 0 0 0 0 0 22 0 0 0 0 0 0 0 0 0 0 0 0 0 0 -50 0 0 0 0 49 0 -42 48 -27 0 0 0 0 0 0 0 0 0 0 10 -8 0 
0 0 0 0 0 33 0 0 0 0 0 0 0 24 0 33 0 0 15 10 0 0 0 0 0 0 -49 0 0 0 0 3 0 0 0 0 0 0 0 0 0 0 0 -26 0 0 0 0 0 -6 0 0 0 50 -5 0 0 0 0 0 0 0 -33 0 0 0 11 0 0 19 0 0 0 0 0 0 0 0 0 -18 -2 0 -25 -33 -47 18 -2 0 -25 0 0 0 0 50 -13 46 0 0 -39 0 0 0 -49 -6 0 0 0 0 -38 -27 0 0 0 0 32 0 0 -30 -31 0 0 0 0 0 14 0 -6 0 44 -47 0 0 0 0 0 0 0 -32 0 0 0 0 0 0 0 -37 0 0 0 0 0 45 0 0 23 0 0 0 35 0 0 -25 0 -2 0 0 0 0 0 0 0 0 0 0 0 -10 0 0 26 0 0 0 0 0 0 0 0 0 0 -49 40 0 0 0 0 0 0 0 0 27 
0 22 0 0 -27 0 -7 0 0 0 37 -42 0 -26 14 0 2 27 0 29 20 0 0 0 0 0 0 -47 0 0 0 0 0 0 33 48 0 0 0 44 0 0 -33 33 0 11 0 22 0 0 47 0 0 0 2 0 0 0 0 0 -47 0 0 -25 0 0 0 0 0 0 0 19 0 0 0 0 -11 0 0 0 0 37 0 -19 0 0 0 0 37 0 0 0 0 0 0 0 41 6 47 0 0 0 0 0 0 0 0 27 0 0 0 -30 -14 0 0 0 0 0 0 0 0 45 0 0 0 0 0 -25 0 32 0 0 19 0 0 0 0 2 0 0 0 0 0 0 0 0 0 0 0 -49 0 0 0 23 0 0 0 0 0 0 0 28 0 0 0 0 0 0 0 0 0 -30 27 0 0 0 0 0 0 -34 0 0 0 0 43 0 35 0 0 0 0 49 -4 -47 0 -34 0 0 0 27 
0 0 0 0 7 0 0 0 0 0 -34 0 50 0 0 0 0 0 -42 0 0 0 0 0 0 0 -25 0 0 0 0 38 0 0 0 0 0 0 0 0 0 0 0 0 0 -35 12 0 0 0 0 0 0 0 0 0 -35 0 0 7 0 0 0 -13 -50 0 0 0 0 6 0 -26 -21 0 0 0 0 0 0 -41 -25 -12 0 25 0 0 0 0 3 0 0 0 0 0 0 0 0 0 -17 0 0 0 0 0 0 0 0 0 0 16 0 0 0 0 -8 0 0 0 -10 38 -21 0 0 0 4 23 0 0 11 22 0 -24 0 0 0 -3 0 0 0 0 50 0 0 0 0 0 0 0 0 0 -33 0 0 0 0 0 0 0 0 47 36 28 46 0 0 0 0 0 0 0 -41 22 -47 0 0 0 0 0 -42 0 0 0 0 0 0 0 -13 0 0 0 35 46 15 0 -49 -48 38 0 0 3 
0 -39 0 -27 0 0 1 -28 0 0 22 0 0 0 0 0 0 0 0 0 0 0 0 0 42 0 0 0 0 39 -48 0 -5 0 44 0 -50 0 0 0 0 15 0 0 0 0 26 0 0 0 -15 0 0 0 0 0 9 0 0 -43 0 0 0 0 46 0 0 0 -35 0 0 0 0 0 0 -11 0 0 0 0 0 0 0 0 0 0 0 0 -29 -17 0 -15 30 -5 0 0 0 0 0 0 16 0 0 0 -1 0 0 0 4 0 0 0 19 0 -38 -46 0 0 0 0 0 0 0 0 0 0 0 0 0 0 -5 0 0 0 0 0 2 0 0 0 0 8 -7 0 0 0 43 9 14 0 0 0 0 0 0 0 0 0 0 0 -12 49 -5 0 0 0 0 0 0 36 0 0 10 0 0 0 0 0 45 0 0 0 0 0 8 0 0 0 0 0 0 0 0 -11 -5 -13 0 -48 0 -12 
0 0 0 0 -37 34 0 -6 0 0 0 17 0 0 4 0 0 1 0 0 0 0 -32 3 0 0 0 0 0 0 0 0 0 0 0 -47 10 -37 0 0 0 28 0 0 0 0 0 0 -26 -12 0 1 0 0 0 -35 18 0 40 0 0 0 0 0 0 -38 0 0 -5 0 0 0 0 0 0 0 0 0 0 32 0 14 0 0 0 0 0 0 0 0 0 -7 41 0 0 0 -23 -6 35 0 0 0 0 -29 0 0 0 -47 1 -31 -15 0 0 0 0 0 0 0 43 0 0 47 0 0 0 26 0 29 0 0 0 -23 -5 -5 -32 0 -46 0 26 0 0 -14 11 -5 0 0 -25 0 4 8 0 0 0 0 0 0 0 0 0 0 0 0 0 0 0 -45 0 0 0 0 24 0 0 0 0 -49 0 0 0 -5 0 0 0 0 12 0 0 44 0 2 0 33 0 4 0 0 0 0 -30 0 
30 0 0 0 0 0 0 0 33 -20 0 0 0 0 2 0 0 0 0 0 0 0 0 0 0 0 0 18 0 0 0 0 0 0 0 0 0 0 -41 0 0 0 0 0 0 0 0 0 42 -28 0 0 37 -3 0 0 0 0 0 2 0 0 0 0 0 0 0 0 0 0 43 0 0 -18 0 0 0 0 -37 0 0 4 0 0 0 0 0 0 0 0 0 -16 0 0 0 0 0 0 12 0 0 27 8 0 25 0 0 0 -29 -1 0 0 0 0 -37 0 -4 0 0 -27 38 0 0 0 0 -13 0 -42 -42 0 0 0 27 0 0 0 0 0 0 18 0 -39 -1 0 0 0 0 -43 43 0 0 0 0 35 0 0 0 0 0 29 -18 -40 17 0 0 23 -11 38 46 -19 0 0 -29 0 -22 0 -30 10 0 0 0 0 0 0 16 44 30 0 0 0 0 -16 0 0 0 -21 0 35 0 0 
0 0 -40 0 -40 0 0 0 0 0 0 0 0 -49 -35 0 9 0 3 0 45 -36 -38 0 0 0 0 0 0 0 0 33 0 0 0 30 0 0 0 0 0 15 0 0 0 14 -5 0 29 3 0 0 0 8 0 44 0 33 -9 0 19 0 0 0 0 0 39 0 0 0 0 13 38 0 0 0 0 0 -18 0 0 0 0 0 0 30 0 0 0 0 0 0 -10 -7 0 0 0 0 0 0 0 -19 24 0 0 0 0 0 0 0 23 0 -30 41 0 0 0 0 0 0 -45 -15 49 0 0 0 0 16 0 0 0 0 0 -12 0 40 0 -12 0 -43 0 0 -23 -32 0 -20 -40 0 0 -49 27 0 0 0 0 47 0 0 29 0 0 0 -24 0 0 -2 0 0 0 0 0 -15 -33 0 0 0 0 0 0 15 0 10 0 0 0 0 0 0 0 0 0 0 0 0 0 0 0 0 -6 0 
18 0 0 23 0 0 -48 0 0 44 -17 0 -39 -22 29 0 18 0 0 5 0 0 0 0 0 0 0 0 0 0 0 -15 0 0 -23 0 0 25 0 0 -49 0 0 0 0 0 0 0 0 0 -12 25 0 0 0 0 50 0 0 5 0 0 0 0 0 0 0 -39 0 0 0 0 50 40 0 0 0 21 0 42 27 22 0 0 48 0 0 0 0 -5 0 13 0 0 0 0 0 0 0 0 -42 0 0 0 23 0 0 0 0 -27 0 0 0 0 0 0 -19 -11 0 0 49 0 0 0 34 0 -15 0 0 -17 0 6 0 0 0 -34 0 -40 0 0 0 0 0 0 -49 0 0 0 0 39 0 0 0 0 0 36 -12 0 -18 0 0 42 0 0 0 0 -29 0 27 0 35 0 0 0 0 27 0 0 -46 0 0 0 0 0 36 0 0 0 -36 0 0 46 0 0 0 0 42 0 0 0 
0 0 25 0 36 0 0 0 23 14 0 0 0 0 0 0 -33 0 0 0 0 0 -30 44 0 0 0 -47 0 0 0 -34 0 0 0 0 0 0 -7 0 0 0 0 0 0 0 44 -33 0 0 0 0 -26 0 0 0 0 46 16 31 0 0 0 0 0 -28 0 0 -25 0 0 0 0 0 2 -46 0 0 0 0 0 0 0 0 0 0 0 0 0 0 0 0 0 0 9 0 0 0 0 0 -35 -46 0 0 0 0 0 0 0 0 0 0 0 0 0 -10 10 0 0 0 12 29 0 -29 0 22 0 0 0 0 -5 0 0 -41 0 12 0 -12 0 0 0 -13 0 0 10 0 0 0 0 0 0 0 0 -25 28 28 49 0 -40 0 42 -11 0 0 0 0 0 0 0 0 0 0 38 0 0 -46 0 0 4 0 0 0 0 0 43 0 0 0 0 0 0 0 0 0 0 0 35 0 0 0 
0 0 0 15 4 0 -13 0 -10 0 0 0 0 0 0 0 0 0 0 0 0 0 49 0 18 0 0 0 0 0 0 0 0 0 0 0 0 0 0 24 0 0 0 0 0 0 0 0 0 0 18 0 -46 -32 -16 0 -1 0 0 -43 0 16 0 0 47 0 45 0 0 7 0 0 0 0 -15 -29 0 0 0 -28 0 0 0 32 0 0 -28 0 0 1 50 0 0 0 0 -37 0 0 0 21 0 0 3 0 0 0 0 0 -40 0 0 0 -31 0 0 0 48 33 0 0 0 0 0 0 0 0 0 0 0 41 0 0 0 0 7 -45 0 0 0 -6 0 0 0 -29 0 -23 0 47 0 12 0 0 22 0 0 46 -5 0 17 -24 0 0 -34 0 43 0 0 0 0 0 0 0 -20 0 0 0 0 49 0 1 -8 4 -1 0 0 0 0 0 0 0 0 0 -15 0 16 0 0 0 -14 -37 
0 0 0 0 0 0 6 0 0 0 0 -7 0 0 0 0 0 0 0 0 0 0 0 0 0 -4 0 0 0 0 31 0 50 0 0 -28 0 49 0 0 0 0 2 0 -28 0 0 0 0 0 0 0 0 0 0 -41 0 0 -13 0 0 0 0 34 0 10 7 0 0 0 35 0 40 0 0 0 0 0 0 0 0 0 -47 -27 -31 0 0 0 0 0 0 0 44 -17 0 0 0 0 0 0 0 0 0 0 27 -17 0 0 0 0 0 0 0 -10 -3 0 -30 0 0 0 0 -8 0 0 0 0 0 0 0 0 0 0 0 0 0 0 0 -11 0 0 0 0 0 0 11 36 -10 0 0 -33 0 0 0 -2 0 0 0 0 0 0 0 0 0 -44 0 0 0 9 0 0 30 -40 0 0 0 -5 0 0 -7 0 0 44 0 0 0 0 0 -41 17 40 0 0 0 0 12 0 0 0 -13 0 
-13 -16 -34 0 0 0 18 0 0 0 -31 0 0 30 0 -12 0 0 44 0 -18 0 1 0 0 12 0 0 0 0 0 0 0 4 0 0 0 0 0 0 0 30 4 0 16 0 0 -41 0 0 0 29 0 0 0 0 0 0 0 0 0 5 0 0 -43 -3 -39 0 0 0 0 0 0 0 0 0 0 0 0 0 0 0 0 0 0 0 0 42 0 0 0 -27 0 12 0 0 0 0 0 0 -16 0 -36 0 0 0 0 0 0 0 0 0 0 0 -20 0 0 0 0 49 33 0 0 0 0 0 11 0 0 0 0 0 0 33 0 0 46 0 0 0 0 0 0 0 -1 0 0 21 0 32 0 0 0 0 0 0 0 0 0 0 0 0 43 0 -50 0 0 37 0 0 0 48 0 0 0 0 0 0 0 0 0 0 36 0 22 0 0 0 0 -25 0 0 0 0 46 0 0 -40 0 0 
0 0 11 0 -32 0 -48 0 35 0 0 0 -32 0 0 0 -48 0 0 0 0 0 0 0 0 0 0 19 0 0 0 -2 0 0 -26 -30 0 0 -42 0 0 0 11 0 0 17 -6 0 0 0 0 38 0 0 -38 0 30 0 0 0 0 0 2 -11 0 0 0 0 0 6 0 0 0 0 8 -48 0 0 0 25 0 0 0 32 0 0 0 -9 -13 8 40 0 45 0 0 0 -49 0 0 0 0 0 0 0 0 0 0 0 0 25 0 0 0 0 -28 0 0 7 41 46 0 0 0 0 0 -23 0 0 0 0 0 0 0 0 -13 0 0 0 0 0 0 0 0 0 0 0 0 0 17 50 0 0 0 0 0 0 0 -45 23 -2 0 0 0 0 0 0 19 0 0 0 18 0 0 0 5 0 14 0 -22 0 -38 0 -38 0 0 0 32 0 0 5 0 2 -45 0 0 -10 0 -27 0 0 
0 35 0 -18 0 0 0 0 0 10 0 0 0 0 -19 35 0 0 0 0 35 0 0 0 0 0 19 0 -2 0 47 0 0 0 0 -43 0 -45 0 0 0 0 0 0 -16 0 0 -35 0 11 -34 -4 0 -2 0 0 0 0 0 -10 0 0 31 0 37 0 0 0 0 20 0 0 0 0 -33 23 9 9 -11 43 0 0 0 10 0 0 -15 49 0 0 0 30 0 49 39 44 0 0 0 0 0 0 0 -50 0 0 37 -13 0 0 0 0 0 0 0 0 15 0 0 0 28 0 0 0 0 0 0 0 -29 0 24 -27 -38 0 0 0 34 0 0 0 0 2 0 0 0 0 0 16 0 0 33 43 0 0 0 0 0 0 -11 0 -29 0 0 0 0 19 -23 0 0 0 0 43 0 -45 0 0 -45 0 0 0 28 44 0 -13 0 0 0 0 -39 0 0 0 -1 0 0 0 37 0 0 0 
0 0 0 0 -16 35 0 0 -5 0 0 0 -39 0 0 0 0 -36 0 0 13 0 0 0 0 0 0 0 0 0 -35 0 -37 0 0 0 0 28 0 -20 26 0 0 0 -17 -29 0 24 -25 -46 0 0 0 0 6 0 0 0 16 0 0 18 0 5 34 6 0 -43 -12 0 -37 0 -22 0 0 0 0 0 0 0 0 0 0 -5 0 0 0 11 0 38 0 5 0 0 0 -6 -32 -26 0 -23 0 32 0 30 0 0 34 0 0 0 0 -18 0 0 0 0 0 0 0 0 0 0 0 0 0 29 0 0 0 0 0 0 0 7 -32 0 0 0 0 0 0 0 0 0 0 0 -34 0 16 0 0 0 0 0 0 0 0 0 38 0 0 0 0 9 37 0 0 -14 0 0 21 0 0 0 0 0 36 0 0 0 0 0 0 -23 0 0 0 0 0 -14 0 0 -32 -30 0 0 0 25 0 37 
0 0 -50 0 0 0 9 0 0 0 0 0 33 0 0 0 -16 0 -42 0 -20 0 0 0 0 0 0 0 0 47 0 0 1 22 0 0 31 0 0 0 -24 0 0 0 32 0 0 0 0 0 0 -25 0 -24 0 36 0 0 39 0 0 0 0 0 43 0 0 0 0 41 0 43 0 0 0 0 0 0 0 0 0 0 0 21 0 0 32 0 0 0 0 0 0 0 0 0 0 0 0 0 0 0 0 0 0 0 29 0 -30 8 -20 0 -39 49 0 0 0 0 0 0 0 0 0 0 19 40 0 0 44 0 0 0 0 0 0 0 0 0 0 0 0 -31 6 0 0 0 0 0 0 -29 0 47 0 0 0 0 0 0 46 0 27 0 0 0 0 0 0 0 0 0 12 0 0 0 0 -18 0 0 0 -10 0 0 42 0 0 0 0 -8 0 0 0 0 0 0 0 0 0 0 0 0 
0 -49 -13 0 -3 0 0 0 -26 0 -15 0 18 0 0 22 0 0 0 0 0 0 0 -44 0 -19 0 0 0 0 0 0 0 0 0 0 -3 0 0 0 0 -29 22 0 0 0 0 0 0 0 12 -2 0 0 0 0 -44 0 0 0 0 0 0 0 0 13 0 0 0 0 0 0 0 0 0 -49 0 0 0 44 -40 0 48 0 12 0 0 0 0 0 0 0 0 0 0 0 0 0 42 0 9 0 1 0 0 0 -50 19 -4 0 0 0 0 0 0 0 0 0 6 0 23 -31 -21 0 -16 0 0 0 0 -24 0 0 0 -46 -16 0 0 0 0 0 0 -2 0 0 -19 0 -21 0 0 1 32 0 0 0 0 0 36 0 -19 0 0 0 0 0 0 0 0 0 0 0 0 -41 0 0 0 0 0 0 0 0 0 0 0 -27 0 -34 -13 6 0 0 0 0 0 41 39 0 0 0 0 0 
-46 -16 0 0 0 0 0 0 0 33 -26 0 0 -10 -46 0 -1 0 0 0 0 0 -23 0 0 0 0 6 0 -16 0 0 0 0 0 38 0 0 0 0 -30 0 0 0 50 0 43 0 -34 0 0 0 0 0 0 0 0 0 0 0 0 0 0 0 0 0 0 0 0 0 0 0 0 -50 0 0 -45 0 0 0 0 0 0 0 0 0 0 10 35 0 0 0 0 0 0 0 0 50 0 0 0 0 0 -32 0 0 0 41 0 0 -27 0 0 0 0 33 0 0 0 0 0 -22 0 0 -11 0 0 0 0 0 0 0 0 0 0 0 0 0 0 0 0 0 0 45 -9 0 0 0 0 0 -50 0 0 0 0 -41 0 24 0 0 35 0 0 30 0 18 0 21 12 0 0 0 1 -29 0 0 0 0 0 0 0 0 -10 0 0 -7 0 -3 19 0 0 36 0 15 0 0 0 0 0 0 
0 0 -38 0 0 0 0 0 0 0 25 0 50 44 0 39 0 -21 0 -8 6 0 -49 0 0 0 0 0 0 0 0 0 0 0 0 0 0 0 0 0 0 4 0 0 0 0 0 34 0 -27 0 0 -2 0 -11 0 0 0 0 0 4 -44 0 0 42 37 0 0 0 0 0 0 0 -49 0 0 0 0 0 0 0 0 0 0 0 0 0 0 0 0 0 0 0 -25 0 0 45 0 0 0 0 0 0 0 27 0 0 0 -27 0 0 0 0 0 0 -44 0 12 0 0 0 0 0 0 0 -33 0 0 31 -12 0 0 36 -41 0 -8 0 0 0 0 0 0 0 0 -37 30 0 0 0 0 0 -2 0 0 -30 22 0 0 0 -15 0 0 0 -40 48 0 43 0 0 -41 0 0 0 0 0 0 0 0 0 0 0 0 0 0 0 0 0 0 0 0 0 0 0 0 0 0 0 0 0 0 
-4 0 0 0 0 0 0 5 0 0 0 0 0 0 35 0 0 0 0 24 0 0 49 0 0 0 -18 0 0 0 0 0 0 0 32 0 -11 0 0 0 0 0 0 0 0 0 0 0 0 0 28 0 0 0 0 0 37 0 0 0 0 0 -40 0 49 21 0 40 0 0 18 0 0 -24 0 0 0 0 -37 0 0 0 0 0 16 0 0 -17 0 0 -41 0 0 0 0 0 0 35 0 -6 0 0 0 6 25 0 0 -37 0 0 0 -36 0 0 20 0 0 0 -20 0 0 0 0 0 0 0 -12 0 0 0 48 23 -45 28 0 -33 0 0 0 0 0 0 0 0 0 -41 0 0 0 0 0 0 0 0 27 -47 10 0 -29 -33 0 38 -20 0 0 0 0 0 0 0 1 0 9 0 0 0 21 0 -12 0 0 0 49 0 0 0 0 0 0 0 -36 0 0 0 0 0 0 0 0 0 
13 0 0 0 0 13 0 0 0 0 0 0 0 0 0 0 0 31 0 0 0 0 0 0 10 0 0 0 0 0 0 0 0 32 0 8 0 0 0 -21 0 0 -36 0 0 0 0 0 0 0 0 -39 0 0 0 0 0 0 -11 0 0 5 0 0 0 0 -13 0 20 0 0 0 0 -12 0 0 0 0 0 0 0 34 0 -14 -12 -9 0 0 0 0 0 0 0 0 0 0 0 0 0 0 0 0 0 0 0 0 0 0 0 27 0 9 21 0 0 0 0 41 0 0 0 0 0 22 0 20 0 0 0 0 0 0 0 0 0 0 0 0 0 0 41 0 0 0 0 5 0 0 0 0 0 33 0 0 0 0 0 0 0 0 0 0 0 0 0 0 -45 0 0 0 -29 0 0 0 0 0 0 0 -37 38 -39 0 0 0 0 0 -36 -7 0 0 21 0 0 0 0 35 0 0 0 0 
0 34 0 41 0 0 0 0 0 0 0 0 0 0 0 0 0 -22 0 0 0 0 -33 0 0 0 0 0 39 0 0 0 0 -25 0 0 0 0 0 0 0 21 0 0 31 0 0 0 4 4 0 0 0 4 -21 0 0 0 0 0 0 0 -12 0 0 0 38 26 0 0 0 0 35 0 0 0 -43 46 0 0 0 0 -41 0 0 0 0 21 17 0 29 -38 0 0 -44 0 0 10 24 0 -42 0 0 36 -24 0 0 0 0 0 13 0 0 0 0 0 0 0 0 0 0 37 0 0 10 -6 0 0 47 27 0 0 41 0 0 -13 14 0 0 0 0 0 37 -43 0 -27 -13 0 0 0 0 0 0 0 0 0 0 0 -22 0 0 0 0 0 0 5 0 0 0 0 0 0 0 0 0 -12 38 -24 29 0 0 -48 0 0 0 0 0 0 0 -4 4 0 9 0 0 24 -28 7 0 39 
0 0 0 0 45 0 17 0 0 0 0 0 -8 0 11 0 0 -46 0 0 0 40 0 0 0 0 0 0 0 0 0 -27 0 35 2 16 0 0 0 9 0 0 0 0 0 0 0 0 24 -9 0 14 0 0 0 0 0 28 3 0 0 30 0 0 0 0 39 23 0 0 4 23 21 0 0 0 0 0 0 -39 -37 0 0 0 -9 -50 3 0 0 0 -43 42 0 0 0 0 -35 -30 0 0 -46 0 -30 0 0 0 0 29 0 0 0 0 0 0 0 0 0 35 0 0 0 0 0 0 0 0 0 0 -4 47 0 0 0 0 0 0 0 0 7 0 0 0 0 0 0 -50 0 -19 0 0 0 0 0 -10 0 0 0 -49 0 0 27 -46 0 -5 0 0 0 0 -18 0 0 0 0 0 -12 0 0 26 0 0 -3 -47 0 0 0 0 0 0 0 0 0 0 0 0 -17 0 0 0 0 -5 
0 0 0 0 0 32 0 0 -45 0 0 0 -9 0 0 0 0 0 0 -1 -11 -21 0 0 0 -39 0 0 0 0 -33 31 0 0 0 0 -50 0 0 0 0 0 50 0 0 0 0 0 0 13 0 0 0 0 0 0 0 -21 -10 0 -10 0 0 0 -43 0 0 22 0 0 0 0 31 0 0 0 0 0 0 37 0 0 0 0 -17 0 0 0 0 -44 0 0 0 0 0 0 32 0 0 0 -39 0 0 27 0 0 0 3 0 0 0 0 0 0 0 0 0 0 0 0 0 0 0 0 0 0 34 0 0 -30 0 -19 38 0 0 0 0 -38 0 0 0 0 0 0 5 0 0 0 0 0 0 0 0 0 0 0 0 0 -30 0 0 0 0 0 0 14 -45 36 0 0 0 0 21 0 38 0 0 0 0 0 0 0 0 0 0 0 0 0 0 0 -26 45 0 0 0 0 -42 0 0 0 
0 31 0 -9 0 0 0 11 0 -18 0 0 0 0 0 0 -48 0 0 0 0 0 0 0 0 0 0 0 0 16 0 0 0 0 0 0 0 0 -21 0 0 -22 0 13 0 0 0 -17 0 0 0 0 -34 0 0 -49 0 0 -17 0 0 -6 0 -12 -39 0 0 0 0 0 0 0 0 -27 31 0 0 0 0 0 0 0 0 0 0 4 0 0 0 0 0 -5 0 0 0 0 39 9 0 -43 -6 0 0 0 24 -22 0 43 0 0 34 8 0 0 0 0 0 0 0 0 -38 -28 0 0 0 0 47 0 0 0 0 0 22 -17 0 -23 0 0 25 18 0 22 0 0 -23 0 0 0 0 0 0 -50 -50 0 0 0 0 0 10 0 0 0 49 0 0 0 0 0 0 0 0 0 0 0 -24 26 0 0 0 0 0 0 1 -7 0 0 0 -18 0 0 13 0 -26 0 18 -35 0 0 1 0 
0 0 0 0 -13 0 0 0 0 0 0 0 10 0 0 -40 0 2 0 -25 0 0 -18 0 0 4 0 0 0 0 0 0 0 0 0 0 0 0 0 0 0 -46 -33 0 0 0 22 0 0 0 29 24 0 0 0 0 0 0 0 -33 0 20 0 0 0 0 0 0 0 0 0 -14 0 0 8 0 0 0 0 0 -6 20 -13 -32 0 0 0 0 0 0 0 -6 35 0 0 0 -21 0 0 -3 0 23 45 0 -1 -50 0 0 0 0 -5 0 -15 0 0 17 0 0 0 0 -17 0 0 0 0 0 0 0 0 0 0 0 0 6 0 0 0 0 0 25 0 35 0 0 0 0 0 0 -19 -17 0 10 0 26 0 -42 45 0 0 0 -46 4 0 -7 0 -22 0 0 0 0 0 0 -12 -37 29 0 0 0 0 27 0 0 0 0 0 0 0 0 0 0 28 -2 0 0 36 0 -41 0 0 -27 
-21 0 22 -38 -7 0 0 0 0 0 0 0 -44 -40 0 13 -47 0 0 0 0 0 19 0 -13 0 48 0 6 0 19 0 0 0 0 -27 -32 0 0 0 0 0 0 0 25 0 0 0 0 0 0 45 0 0 0 -3 -13 0 0 0 0 0 0 0 -2 -37 0 0 0 -8 -24 11 46 0 -32 0 0 0 0 0 -49 0 0 0 0 0 0 0 0 -13 0 0 0 0 0 0 0 0 0 19 -30 0 0 0 0 0 31 33 -49 0 0 0 0 0 0 0 0 0 0 0 0 0 0 -32 0 0 4 0 0 0 0 -16 0 0 28 0 -49 0 0 0 0 0 0 6 0 -21 0 0 -15 0 11 0 0 0 -34 0 0 -5 0 15 0 0 1 0 0 0 0 0 -10 0 0 0 0 38 0 0 0 0 27 0 30 -42 0 0 0 0 0 0 14 0 0 0 0 0 0 0 0 0 0 0 
0 0 0 0 0 4 0 45 0 0 0 0 0 38 0 -46 0 0 0 0 0 0 0 -19 0 0 0 0 0 0 0 0 0 45 0 16 0 0 0 0 0 0 0 0 47 0 0 0 -19 0 0 0 0 0 0 0 0 0 0 0 0 0 0 23 0 0 0 0 0 0 0 0 0 0 0 0 0 0 0 -39 43 0 21 40 0 0 0 0 -32 18 0 29 0 0 0 0 0 0 0 0 -1 0 0 -7 -12 14 -26 0 0 0 -22 0 26 0 0 0 0 0 0 0 0 0 0 0 0 -10 0 0 0 0 0 19 0 0 0 0 0 0 0 0 50 0 -42 0 0 0 0 0 15 5 0 27 0 0 0 0 0 0 0 0 0 0 -8 0 0 -38 28 0 0 0 0 0 0 -39 0 -3 0 0 0 30 0 0 38 0 0 0 0 0 -30 0 0 0 0 0 0 46 0 26 0 34 
0 41 0 -18 36 -23 0 45 -21 -23 50 0 0 0 -35 0 0 0 0 0 0 0 43 0 0 0 0 0 0 -1 0 -47 0 0 0 0 0 38 0 0 0 50 0 0 0 0 0 0 0 -10 0 -20 37 0 42 0 36 -16 0 -47 0 0 18 -39 -2 0 0 40 0 0 0 0 0 0 0 0 0 0 -44 0 -37 0 0 41 33 20 0 -31 0 17 0 0 0 0 -3 0 0 0 -32 0 0 0 22 13 0 0 0 0 -25 42 0 0 0 -23 0 -24 48 0 0 0 0 -14 0 -49 0 0 0 0 -41 0 0 0 0 0 0 0 -15 0 36 35 0 0 0 -15 0 -1 0 0 0 48 0 0 0 0 0 0 0 0 0 10 0 0 4 44 0 0 44 0 0 0 0 0 0 0 -48 -47 0 0 0 -42 0 0 0 27 14 0 0 0 -2 0 0 -33 0 0 0 0 0 0 0 0 
28 0 37 0 22 0 0 0 0 0 -28 0 0 0 0 0 0 0 11 0 0 0 0 33 0 0 -14 -28 0 10 41 0 40 0 0 0 0 18 0 0 28 0 12 0 0 0 0 0 -9 0 0 -23 0 0 0 0 6 0 0 0 0 0 0 0 42 0 0 0 0 0 -3 0 35 0 0 0 0 0 0 0 0 0 0 0 0 0 0 0 0 -20 0 0 0 0 -9 6 -31 0 37 0 0 0 0 -45 47 0 0 0 0 -34 21 0 0 0 0 0 -28 0 0 8 0 -37 0 0 0 0 -5 0 0 0 0 0 0 0 0 46 0 0 0 0 0 0 0 -17 0 0 -44 13 0 0 11 0 49 0 0 0 0 0 0 0 0 0 -1 0 36 -38 0 0 42 0 -10 0 49 0 0 0 0 1 0 0 38 0 0 -19 0 0 0 0 0 0 22 0 40 0 0 15 0 0 0 0 
0 -35 0 0 0 0 0 0 0 0 0 16 0 0 0 0 0 31 -31 -2 0 0 14 0 0 -1 -48 0 0 -8 0 0 -44 0 36 -45 0 0 0 9 0 21 0 0 0 0 0 0 50 0 0 -6 0 0 0 0 0 0 -28 5 0 13 0 0 30 0 -3 0 0 -21 -29 40 0 0 0 0 0 0 19 0 -38 0 0 -27 0 0 0 0 0 0 -26 0 0 -17 0 0 0 0 0 0 0 0 0 0 0 0 -29 0 0 0 0 0 39 0 0 0 0 0 0 0 -46 20 0 0 26 0 0 10 0 0 0 0 0 0 0 0 -26 0 -21 0 0 0 0 0 0 0 0 0 0 0 0 0 0 0 0 0 0 0 0 0 0 0 0 0 0 0 -13 -23 0 -27 0 0 0 0 0 0 0 -7 0 0 0 27 -19 0 -16 0 0 0 0 0 26 0 0 0 0 0 9 0 0 0 
0 0 -26 0 0 0 0 0 0 -22 0 0 37 0 12 0 0 0 0 5 0 0 0 0 0 0 0 0 0 0 28 0 22 0 0 0 0 -35 -23 24 -44 -5 0 0 0 0 0 -9 0 0 0 0 -31 -5 0 0 36 -21 0 0 0 -31 0 0 0 9 0 0 0 0 0 34 -2 0 0 0 0 -40 0 0 -7 -16 0 0 0 0 0 0 0 0 0 0 0 0 0 0 0 -30 39 15 0 0 0 -5 0 0 0 0 -31 35 0 0 0 -28 0 0 12 0 0 0 0 0 0 0 -18 0 20 0 15 0 0 0 0 0 0 21 0 0 2 0 0 0 0 0 0 42 0 0 0 0 0 0 -42 0 43 0 8 12 16 0 36 43 0 0 22 0 0 0 0 0 0 0 0 0 0 0 0 0 0 0 0 14 0 -16 0 20 45 0 0 28 0 0 33 0 0 0 0 -48 0 0 
0 0 0 0 -41 0 0 0 31 18 0 0 0 -44 0 -34 0 0 17 0 0 0 0 0 0 0 0 -16 17 -44 0 0 0 0 0 0 0 0 0 0 0 0 0 0 0 0 0 -49 0 -1 0 0 19 0 -43 0 0 0 0 0 0 0 0 0 -48 9 0 25 36 0 0 0 0 0 5 -24 0 0 0 23 0 0 0 0 0 0 0 0 0 0 -50 0 -41 0 0 0 0 0 0 0 0 0 -48 -47 0 0 0 0 0 -41 0 0 0 0 0 0 0 0 0 -37 0 0 10 0 0 0 38 0 -21 0 0 0 0 43 -9 0 0 0 -6 0 0 0 0 0 0 0 0 47 0 0 0 -20 48 0 0 0 0 0 44 0 0 0 0 0 0 0 0 0 0 -34 -7 0 0 0 0 0 0 0 0 0 0 0 0 0 20 0 0 0 12 0 -17 0 0 0 0 0 0 0 0 -12 
5 0 0 9 -47 40 0 0 0 0 0 0 -2 0 0 0 0 0 0 -5 0 0 0 0 0 22 0 0 -23 0 0 0 0 0 0 0 0 0 0 0 0 0 0 0 0 -43 0 -1 0 0 0 -15 0 0 0 0 0 0 0 0 -7 -6 0 -47 0 0 0 0 0 0 0 0 0 -20 0 0 -38 0 0 0 0 0 0 0 0 0 0 49 0 0 0 0 0 2 0 0 0 -22 0 0 0 0 -21 33 0 0 0 0 0 39 -2 0 0 0 0 0 0 0 45 0 0 0 0 -26 0 -8 0 33 0 11 0 0 0 0 0 0 20 0 0 0 29 40 0 0 0 0 -15 0 0 0 19 0 -27 0 35 -13 0 0 30 0 0 0 0 0 0 32 0 0 0 -13 0 0 0 -36 0 0 0 0 0 0 0 0 0 0 45 0 0 0 0 0 0 0 0 0 0 0 0 0 0 8 
0 39 0 0 -31 0 0 0 0 8 15 0 -10 0 19 0 0 0 -6 0 -40 0 0 0 0 0 0 0 0 0 0 0 0 0 0 -26 0 0 15 0 0 0 0 -46 -23 0 0 0 0 0 0 0 0 0 -34 0 0 11 0 0 0 4 0 0 0 0 32 0 0 30 0 0 -45 0 0 0 0 0 0 0 45 0 0 0 0 0 0 -37 0 0 0 39 0 0 0 0 0 0 0 34 0 -48 -27 0 -22 -35 0 0 0 0 0 0 -27 0 0 0 0 0 4 0 0 0 0 0 0 0 0 20 0 49 0 28 0 0 0 0 0 1 0 0 0 0 0 29 -5 0 0 0 -21 36 -19 0 0 0 0 0 0 44 0 0 0 0 0 -41 0 0 0 0 -8 6 -3 0 0 -7 0 0 0 -18 0 0 0 0 0 0 0 0 0 0 0 0 0 -8 0 0 0 40 0 0 0 0 
0 0 0 29 0 0 0 0 -15 0 0 0 0 0 0 -16 -16 0 0 0 0 5 0 0 37 0 0 0 0 0 0 0 0 0 0 0 0 0 40 0 0 0 0 0 0 22 0 0 0 0 0 0 0 20 0 0 0 0 0 24 0 0 0 0 0 0 -28 0 -50 46 29 0 -3 -30 0 0 -16 0 0 12 0 0 0 0 33 0 0 -29 0 0 0 0 0 0 0 0 0 0 0 0 0 -27 0 -50 0 0 0 0 -33 -28 0 0 0 0 0 -40 0 0 0 0 0 0 -36 0 0 0 0 0 0 -19 0 0 0 0 0 34 -42 -14 0 14 -49 0 0 0 0 -49 0 0 0 0 47 0 0 0 0 0 0 0 0 0 -36 0 0 17 0 0 -39 0 0 0 19 0 0 0 0 0 0 0 0 14 -30 -2 0 0 0 12 0 0 0 0 0 15 0 0 0 -50 40 -5 0 0 
0 0 29 0 0 -39 34 0 0 0 0 0 1 41 0 5 0 0 0 0 0 0 0 0 0 -10 0 0 -32 -5 0 0 0 0 0 0 0 -36 0 0 0 0 0 0 0 0 0 0 0 0 0 0 0 0 0 0 0 0 0 -38 -39 0 -40 34 0 -40 0 -40 0 0 -12 0 0 0 0 0 -34 0 0 -41 0 0 -38 0 0 30 -45 0 0 0 0 0 -31 0 0 -18 0 7 -26 0 1 -28 0 0 -16 0 33 0 49 0 44 0 0 0 -4 0 0 0 0 0 0 0 3 0 0 0 0 0 0 0 0 0 0 -31 0 16 0 27 0 0 0 16 0 0 0 0 0 0 -32 0 0 0 0 -49 0 0 0 2 0 0 0 0 0 40 -25 5 0 -14 0 0 0 0 0 0 -4 0 0 0 0 0 0 0 0 0 28 0 0 0 0 0 0 0 0 0 0 0 0 0 0 0 
0 0 0 0 0 0 0 -48 0 0 0 15 0 0 0 0 0 0 3 0 0 0 0 0 0 0 0 27 0 0 -38 0 0 0 0 0 0 0 -8 0 0 0 0 0 -4 0 0 0 -31 -17 0 0 0 0 0 0 0 0 0 0 0 33 0 0 0 0 0 -12 0 0 6 0 -48 0 0 0 0 0 -35 0 0 0 0 0 0 -28 0 0 0 0 0 0 0 0 -32 44 33 0 -16 0 0 0 0 0 0 0 0 0 0 0 0 0 0 6 0 0 -19 0 0 0 16 0 0 0 -32 0 0 4 36 0 0 0 0 0 0 0 0 19 35 28 -19 0 0 11 0 -49 0 0 0 17 0 0 0 40 0 35 0 0 0 0 0 0 0 0 0 0 0 0 0 0 0 0 -36 21 4 0 -26 13 28 0 0 0 22 26 0 -17 0 0 0 0 0 0 0 -22 0 0 0 0 32 0 
0 0 23 0 0 -1 0 0 39 0 0 0 0 0 16 0 10 -18 -2 45 0 0 0 0 0 0 0 -11 0 0 0 0 0 23 0 0 0 -38 0 0 0 0 0 0 0 0 0 0 0 2 -21 0 19 0 0 6 0 -36 -37 0 0 0 -39 0 0 42 0 0 0 0 0 0 0 0 0 0 0 0 0 24 0 0 0 0 0 0 0 0 -24 0 0 0 0 28 0 0 0 0 -32 0 0 0 0 0 22 0 0 0 0 43 0 0 0 2 -5 0 0 0 -36 0 0 -43 0 0 0 0 0 -29 45 0 0 0 35 0 0 0 -6 -21 -15 0 37 0 -27 47 0 0 0 0 0 0 0 28 0 0 49 46 0 33 -16 0 46 0 0 0 0 2 0 0 0 0 36 0 0 0 0 0 45 0 -2 0 0 -33 0 0 0 0 0 -8 15 0 0 22 0 0 0 0 0 45 9 0 
0 0 -6 0 0 0 0 0 0 0 0 0 0 0 0 -13 0 0 0 0 0 -22 0 0 0 0 0 0 0 0 0 -46 40 15 0 0 0 0 0 0 0 0 0 43 0 0 26 16 0 0 0 0 0 0 21 0 -41 0 0 0 0 0 0 0 0 0 0 0 16 0 0 0 0 0 39 0 7 0 0 0 0 0 0 -5 24 0 -43 -31 0 0 0 0 0 0 0 0 -11 0 0 0 -14 0 0 0 15 0 0 0 0 0 -19 0 -18 -24 0 -39 0 -31 0 0 0 21 0 0 0 0 0 0 -24 0 0 0 0 0 0 -23 -16 0 6 0 0 0 0 0 -34 47 0 0 0 0 0 0 0 0 -4 15 0 0 0 0 0 0 -15 0 0 -45 -1 -32 0 0 0 0 0 0 9 0 0 -26 0 0 0 0 40 0 33 0 0 0 0 0 0 0 0 0 0 -42 0 0 0 -17 
0 0 0 0 0 -23 -14 0 -16 0 0 0 -32 0 0 -15 0 0 0 0 0 44 0 0 -1 0 0 0 0 0 47 0 0 0 0 33 0 0 0 0 0 0 0 0 0 -12 32 50 0 0 0 0 0 0 0 -5 0 0 0 -40 0 0 34 0 10 -43 0 0 0 0 0 0 0 0 0 0 -45 -35 0 0 18 0 12 -35 0 0 0 0 0 0 -48 -19 0 0 0 34 0 20 0 0 0 0 0 0 0 0 0 0 0 0 -23 0 0 0 0 -37 0 0 0 -25 12 -45 0 0 -44 0 0 -24 -39 0 0 0 0 -17 0 18 0 0 -50 0 0 0 0 0 0 0 0 14 -12 0 0 30 0 0 -47 0 -11 4 0 0 0 0 0 0 0 0 0 -30 0 41 15 0 0 0 0 0 0 0 0 0 0 0 0 0 0 0 0 0 0 0 -22 0 0 0 0 0 0 0 0 0 
31 0 14 27 0 0 1 0 4 8 0 0 29 -44 -19 -1 0 0 0 0 0 0 0 25 0 10 0 0 0 43 0 0 0 0 0 0 -3 0 0 0 0 15 10 0 0 0 0 32 0 23 0 0 -26 0 0 0 0 0 0 0 0 -23 0 0 0 0 -13 0 0 0 0 0 0 0 0 0 0 0 0 0 0 0 0 0 0 0 20 0 31 0 0 0 5 0 0 0 -37 0 0 0 0 0 0 0 0 0 3 0 0 0 0 0 0 -25 10 0 0 0 0 0 0 0 0 0 0 0 47 0 0 0 13 0 42 0 0 0 0 0 0 0 32 0 23 0 0 11 0 0 0 0 -7 -4 0 0 0 -49 -5 0 0 0 0 0 16 12 46 0 0 0 0 39 0 0 0 0 0 -17 0 18 36 0 0 0 0 0 0 0 0 0 0 0 0 0 0 0 0 0 0 0 36 0 
49 -29 0 0 0 0 0 0 0 -3 0 0 13 0 0 0 0 0 0 18 0 0 0 0 0 0 0 0 0 0 0 0 -32 0 0 0 0 0 0 13 0 0 0 0 0 0 0 0 21 0 0 0 27 -3 0 0 0 0 0 0 0 0 0 34 0 0 20 0 0 0 0 -43 0 0 -32 0 0 0 0 0 0 -30 0 49 0 0 0 0 0 0 0 0 0 0 0 0 0 -46 0 0 0 0 -28 -41 38 -46 27 -20 0 0 0 -13 0 0 0 0 0 0 0 0 18 40 27 0 0 0 29 30 0 -8 0 0 0 -8 0 0 12 23 0 0 0 0 10 0 0 46 0 21 0 0 0 0 0 0 -34 -48 -13 0 -21 0 0 0 0 0 0 -10 0 0 0 0 0 0 0 35 24 0 0 -35 0 0 46 0 15 0 0 0 0 40 -50 0 0 0 -42 0 0 0 28 0 0 0 
0 0 -9 32 -24 0 0 50 12 0 0 0 32 -33 -41 0 48 0 0 0 0 0 0 0 0 0 0 -16 0 0 0 0 -35 14 0 0 0 0 0 -9 -4 0 -5 0 -13 0 0 0 0 19 0 33 0 -45 0 0 0 0 0 0 0 0 0 -40 0 0 0 0 0 0 -37 45 0 0 0 0 -47 0 0 0 0 50 0 0 0 0 0 27 0 0 0 0 0 0 0 0 0 0 0 0 0 0 -5 -12 19 5 0 37 0 0 0 0 0 -22 0 18 0 0 0 0 0 18 0 0 0 0 0 -40 0 0 0 0 0 0 0 -33 0 0 16 0 0 0 0 40 0 12 0 0 0 -31 0 0 0 0 0 38 0 0 0 0 42 35 0 0 0 0 37 0 0 0 0 0 0 0 -28 0 -42 0 -41 0 0 0 0 9 0 0 0 0 40 0 0 0 0 0 0 28 0 0 0 -1 
0 0 0 43 0 0 26 0 0 18 0 0 0 0 0 -3 0 0 -14 0 0 0 0 0 0 0 0 -45 48 0 0 0 0 0 4 -20 0 0 0 0 0 5 29 0 1 0 0 0 0 0 0 0 40 0 0 0 0 -12 0 0 0 -39 0 0 7 0 0 0 0 -16 40 0 0 2 -19 0 25 0 0 0 0 0 -36 0 0 0 0 0 0 0 0 0 -41 13 -47 0 0 0 0 0 0 0 0 0 0 0 0 0 -27 0 0 0 13 -36 0 25 0 41 0 0 0 0 0 0 0 0 0 0 -15 0 0 0 12 0 0 0 0 -34 -34 0 0 -14 0 0 23 0 -42 0 0 0 0 0 10 0 0 0 -48 0 35 0 0 0 0 0 -40 -27 0 25 0 0 0 0 0 0 7 0 0 0 0 0 26 0 0 0 -48 0 0 0 -5 0 0 45 0 0 0 0 0 0 -30 0 
0 0 -15 0 0 0 49 0 0 0 0 0 0 0 -42 38 44 -5 0 0 0 21 -31 0 0 0 0 0 0 -32 0 0 0 0 0 0 -32 -9 0 0 0 0 1 0 0 0 0 0 0 0 -1 0 40 1 0 0 0 0 0 0 45 0 49 -3 0 0 0 0 0 0 0 0 27 0 0 -23 0 0 14 0 0 0 0 20 0 0 0 0 0 0 0 0 0 0 8 0 -36 0 0 -40 0 0 0 14 0 0 0 0 0 0 -50 0 10 0 -47 33 -50 0 -6 0 0 0 0 0 -36 36 0 0 0 0 0 0 0 0 0 0 -2 0 0 30 0 0 0 0 0 35 1 -5 0 0 2 0 -8 0 0 0 0 -30 0 -6 0 0 -14 -13 0 0 0 0 0 0 0 0 0 0 0 0 0 1 0 0 0 0 0 0 0 0 0 0 0 0 32 9 0 0 36 0 0 -30 0 0 
0 0 0 0 41 0 0 0 0 24 0 0 0 4 0 0 42 0 0 -16 0 37 19 28 0 0 0 0 0 0 10 0 0 0 -45 0 12 0 0 0 0 0 -41 0 0 0 -13 0 0 0 0 0 0 -31 3 0 0 0 0 0 0 0 0 0 -4 0 -47 0 0 0 0 0 0 1 0 0 0 0 -22 0 0 -44 0 0 0 20 27 -49 0 -50 0 0 35 0 0 0 0 -16 0 0 0 0 0 0 42 0 0 0 0 0 0 0 38 -34 0 0 0 0 0 -29 0 -23 21 49 -6 40 -9 0 -31 0 0 0 5 0 0 0 0 0 23 0 49 -31 0 5 -7 -15 0 0 0 0 0 13 0 27 27 3 -12 0 0 0 0 0 -37 0 0 0 0 37 0 0 0 0 0 0 39 -5 0 0 -27 0 34 0 0 0 0 -12 8 0 0 0 0 0 -17 0 0 0 -1 0 0 0 
