90
17 -23 -19 -7 21 -42 -44 43 6 30 -22 -2 41 36 -41 -11 -3 -49 -29 -17 49 -44 -25 -15 -44 -40 -36 -2 -23 -48 -41 -33 14 -21 35 2 -36 -50 26 -4 -24 43 -50 -27 -32 -5 44 28 -32 4 -7 -38 42 -3 -49 39 -9 36 25 -45 21 -46 -3 -8 40 -32 -12 34 -1 -34 34 -31 2 47 -18 19 -22 8 -26 2 28 48 37 -18 39 -33 8 -10 16 15 
6 0 0 0 0 34 0 0 0 0 34 0 0 0 0 0 2 0 0 0 0 33 0 0 0 -25 0 0 0 0 0 0 0 0 0 48 0 0 28 0 0 0 19 0 0 0 0 -31 0 0 0 0 30 0 -10 0 0 31 -33 0 0 0 44 0 0 0 0 0 0 -30 0 -37 -6 0 0 -28 0 0 8 -7 -35 0 0 0 0 0 0 49 0 0 
0 46 0 0 0 0 14 0 0 -29 48 0 0 0 -20 0 -30 0 0 2 0 1 0 0 0 -25 0 -21 0 -6 0 0 0 6 0 0 -40 0 41 0 0 0 -10 0 0 0 0 0 0 -1 0 0 0 31 0 0 0 0 0 0 0 0 0 0 0 0 50 0 0 0 0 0 0 0 0 0 0 30 0 -18 0 0 34 0 0 35 32 0 -14 0 
0 0 47 0 0 0 45 12 17 15 0 0 0 0 0 37 30 0 0 22 -1 -41 0 0 0 -49 0 -8 0 0 0 0 0 0 0 0 0 0 -17 0 3 26 0 0 0 39 0 -40 0 0 -41 0 0 0 0 35 0 0 0 0 0 0 0 37 0 0 0 -4 0 10 0 24 0 0 0 0 0 0 0 0 46 0 0 0 0 0 3 0 0 0 
0 0 0 29 0 0 0 0 0 0 0 8 8 0 0 12 -16 -25 0 0 0 0 0 0 0 12 0 11 -16 0 0 0 0 0 0 -25 0 0 -2 0 -19 0 0 0 -8 0 0 -19 0 0 0 27 -29 0 42 0 0 0 0 0 0 0 0 0 2 0 -4 0 9 0 0 0 0 0 -20 0 -14 0 0 0 -25 0 7 -7 0 0 -13 0 0 0 
0 0 0 0 29 0 0 0 -37 0 0 0 0 0 0 35 0 -7 0 0 0 0 0 -11 0 0 0 0 0 -27 0 0 0 -30 0 0 0 0 0 0 0 26 0 -10 0 0 0 0 22 0 0 0 0 0 -2 0 0 0 -4 46 0 0 0 0 39 0 0 0 0 0 0 0 0 0 0 30 0 -11 0 -13 0 0 0 0 18 0 0 0 0 0 
34 0 0 0 0 35 0 0 0 -34 0 0 0 0 0 0 0 0 0 -36 0 0 0 0 0 0 -40 0 0 0 0 -44 0 0 0 14 0 37 0 0 0 47 0 0 0 -10 0 0 0 0 0 0 -22 0 0 -39 0 -48 0 0 0 0 0 0 -5 0 0 0 0 0 0 7 0 6 0 -37 0 32 38 0 0 -41 0 0 -4 -23 3 0 0 0 
0 14 45 0 0 0 26 0 0 16 -22 0 46 0 0 0 -34 0 0 0 0 0 29 41 0 0 0 0 0 0 0 -7 0 0 0 0 0 0 -17 0 -7 0 14 0 0 33 0 0 -21 0 0 0 -33 0 -15 0 0 0 0 0 0 -21 16 0 0 0 -41 23 0 0 0 -49 0 0 -18 0 0 18 0 0 0 0 0 25 0 -3 0 0 26 0 
0 0 12 0 0 0 0 41 0 -31 -21 22 0 0 0 0 0 0 46 0 45 0 20 0 13 14 19 0 0 0 0 0 0 0 -25 0 0 0 0 27 0 0 -23 0 0 0 0 0 46 0 42 0 0 0 0 0 0 0 0 -8 0 0 -2 0 29 0 41 0 -6 0 0 0 0 0 26 0 -16 0 0 -47 0 0 0 39 0 0 0 0 0 0 
0 0 17 0 -37 0 0 0 6 0 -18 0 0 0 0 20 0 -48 0 0 0 0 0 0 0 0 23 0 21 0 0 0 33 0 0 0 0 0 -28 -18 0 0 0 0 0 0 0 0 0 0 0 0 -18 0 0 33 0 0 35 0 0 0 0 0 0 0 0 0 0 0 -29 10 0 0 10 0 0 43 6 13 39 0 0 0 0 0 0 0 0 0 
0 -29 15 0 0 -34 16 -31 0 13 0 9 0 0 0 0 44 18 45 0 0 -9 0 0 -8 0 0 0 -13 49 0 0 0 0 0 0 0 0 21 1 0 0 0 0 0 0 0 0 0 -31 0 0 0 0 0 -4 -34 0 0 0 0 0 0 0 13 0 9 0 0 0 0 0 -40 0 34 0 0 0 -38 0 0 0 0 0 -3 -7 -36 0 0 0 
34 48 0 0 0 0 -22 -21 -18 0 51 33 0 -20 0 0 0 0 0 0 0 -37 0 0 0 29 0 0 0 0 0 -40 0 0 0 0 0 0 0 0 0 0 0 0 0 0 0 0 0 0 0 0 -11 0 0 0 0 0 0 0 41 0 26 41 0 0 0 0 -20 0 50 0 0 0 -50 0 0 0 0 0 30 0 0 0 0 0 0 -27 0 0 
0 0 0 8 0 0 0 22 0 9 33 41 0 0 0 0 0 0 0 0 0 23 0 0 0 0 0 0 0 0 -17 0 0 40 0 0 20 0 0 2 0 0 0 0 0 0 0 -9 0 0 0 0 -1 -49 0 12 0 0 0 0 0 0 0 0 0 0 10 0 0 0 0 0 -12 0 0 0 0 0 0 0 0 0 0 9 23 0 0 0 0 0 
0 0 0 8 0 0 46 0 0 0 0 0 39 0 0 0 0 0 2 5 0 27 0 0 46 16 0 0 -9 0 0 0 -10 0 0 0 0 0 0 0 -2 0 14 0 0 0 0 0 0 0 16 0 0 0 0 0 0 35 0 0 -16 0 0 0 19 0 0 0 0 0 0 0 0 0 0 0 -16 0 0 0 0 0 0 0 0 0 0 0 0 0 
0 0 0 0 0 0 0 0 0 0 -20 0 0 48 0 0 0 0 -30 0 0 -42 0 0 0 17 0 0 -16 0 11 0 0 0 0 0 0 0 0 18 0 0 0 30 0 -49 0 0 0 0 15 -34 0 0 0 23 -47 0 0 47 0 -15 0 0 0 0 1 0 0 0 0 0 0 40 0 -18 0 0 -1 0 0 0 0 0 0 -21 0 0 -1 -33 
0 -20 0 0 0 0 0 0 0 0 0 0 0 0 48 -14 0 16 0 0 0 17 0 0 0 0 -33 0 0 0 0 0 0 0 0 0 -2 0 0 0 0 0 -7 32 0 0 -36 0 0 0 0 0 10 6 -9 0 -23 0 -47 0 0 0 10 0 0 0 0 -11 0 0 0 0 0 -13 0 0 0 0 -50 0 0 0 0 0 0 0 -30 0 0 12 
0 0 37 12 35 0 0 0 20 0 0 0 0 0 -14 44 0 0 0 0 -15 -8 -4 0 -32 0 0 0 0 0 0 0 24 0 0 0 -14 0 0 -2 -19 -3 0 0 0 0 0 0 0 0 0 0 0 0 0 -50 0 0 0 -46 0 0 0 5 0 0 38 0 0 0 0 0 0 0 0 0 0 0 0 0 0 0 0 0 4 0 0 0 0 -48 
2 -30 30 -16 0 0 -34 0 0 44 0 0 0 0 0 0 47 26 0 -40 49 0 30 0 0 0 0 1 -39 0 1 0 11 0 0 0 0 0 48 0 0 0 -49 13 0 0 2 0 0 0 0 0 26 0 -36 3 0 0 0 0 0 -14 0 -31 0 0 -22 0 0 -42 -23 0 0 0 0 0 0 0 0 4 0 -30 0 0 0 0 22 0 0 0 
0 0 0 -25 -7 0 0 0 -48 18 0 0 0 0 16 0 26 7 0 43 0 0 2 0 0 0 0 0 0 0 0 0 0 0 0 0 0 0 -21 38 0 -8 0 0 0 0 -23 0 0 0 0 0 0 0 0 0 0 0 -22 0 0 0 0 0 0 0 0 0 31 0 0 0 0 0 0 4 -10 0 0 44 0 0 0 0 0 0 0 -23 0 0 
0 0 0 0 0 0 0 46 0 45 0 0 2 -30 0 0 0 0 13 0 0 0 0 0 45 0 0 0 0 -33 0 19 0 0 0 -29 0 -45 -16 0 0 0 0 -36 27 -46 0 0 0 0 0 0 0 0 34 0 0 0 0 0 0 0 0 0 0 0 0 0 0 0 38 0 -22 0 0 0 0 0 0 0 0 0 0 12 0 0 0 0 0 0 
0 2 22 0 0 -36 0 0 0 0 0 0 5 0 0 0 -40 43 0 38 0 0 0 -34 0 0 0 0 0 0 0 0 0 0 0 -10 0 0 0 -28 0 -6 0 0 0 0 38 0 -31 0 0 0 -50 0 0 0 -32 0 0 0 0 0 0 0 0 7 27 0 31 0 0 0 0 0 0 0 0 0 0 22 0 36 0 0 7 0 0 0 0 0 
0 0 -1 0 0 0 0 45 0 0 0 0 0 0 0 -15 49 0 0 0 26 -45 0 0 0 0 0 0 0 0 0 0 37 0 -29 0 0 0 0 0 0 0 0 0 0 0 0 -10 -46 34 0 0 -23 0 -42 0 0 0 0 0 0 0 0 0 0 0 0 0 0 0 -46 0 0 0 0 0 0 34 0 27 0 0 0 -3 0 0 0 0 -37 0 
33 1 -41 0 0 0 0 0 0 -9 -37 23 27 -42 17 -8 0 0 0 0 -45 23 0 0 0 0 0 0 15 0 -41 0 4 0 43 0 0 -17 0 0 -49 0 0 0 0 0 0 0 -5 -15 0 -46 0 0 0 0 0 -16 0 0 0 0 0 0 0 0 4 0 0 -28 0 -29 0 0 0 0 0 0 -19 0 0 21 12 13 0 0 17 0 0 0 
0 0 0 0 0 0 29 20 0 0 0 0 0 0 0 -4 30 2 0 0 0 0 21 0 12 0 0 0 0 39 0 0 0 0 0 0 -25 -39 0 -21 0 41 0 0 0 0 0 0 0 0 -32 0 0 0 -36 38 0 0 0 0 0 0 25 0 0 0 -14 0 0 10 0 0 0 0 0 0 0 0 0 -47 0 0 0 0 0 0 42 0 3 0 
0 0 0 0 -11 0 41 0 0 0 0 0 0 0 0 0 0 0 0 -34 0 0 0 32 -49 -27 0 0 0 0 0 -33 0 0 0 -8 0 0 12 0 -45 0 0 0 0 0 0 41 -1 0 -31 0 0 11 0 0 0 0 0 0 0 0 0 0 -5 0 0 -14 17 -44 0 0 0 0 0 20 0 0 0 0 11 0 4 0 0 0 12 -1 37 7 
0 0 0 0 0 0 0 13 0 -8 0 0 46 0 0 -32 0 0 45 0 0 0 12 -49 16 0 0 -25 0 0 0 0 0 0 0 -29 0 49 -4 -9 0 0 0 44 0 0 0 0 0 0 0 0 0 0 0 0 0 8 0 -25 8 -4 0 0 0 0 0 0 0 0 0 0 0 0 0 0 -36 0 0 0 0 0 5 0 0 0 45 0 24 0 
-25 -25 -49 12 0 0 0 14 0 0 29 0 16 17 0 0 0 0 0 0 0 0 0 -27 0 50 0 0 20 16 0 -3 -49 0 0 0 0 37 0 0 0 0 0 -4 0 0 -18 0 0 0 0 0 -19 0 0 0 32 0 0 0 0 -27 46 19 0 0 0 0 -1 0 0 0 0 0 43 0 0 0 0 0 0 0 0 0 0 0 0 0 44 7 
0 0 0 0 0 -40 0 19 23 0 0 0 0 0 -33 0 0 0 0 0 0 0 0 0 0 0 3 -15 0 0 0 -4 0 -34 0 36 3 0 0 9 -50 0 0 0 0 0 6 0 0 1 0 -26 0 0 0 -38 0 0 0 -4 0 -14 0 0 11 -7 0 0 -47 0 7 0 0 0 0 0 0 0 8 0 0 -22 -18 0 0 0 0 -25 0 5 
0 -21 -8 11 0 0 0 0 0 0 0 0 0 0 0 0 1 0 0 0 0 0 0 0 -25 0 -15 29 0 20 0 0 0 48 -7 0 0 0 0 0 0 13 0 7 0 0 0 0 0 0 0 0 0 29 0 0 0 0 0 0 0 0 0 48 0 0 15 0 0 0 0 -7 0 -3 -26 0 0 3 0 0 0 0 0 0 45 -17 -2 0 0 -38 
0 0 0 -16 0 0 0 0 21 -13 0 0 -9 -16 0 0 -39 0 0 0 0 15 0 0 0 20 0 0 25 -46 0 0 0 -32 0 11 0 0 0 12 0 0 0 -40 -40 -23 0 0 0 0 0 31 29 0 0 0 0 -7 4 0 0 0 -12 0 0 0 0 -17 0 0 -17 0 0 0 0 0 0 0 -28 46 -41 0 0 0 0 0 0 0 0 42 
0 -6 0 0 -27 0 0 0 0 49 0 0 0 0 0 0 0 0 -33 0 0 0 39 0 0 16 0 20 -46 44 0 0 -42 0 0 23 0 0 38 0 19 0 0 -14 0 0 0 0 0 -27 0 0 0 0 0 5 -36 0 0 -50 0 0 0 0 0 0 26 0 0 0 0 0 0 0 0 0 0 0 0 0 0 0 0 -38 43 0 0 0 0 0 
0 0 0 0 0 0 0 0 0 0 0 -17 0 11 0 0 1 0 0 0 0 -41 0 0 0 0 0 0 0 0 3 -23 -28 39 -35 0 0 0 0 0 -24 0 22 -8 0 0 0 0 -31 0 0 0 0 0 6 0 0 0 0 0 0 0 0 0 0 -35 0 -17 0 0 -35 0 18 0 0 0 0 4 0 0 0 0 0 0 0 0 0 -49 0 0 
0 0 0 0 0 -44 -7 0 0 0 -40 0 0 0 0 0 0 0 19 0 0 0 0 -33 0 -3 -4 0 0 0 -23 14 -24 0 0 0 0 0 44 0 0 8 0 0 -17 0 0 0 0 0 0 0 17 0 0 -34 0 0 11 0 0 0 -4 0 0 0 0 0 -26 0 -12 0 0 0 48 33 33 0 -17 -33 -5 0 0 7 0 0 0 0 22 4 
0 0 0 0 0 0 0 0 33 0 0 0 -10 0 0 24 11 0 0 0 37 4 0 0 0 -49 0 0 0 -42 -28 -24 37 0 -8 0 0 0 0 0 0 -30 0 0 -17 0 0 0 0 0 0 40 48 -2 0 0 0 0 0 0 49 0 0 32 0 0 -20 0 0 0 0 0 0 13 35 0 0 5 0 0 0 0 0 0 0 0 0 -21 0 28 
0 6 0 0 -30 0 0 0 0 0 0 40 0 0 0 0 0 0 0 0 0 0 0 0 0 0 -34 48 -32 0 39 0 0 19 7 0 0 0 0 0 0 0 0 -44 0 0 0 0 0 0 0 -34 0 0 22 0 0 0 0 0 21 0 0 0 0 0 0 -43 0 0 0 -47 0 28 0 0 0 0 0 0 -36 2 -30 0 -9 0 0 0 -25 0 
0 0 0 0 0 0 0 -25 0 0 0 0 0 0 0 0 0 0 0 0 -29 43 0 0 0 0 0 -7 0 0 -35 0 -8 7 10 -21 0 0 4 50 0 0 -13 0 0 0 0 0 0 0 0 0 0 0 0 0 0 0 0 0 0 0 12 0 0 0 24 0 0 0 25 0 0 0 0 -12 0 0 0 0 0 0 -3 0 0 0 0 0 0 0 
48 0 0 -25 0 14 0 0 0 0 0 0 0 0 0 0 0 0 -29 -10 0 0 0 -8 -29 0 36 0 11 23 0 0 0 0 -21 40 0 0 0 -3 0 0 0 47 0 -13 0 0 0 0 -50 7 0 0 0 -4 0 0 0 0 0 0 0 0 0 0 0 0 -38 0 0 0 47 0 0 0 0 40 0 -46 0 0 0 0 0 0 5 0 -21 0 
0 -40 0 0 0 0 0 0 0 0 0 20 0 0 -2 -14 0 0 0 0 0 0 -25 0 0 0 3 0 0 0 0 0 0 0 0 0 47 0 0 45 47 0 0 31 0 0 0 0 0 -46 0 0 0 0 0 -50 0 0 0 0 22 -31 -10 0 28 19 0 0 41 0 0 0 0 0 0 -46 -39 0 0 0 0 0 16 0 0 0 0 0 0 0 
0 0 0 0 0 37 0 0 0 0 0 0 0 0 0 0 0 0 -45 0 0 -17 -39 0 49 37 0 0 0 0 0 0 0 0 0 0 0 3 0 0 0 0 0 0 33 0 -1 0 0 0 0 0 0 0 0 0 -9 -32 7 0 50 0 0 0 0 0 0 0 35 0 0 43 0 0 -12 -25 0 0 0 -44 32 0 0 0 0 0 0 0 0 0 
28 41 -17 -2 0 0 -17 0 -28 21 0 0 0 0 0 0 48 -21 -16 0 0 0 0 12 -4 0 0 0 0 38 0 44 0 0 4 0 0 0 30 0 0 0 0 0 0 0 0 0 0 0 0 0 0 0 0 22 0 -32 0 0 0 0 6 0 0 0 0 0 0 0 -42 -13 -2 0 22 0 -42 13 0 0 0 0 0 -7 0 24 0 -9 0 0 
0 0 0 0 0 0 0 27 -18 1 0 2 0 18 0 -2 0 38 0 -28 0 0 -21 0 -9 0 9 0 12 0 0 0 0 0 50 -3 45 0 0 2 20 0 0 0 50 0 0 0 0 0 17 0 0 0 0 0 45 0 0 -18 0 0 0 0 0 0 -32 0 0 0 0 0 -49 0 0 0 0 0 0 -12 10 9 0 0 0 0 0 47 0 0 
0 0 3 -19 0 0 -7 0 0 0 0 0 -2 0 0 -19 0 0 0 0 0 -49 0 -45 0 0 -50 0 0 19 -24 0 0 0 0 0 47 0 0 20 39 0 0 0 37 0 -48 0 0 0 0 0 0 0 0 45 0 0 0 0 0 0 0 0 0 0 0 29 0 0 -31 0 -10 0 0 -49 13 0 0 -32 -8 0 0 0 0 0 0 0 7 0 
0 0 26 0 26 47 0 0 0 0 0 0 0 0 0 -3 0 -8 0 -6 0 0 41 0 0 0 0 13 0 0 0 8 -30 0 0 0 0 0 0 0 0 26 0 0 0 0 0 0 0 0 -9 -19 -33 0 0 0 0 0 0 35 0 0 0 0 -9 -43 0 0 0 0 0 -10 0 0 -47 0 0 0 0 0 0 0 0 15 0 -23 -8 0 0 0 
19 -10 0 0 0 0 14 -23 0 0 0 0 14 0 -7 0 -49 0 0 0 0 0 0 0 0 0 0 0 0 0 22 0 0 0 -13 0 0 0 0 0 0 0 14 0 0 0 0 0 0 0 0 0 0 20 0 0 0 0 4 0 0 7 0 20 19 -26 0 0 -22 0 0 0 0 0 0 0 0 0 -20 -15 0 0 0 0 -31 0 0 -10 0 0 
0 0 0 0 -10 0 0 0 0 0 0 0 0 30 32 0 13 0 -36 0 0 0 0 0 44 -4 0 7 -40 -14 -8 0 0 -44 0 47 31 0 0 0 0 0 0 25 0 -43 18 0 0 0 0 0 0 0 0 0 48 -18 0 0 0 0 0 0 0 0 0 0 0 0 0 0 0 0 0 11 -41 37 -6 0 0 0 0 0 0 0 0 0 0 0 
0 0 0 -8 0 0 0 0 0 0 0 0 0 0 0 0 0 0 27 0 0 0 0 0 0 0 0 0 -40 0 0 -17 -17 0 0 0 0 33 0 50 37 0 0 0 8 0 0 17 0 0 0 -19 35 -30 0 0 44 0 0 0 0 0 0 -19 0 0 0 8 0 0 0 -34 0 0 -13 -16 0 0 0 0 -29 0 0 0 0 3 -18 0 0 0 
0 0 39 0 0 -10 33 0 0 0 0 0 0 -49 0 0 0 0 -46 0 0 0 0 0 0 0 0 0 -23 0 0 0 0 0 0 -13 0 0 0 0 0 0 0 -43 0 32 -24 0 6 0 0 0 0 0 0 0 0 0 0 0 0 3 0 0 0 -1 0 0 0 24 0 0 0 0 0 0 0 42 0 0 0 0 3 -49 14 0 0 0 0 0 
0 0 0 0 0 0 0 0 0 0 0 0 0 0 -36 0 2 -23 0 38 0 0 0 0 0 -18 6 0 0 0 0 0 0 0 0 0 0 -1 0 0 -48 0 0 18 0 -24 27 14 0 0 0 0 0 0 0 0 0 -7 0 0 -16 -45 0 -41 0 0 41 0 0 0 0 0 0 -20 0 47 0 26 0 0 0 0 -47 0 3 0 0 0 0 0 
-31 0 -40 -19 0 0 0 0 0 0 0 -9 0 0 0 0 0 0 0 0 -10 0 0 41 0 0 0 0 0 0 0 0 0 0 0 0 0 0 0 0 0 0 0 0 17 0 14 49 0 0 31 0 0 0 0 0 -25 0 0 0 50 0 0 0 0 0 0 0 0 0 0 0 0 0 0 0 0 0 -24 0 11 24 0 0 36 0 0 0 25 -24 
0 0 0 0 22 0 -21 46 0 0 0 0 0 0 0 0 0 0 0 -31 -46 -5 0 -1 0 0 0 0 0 0 -31 0 0 0 0 0 0 0 0 0 0 0 0 0 0 6 0 0 33 50 -27 35 27 0 0 0 0 0 0 28 0 0 30 0 0 0 0 0 -9 0 0 0 0 0 0 0 21 0 35 0 11 31 0 -40 0 0 0 3 0 0 
0 -1 0 0 0 0 0 0 0 -31 0 0 0 0 0 0 0 0 0 0 34 -15 0 0 0 0 1 0 0 -27 0 0 0 0 0 0 -46 0 0 0 0 0 0 0 0 0 0 0 50 16 -31 -30 0 -2 0 0 0 0 0 0 0 0 0 0 0 0 0 0 0 0 0 -49 0 0 16 0 0 0 0 -15 0 0 0 0 14 0 0 0 -34 0 
0 0 -41 0 0 0 0 42 0 0 0 0 16 15 0 0 0 0 0 0 0 0 -32 -31 0 0 0 0 0 0 0 0 0 0 0 -50 0 0 0 17 0 -9 0 0 0 0 0 31 -27 -31 8 0 0 -18 0 38 -11 0 0 0 -14 -9 0 0 0 0 0 0 20 0 0 0 0 -48 0 0 0 -28 0 -12 0 0 -44 0 0 37 0 0 28 0 
0 0 0 27 0 0 0 0 0 0 0 0 0 -34 0 0 0 0 0 0 0 -46 0 0 0 0 -26 0 31 0 0 0 40 -34 0 7 0 0 0 0 0 -19 0 0 -19 0 0 0 35 -30 0 34 29 0 0 16 0 0 0 0 0 -25 0 0 0 3 -11 0 0 0 -33 0 0 0 -29 0 0 0 -38 6 0 0 0 -35 0 0 0 0 0 0 
30 0 0 -29 0 -22 -33 0 -18 0 -11 -1 0 0 10 0 26 0 0 -50 -23 0 0 0 0 -19 0 0 29 0 0 17 48 0 0 0 0 0 0 0 0 -33 0 0 35 0 0 0 27 0 0 29 5 0 -45 0 0 0 -39 0 -34 -29 0 0 0 0 0 0 28 0 0 0 0 0 0 0 -17 0 0 0 -35 30 0 0 17 0 0 0 0 6 
0 31 0 0 0 0 0 0 0 0 0 -49 0 0 6 0 0 0 0 0 0 0 0 11 0 0 0 29 0 0 0 0 -2 0 0 0 0 0 0 0 0 0 20 0 -30 0 0 0 0 -2 -18 0 0 18 0 0 0 29 26 0 0 0 0 39 0 -4 32 0 0 0 0 -2 0 0 0 0 0 31 0 0 0 0 35 0 0 -41 -45 -12 0 0 
-10 0 0 42 -2 0 -15 0 0 0 0 0 0 0 -9 0 -36 0 34 0 -42 0 -36 0 0 0 0 0 0 0 6 0 0 22 0 0 0 0 0 0 0 0 0 0 0 0 0 0 0 0 0 0 -45 0 4 0 0 0 0 0 0 0 16 1 -49 0 0 -10 -3 5 0 0 0 0 0 0 0 -44 0 -30 0 0 0 14 0 0 0 13 0 0 
0 0 35 0 0 -39 0 0 33 -4 0 12 0 23 0 -50 3 0 0 0 0 0 38 0 0 0 -38 0 0 5 0 -34 0 0 0 -4 -50 0 22 0 45 0 0 0 0 0 0 0 0 0 38 16 0 0 0 9 0 0 0 0 0 0 0 -14 0 26 9 0 0 0 0 0 0 0 0 0 0 0 0 0 0 0 0 -39 0 0 -48 0 0 0 
0 0 0 0 0 0 0 0 0 -34 0 0 0 -47 -23 0 0 0 0 -32 0 0 0 0 0 32 0 0 0 -36 0 0 0 0 0 0 0 -9 0 45 0 0 0 48 44 0 0 -25 0 0 -11 0 0 0 0 0 6 -39 0 -22 0 0 26 0 -19 45 0 0 0 0 0 26 0 0 0 0 0 50 0 0 0 42 0 -36 0 0 0 0 -48 0 
31 0 0 0 0 -48 0 0 0 0 0 0 35 0 0 0 0 0 0 0 0 -16 0 0 8 0 0 0 -7 0 0 0 0 0 0 0 0 -32 -32 0 0 0 0 -18 0 0 -7 0 0 0 0 0 0 29 0 0 -39 12 0 0 -24 0 0 0 43 0 0 0 0 0 -34 49 0 0 -35 0 0 0 0 0 0 0 0 0 0 0 0 0 2 0 
-33 0 0 0 -4 0 0 0 35 0 0 0 0 0 -47 0 0 -22 0 0 0 0 0 0 0 0 0 0 4 0 0 11 0 0 0 0 0 7 0 0 0 0 4 0 0 0 0 0 0 0 0 0 -39 26 0 0 0 0 23 0 0 27 0 0 0 0 0 42 0 0 -31 0 0 0 0 0 0 0 -18 0 0 0 0 -35 -4 0 0 0 -40 -33 
0 0 0 0 46 0 0 -8 0 0 0 0 0 47 0 -46 0 0 0 0 0 0 0 0 -25 0 -4 0 0 -50 0 0 0 0 0 0 0 0 0 -18 0 35 0 0 0 0 0 0 28 0 0 0 0 0 0 0 -22 0 0 49 -43 -4 0 0 0 -7 0 0 0 -12 0 0 47 0 0 0 0 0 0 38 0 0 0 0 0 -23 0 3 0 0 
0 0 0 0 0 0 0 0 0 0 41 0 -16 0 0 0 0 0 0 0 0 0 0 0 8 0 0 0 0 0 0 0 49 21 0 0 22 50 0 0 0 0 0 0 0 0 -16 50 0 0 -14 0 -34 0 0 0 0 -24 0 -43 9 31 -19 0 0 0 0 0 0 0 0 0 0 -38 0 -12 0 0 0 0 0 0 0 25 -26 0 7 0 0 0 
0 0 0 0 0 0 -21 0 0 0 0 0 0 -15 0 0 -14 0 0 0 0 0 0 0 -4 -27 -14 0 0 0 0 0 0 0 0 0 -31 0 0 0 0 0 7 0 0 3 -45 0 0 0 -9 -25 -29 0 0 0 0 0 27 -4 31 43 0 0 0 -20 0 0 0 0 0 0 0 0 0 -26 0 -28 -6 1 0 0 5 0 6 0 0 0 0 0 
44 0 0 0 0 0 16 -2 0 0 26 0 0 0 10 0 0 0 0 0 0 0 25 0 0 46 0 0 -12 0 0 -4 0 0 12 0 -10 0 6 0 0 0 0 0 0 0 0 0 30 0 0 0 0 0 16 0 26 0 0 0 -19 0 43 0 0 0 0 -25 0 0 0 0 0 0 0 0 0 0 0 0 -37 0 -5 0 -18 0 0 0 0 0 
0 0 37 0 0 0 0 0 0 0 41 0 0 0 0 5 -31 0 0 0 0 0 0 0 0 19 0 48 0 0 0 0 32 0 0 0 0 0 0 0 0 0 20 0 -19 0 -41 0 0 0 0 0 0 39 1 -14 0 0 0 0 0 0 0 9 0 0 16 0 0 34 0 0 0 0 0 47 0 0 0 0 0 0 0 36 0 0 0 -29 0 0 
0 0 0 2 39 -5 0 29 0 13 0 0 19 0 0 0 0 0 0 0 0 0 0 -5 0 0 11 0 0 0 0 0 0 0 0 0 28 0 0 0 0 -9 19 0 0 0 0 0 0 0 0 0 0 0 -49 0 -19 43 0 0 0 0 0 0 5 -34 -38 -37 0 -16 0 37 0 0 22 0 0 0 17 0 21 0 0 43 0 47 0 24 0 29 
0 0 0 0 0 0 0 0 0 0 0 0 0 0 0 0 0 0 0 7 0 0 0 0 0 0 -7 0 0 0 -35 0 0 0 0 0 19 0 0 0 0 -43 -26 0 0 -1 0 0 0 0 0 3 0 -4 0 26 45 0 0 -7 0 -20 0 0 -34 9 0 36 0 -45 0 0 0 0 0 18 -18 0 0 0 0 6 0 0 0 0 0 0 0 0 
0 50 0 -4 0 0 -41 41 0 9 0 10 0 1 0 38 -22 0 0 27 0 4 -14 0 0 0 0 15 0 26 0 0 -20 0 24 0 0 0 0 -32 0 0 0 0 0 0 41 0 0 0 0 -11 0 32 0 9 0 0 0 0 0 0 0 16 -38 0 24 0 0 0 0 0 0 0 6 0 -18 21 0 0 22 0 0 0 0 -16 0 0 0 0 
0 0 -4 0 0 0 23 0 0 0 0 0 0 0 -11 0 0 0 0 0 0 0 0 -14 0 0 0 0 -17 0 -17 0 0 -43 0 0 0 0 0 0 29 0 0 0 8 0 0 0 0 0 0 0 0 0 -10 0 0 0 42 0 0 0 -25 0 -37 36 0 50 0 0 -2 0 0 0 0 33 0 0 0 0 0 0 43 23 0 0 0 0 0 0 
0 0 0 9 0 0 0 -6 0 0 -20 0 0 0 0 0 0 31 0 31 0 0 0 17 0 -1 -47 0 0 0 0 -26 0 0 0 -38 41 35 0 0 0 0 -22 0 0 0 0 0 -9 0 20 0 28 0 -3 0 0 0 0 0 0 0 0 0 0 0 0 0 25 0 -4 46 0 0 0 -40 -28 0 -35 0 36 0 0 42 0 -31 0 0 0 0 
-30 0 10 0 0 0 0 0 0 0 0 0 0 0 0 0 -42 0 0 0 0 -28 10 -44 0 0 0 0 0 0 0 0 0 0 0 0 0 0 0 0 0 0 0 0 0 24 0 0 0 0 0 0 0 0 5 0 0 0 0 -12 0 0 0 34 -16 -45 0 0 0 18 0 -48 -33 0 0 23 -28 0 36 0 0 0 0 0 0 0 31 0 0 -50 
0 0 0 0 0 0 0 0 -29 0 50 0 0 0 0 0 -23 0 38 0 -46 0 0 0 0 0 7 0 -17 0 -35 -12 0 0 25 0 0 0 -42 0 -31 0 0 0 0 0 0 0 0 0 0 -33 0 0 0 0 0 -34 -31 0 0 0 0 0 0 0 0 -2 -4 0 5 0 0 0 -35 0 0 0 0 0 0 0 0 0 0 0 -11 0 0 0 
-37 0 24 0 0 7 -49 0 10 0 0 0 0 0 0 0 0 0 0 0 0 -29 0 0 0 0 0 -7 0 0 0 0 0 -47 0 0 0 43 -13 0 0 -10 0 0 -34 0 0 0 0 -49 0 0 0 -2 0 0 26 49 0 0 0 0 0 0 37 0 0 0 46 -48 0 26 -40 0 -31 -28 23 -8 0 0 0 -22 0 0 0 -22 0 0 32 0 
-6 0 0 0 0 0 0 0 0 -40 0 -12 0 0 0 0 0 0 -22 0 0 0 0 0 0 0 0 0 0 0 18 0 0 0 0 47 0 0 -2 -49 -10 0 0 0 0 0 0 0 0 0 0 0 0 0 0 0 0 0 0 47 0 0 0 0 0 0 0 0 0 -33 0 -40 32 -19 0 0 0 0 -40 0 29 0 0 30 0 0 0 29 0 0 
0 0 0 0 0 6 0 0 0 0 0 0 0 40 -13 0 0 0 0 0 0 0 0 0 0 0 0 -3 0 0 0 0 13 28 0 0 0 0 0 0 0 0 0 0 0 0 -20 0 0 0 -48 0 0 0 0 0 0 0 0 0 -38 0 0 0 0 0 0 0 0 0 0 0 -19 9 -7 8 9 0 0 0 0 0 -8 0 0 0 0 0 0 0 
0 0 0 -20 0 0 -18 26 10 34 -50 0 0 0 0 0 0 0 0 0 0 0 0 0 0 43 0 -26 0 0 0 48 35 0 0 0 0 -12 22 0 0 -47 0 0 -13 0 0 0 0 16 0 -29 0 0 0 0 0 -35 0 0 0 0 0 0 22 0 6 0 0 0 -35 -31 0 -7 23 -5 -45 0 0 -43 0 0 0 0 0 20 37 0 0 0 
-28 0 0 0 30 -37 0 0 0 0 0 0 0 -18 0 0 0 4 0 0 0 0 0 20 0 0 0 0 0 0 0 33 0 0 -12 0 -46 -25 0 0 -49 0 0 11 -16 0 47 0 0 0 0 0 0 0 0 0 0 0 0 0 -12 -26 0 47 0 18 0 33 -40 23 0 -28 0 8 -5 49 -8 0 0 0 0 0 0 0 0 -18 -21 0 0 0 
0 0 0 -14 0 0 0 -16 0 0 0 0 -16 0 0 0 0 -10 0 0 0 0 0 0 -36 0 0 0 0 0 0 33 0 0 0 0 -39 0 -42 0 13 0 0 -41 0 0 0 0 21 0 0 0 -17 0 0 0 0 0 0 0 0 0 0 0 0 -18 -18 0 -28 -28 0 23 0 9 -45 -8 5 0 0 0 0 0 0 0 -26 0 0 0 -35 0 
0 30 0 0 -11 32 18 0 43 0 0 0 0 0 0 0 0 0 0 0 34 0 0 0 0 0 0 3 0 0 4 0 5 0 0 40 0 0 13 0 0 0 0 37 0 42 26 0 0 0 -28 0 0 31 -44 0 50 0 0 0 0 -28 0 0 0 0 21 0 0 0 0 -8 0 0 0 0 0 47 0 -45 36 32 37 0 19 -37 -41 50 -28 0 
8 0 0 0 0 38 0 0 6 -38 0 0 0 -1 -50 0 0 0 0 0 0 -19 0 0 0 0 8 0 -28 0 0 -17 0 0 0 0 0 0 0 0 0 0 -20 -6 0 0 0 -24 35 0 0 -38 0 0 0 0 0 0 -18 0 0 -6 0 0 17 0 0 0 -35 36 0 0 -40 0 0 0 0 0 48 24 0 0 0 0 0 47 0 0 -35 0 
-7 -18 0 0 -13 0 0 -47 13 0 0 0 0 0 0 0 4 44 0 22 27 0 -47 0 0 0 0 0 46 0 0 -33 0 0 0 -46 0 -44 0 -12 -32 0 -15 0 0 0 0 0 0 -15 -12 6 0 0 -30 0 0 0 0 38 0 1 0 0 0 0 0 0 0 0 0 0 0 0 -43 0 0 -45 24 24 0 0 0 17 0 0 0 0 0 0 
-35 0 46 -25 0 0 0 0 39 0 30 0 0 0 0 0 0 0 0 0 0 0 0 11 0 0 0 0 -41 0 0 -5 0 -36 0 0 0 32 0 10 -8 0 0 0 -29 0 0 11 11 0 0 0 -35 0 0 0 0 0 0 0 0 0 -37 0 21 0 22 0 36 0 0 0 29 0 0 0 0 36 0 0 35 0 0 0 0 0 0 0 -27 -50 
0 0 0 0 0 -41 0 0 0 0 0 0 0 0 0 0 -30 0 0 36 0 21 0 0 0 0 -22 0 0 0 0 0 0 2 0 0 0 0 0 9 0 0 0 0 0 0 0 24 31 0 0 0 30 0 0 0 42 0 0 0 0 0 0 0 0 6 0 0 0 0 0 -22 0 0 0 0 0 32 0 0 0 49 0 0 0 0 0 0 -10 0 
0 34 0 7 0 0 0 0 0 0 0 0 0 0 0 0 0 0 0 0 0 12 0 4 5 0 -18 0 0 0 0 0 0 -30 -3 0 16 0 0 0 0 0 0 0 0 3 -47 0 0 0 -44 0 0 35 0 0 0 0 0 0 0 5 -5 0 0 0 0 43 0 0 0 0 0 -8 0 0 0 37 0 0 0 0 36 0 -17 0 -20 0 0 0 
0 0 0 -7 0 0 25 39 0 0 0 9 0 0 0 0 0 0 12 0 -3 13 0 0 0 0 0 0 0 -38 0 7 0 0 0 0 0 0 -7 0 0 15 0 0 0 -49 0 0 -40 0 0 -35 0 0 14 -39 -36 0 -35 0 25 0 0 36 43 0 0 23 42 0 0 0 30 0 0 0 0 0 0 17 0 0 0 37 0 -2 -44 0 0 0 
0 0 0 0 18 -4 0 0 0 -3 0 23 0 0 0 4 0 0 0 7 0 0 0 0 0 0 0 45 0 43 0 0 0 -9 0 0 0 0 0 0 0 0 -31 0 0 14 3 36 0 14 0 0 17 0 0 0 0 0 -4 0 -26 6 -18 0 0 0 0 0 0 0 0 0 0 0 0 0 -26 19 0 0 0 0 -17 0 25 0 -30 0 0 0 
0 35 0 0 0 -23 -3 0 0 -7 0 0 0 -21 0 0 0 0 0 0 0 0 0 0 0 0 0 -17 0 0 0 0 0 0 0 0 0 0 24 0 0 -23 0 0 3 0 0 0 0 0 37 0 0 -41 0 0 0 0 0 -23 0 0 0 0 47 0 -16 0 -31 0 0 -22 0 0 20 -18 0 -37 47 0 0 0 0 -2 0 27 -49 0 -15 0 
0 32 3 -13 0 3 0 0 0 -36 0 0 0 0 -30 0 22 0 0 0 0 17 42 12 45 0 0 -2 0 0 0 0 0 0 0 5 0 0 0 0 0 -8 0 0 -18 0 0 0 0 0 0 0 0 -45 0 -48 0 0 0 0 7 0 0 0 0 0 0 0 0 31 -11 0 0 0 37 -21 0 -41 0 0 0 0 -20 -44 -30 -49 41 0 27 0 
49 0 0 0 0 0 0 0 0 0 -27 0 0 0 0 0 0 -23 0 0 0 0 0 -1 0 0 -25 0 0 0 -49 0 -21 0 0 0 0 0 -9 47 0 0 -10 0 0 0 0 0 3 0 0 0 0 -12 13 0 0 0 0 3 0 0 0 -29 24 0 0 0 0 0 0 0 29 0 0 0 0 50 0 0 0 0 0 0 0 0 0 18 -36 0 
0 -14 0 0 0 0 26 0 0 0 0 0 0 -1 0 0 0 0 0 0 -37 0 3 37 24 44 0 0 0 0 0 22 0 -25 0 -21 0 0 0 0 7 0 0 0 0 0 0 25 0 -34 28 0 0 0 0 0 -48 2 -40 0 0 0 0 0 0 0 0 0 0 0 0 32 0 0 0 0 -35 -28 -35 0 -27 -10 0 0 0 -15 27 -36 9 0 
0 0 0 0 0 0 0 0 0 0 0 0 0 -33 12 -48 0 0 0 0 0 0 0 7 0 7 5 -38 42 0 0 4 28 0 0 0 0 0 0 0 0 0 0 0 0 0 0 -24 0 0 0 0 6 0 0 0 0 0 -33 0 0 0 0 0 29 0 0 0 0 -50 0 0 0 0 0 0 0 0 0 0 -50 0 0 0 0 0 0 0 0 31 
