90
16 9 9 34 49 42 24 24 42 21 0 -40 -2 -5 2 33 -41 -19 -4 -9 8 -6 17 -42 -9 3 37 -29 -50 -29 45 -34 -8 -20 -3 31 -12 18 27 -18 7 43 6 35 -42 0 14 41 49 -3 24 2 -44 -25 24 -13 1 28 47 20 23 5 -45 -25 -38 -1 0 -8 8 47 20 -16 29 26 -11 -44 48 -24 -41 34 -12 48 -16 9 -2 -20 30 -6 -24 35 
7 -20 -16 38 0 -47 0 -21 -45 39 -50 0 31 0 0 47 -7 17 0 2 48 21 46 36 0 -50 -10 0 29 -49 22 -46 -48 0 40 33 -42 -32 0 0 -28 -11 -9 13 -21 0 19 10 25 16 8 -10 -24 -28 -35 -27 -33 -19 17 12 32 0 -15 0 -34 0 -4 0 -36 23 -48 -17 -37 -8 -13 2 -41 -32 31 -42 0 0 0 25 21 0 37 -34 0 1 
-20 36 4 17 0 38 25 -49 17 25 -18 0 37 -1 14 -38 0 -12 31 0 50 45 0 19 -47 36 23 36 16 7 19 -44 0 3 -27 0 -4 0 -11 -43 0 19 -13 15 0 0 0 18 4 12 0 17 -49 18 23 25 39 -9 36 0 2 31 -13 38 6 -30 7 -18 -27 0 -45 -27 1 -15 0 28 -48 8 18 -47 -19 -7 24 0 17 -9 33 11 0 0 
-16 4 1 6 19 -8 0 -29 45 -23 39 -38 6 33 43 1 40 -10 0 -18 3 -24 0 13 -44 0 15 -10 -7 0 19 17 0 6 0 -38 -48 -19 0 -49 41 0 -31 -21 0 -12 31 -37 -27 -7 -17 5 -21 -32 -32 38 -24 -50 0 47 -22 0 8 -4 0 20 0 8 -35 -3 0 19 31 39 -14 0 44 -12 0 -45 10 -35 3 11 -30 0 0 -26 0 34 
38 17 6 31 0 0 -22 -1 41 0 41 -48 -44 -49 -44 45 -32 12 7 0 -15 -7 0 -50 -13 18 0 0 0 29 -8 -31 17 0 -44 -6 23 -28 -11 0 0 32 0 0 37 -21 0 16 -46 -31 -16 49 -14 25 10 -16 -22 46 24 -37 0 3 -24 -47 -40 29 26 -14 42 -46 29 0 45 -30 38 -49 19 -9 -1 -42 9 1 13 44 1 -40 -30 0 -9 17 
0 0 19 0 46 19 0 7 -36 47 -49 -26 -46 -1 27 0 0 48 -3 0 -34 14 -35 -19 0 -23 10 49 27 28 -15 -16 28 17 0 9 35 -30 -10 35 0 -45 0 0 50 23 -29 -16 35 -36 -35 -12 0 38 29 -19 8 -20 22 0 47 0 41 -42 42 36 0 7 7 16 -25 -3 -2 0 -25 -32 27 -14 44 -27 0 19 -8 12 -19 0 0 -15 -35 33 
-47 38 -8 0 19 2 -5 9 0 12 0 0 -28 7 0 -33 -45 -30 -28 37 -47 0 12 42 48 17 14 -50 0 15 13 0 -42 28 11 -30 37 0 -5 -1 38 44 0 -29 -21 -14 27 -27 -28 11 0 20 -14 21 12 18 -35 36 21 0 -50 -5 -32 -10 -40 22 0 42 -5 -10 7 0 0 0 17 0 0 0 7 -6 -26 0 20 0 26 -30 -1 -18 -21 18 
0 25 0 -22 0 -5 11 -40 -34 45 50 5 6 49 0 -37 18 -16 -19 0 37 27 0 -26 0 36 -21 0 0 -18 11 3 30 39 -25 0 8 0 -28 -15 -29 0 -9 0 49 3 50 0 18 -18 38 0 -36 0 49 -1 0 0 28 19 -48 0 19 -21 -15 0 0 -12 -17 46 39 -48 -22 0 -29 25 0 44 -16 0 -27 13 -6 -44 -44 -28 31 21 0 -49 
-21 -49 -29 -1 7 9 -40 14 0 8 -37 0 -43 -12 -27 0 0 0 0 0 19 35 0 44 0 25 45 0 7 -9 -33 15 27 0 32 -20 3 -3 0 42 -34 45 -21 0 24 12 41 -35 -9 -31 0 27 0 -26 37 0 23 -7 -30 49 -2 -14 11 0 8 -8 0 0 0 0 -34 46 49 11 7 -25 27 0 27 -27 -26 0 0 35 -37 23 -34 18 -29 44 
-45 17 45 41 -36 0 -34 0 39 -27 0 -22 0 25 45 44 48 0 0 0 -6 33 23 0 17 28 29 2 0 -9 1 -27 -29 0 -37 50 0 0 10 -48 -42 0 11 0 23 27 -6 45 -12 24 26 46 -39 -16 16 -47 0 -29 -19 -48 -26 -26 32 -22 -4 10 12 -5 8 0 26 0 39 -38 0 -20 46 -40 -46 0 0 -37 0 -3 -12 17 50 -15 15 -18 
39 25 -23 0 47 12 45 8 -27 25 -44 47 -30 -24 0 38 48 0 -39 15 49 -36 0 0 -49 31 34 28 -31 0 0 -12 -10 -29 0 -21 37 -14 4 -22 -31 -3 38 33 42 16 0 0 -3 20 -13 13 25 -45 0 0 0 28 0 0 -11 0 17 29 0 10 0 -29 -14 0 8 41 0 0 -14 49 6 14 -48 -48 -26 -7 0 -19 -41 0 -43 0 30 18 
-50 -18 39 41 -49 0 50 -37 0 -44 30 -49 25 -13 42 0 33 -23 0 11 -25 -49 -25 0 -1 -29 -11 27 0 49 -4 48 16 -18 3 0 0 43 43 39 7 -35 27 13 0 0 -4 -22 -40 -44 -9 0 -2 22 -20 -45 -27 0 44 0 -31 0 -20 23 -27 6 0 17 10 0 9 -30 -15 19 -20 10 43 29 -3 6 0 0 43 25 47 -16 -9 -4 39 41 
0 0 -38 -48 -26 0 5 0 -22 47 -49 9 8 -29 -11 0 13 36 -29 0 25 -4 -38 -42 -3 0 -42 0 20 -13 0 28 -35 20 -21 -5 18 -1 0 0 0 -24 0 24 47 23 7 0 0 20 -18 43 0 0 -15 0 44 -21 0 -50 26 0 14 -25 0 15 0 21 -21 34 -5 -26 38 0 50 -46 0 18 0 -36 -9 0 44 19 42 0 -38 -18 4 -39 
31 37 6 -44 -46 -28 6 -43 0 -30 25 8 27 0 11 5 9 31 36 27 -45 -48 0 -19 -37 24 0 -10 45 0 -16 39 -39 -7 0 -24 0 39 -24 30 13 18 -2 26 10 4 -31 -25 -8 -31 47 27 47 0 11 43 0 -7 37 9 15 -40 35 0 -5 38 0 34 -50 39 -1 -6 0 44 33 4 9 -16 -2 25 -19 -6 32 -50 49 0 32 42 0 38 
0 -1 33 -49 -1 7 49 -12 25 -24 -13 -29 0 38 43 0 0 24 12 -24 -29 0 -24 11 26 -28 3 -50 34 -25 35 -26 -10 0 -44 -13 38 -20 48 -19 2 -18 35 0 13 -26 -35 37 -20 12 43 34 -40 0 -1 -43 -39 14 0 39 40 0 26 0 -46 -21 -3 0 -46 -21 48 0 28 -33 -36 3 0 -10 -49 0 -27 46 0 30 28 6 -42 -32 -26 42 
0 14 43 -44 27 0 0 -27 45 0 42 -11 11 43 49 -1 0 27 -40 13 0 25 0 32 49 -30 -37 0 49 0 0 0 6 -46 0 9 35 -31 16 0 0 0 36 -41 32 0 6 6 2 0 -4 -36 31 -36 0 -15 8 -39 -14 0 0 0 6 -6 -36 0 0 -24 0 -44 0 5 0 -10 4 12 -12 44 -19 38 -15 0 0 -2 0 -37 -7 30 6 0 
47 -38 1 45 0 -33 -37 0 44 38 0 0 5 0 -1 51 0 -3 -2 30 -48 -5 49 20 -16 -12 -43 0 -18 -14 11 46 0 -31 33 -43 -16 34 -29 0 0 -26 40 -40 -46 -27 0 30 -3 13 0 -22 15 4 -31 0 -20 41 50 0 -30 34 -41 11 -7 0 27 -27 10 0 5 -46 -30 28 0 5 4 1 11 6 0 -7 17 -28 -1 31 26 -49 -25 17 
-7 0 40 -32 0 -45 18 0 48 48 33 13 9 0 0 0 49 -44 12 29 35 -3 3 7 26 -39 -24 -38 0 20 1 -12 0 -45 0 0 14 9 -40 46 -25 -31 -42 -38 -35 0 -43 -32 21 17 -20 0 -34 0 34 -7 -31 3 42 38 14 0 -9 21 -16 0 9 -43 41 29 0 -29 6 0 -12 0 0 8 -25 29 13 10 0 -36 11 44 0 16 24 -8 
17 -12 -10 12 48 -30 -16 0 0 0 -23 36 31 24 27 -3 -44 50 16 0 25 0 41 -45 -38 30 -40 -20 33 31 36 0 42 1 10 0 0 12 4 0 -46 37 0 0 46 6 10 0 35 3 21 -22 24 28 0 0 1 0 44 -39 41 0 -34 33 24 41 -6 27 9 21 45 0 24 0 9 10 -46 0 -24 0 15 -2 -40 20 22 28 39 -2 -3 -22 
0 31 0 7 -3 -28 -19 0 0 -39 0 -29 36 12 -40 -2 12 16 10 -36 4 41 -7 17 0 -27 0 0 0 4 13 2 -43 -7 13 0 0 -17 6 -13 -1 19 -8 -26 15 8 31 45 0 -49 -49 -5 37 37 0 -40 50 0 0 0 0 12 0 -15 0 0 0 -21 -10 -3 25 0 11 3 0 -25 -1 34 -14 0 0 0 39 23 -27 6 -15 13 6 -25 
2 0 -18 0 0 37 0 0 0 15 11 0 27 -24 13 30 29 0 -36 34 0 28 44 2 27 42 49 -22 -25 36 -3 7 -15 0 0 0 46 38 -11 -4 -22 -49 15 0 -15 15 0 38 -32 -32 30 7 -25 -45 -24 21 26 -42 8 -8 10 0 0 31 -43 40 -1 39 10 19 0 -6 9 0 0 0 -8 -28 0 13 -16 6 46 15 -48 0 21 23 46 0 
48 50 3 -15 -34 -47 37 19 -6 49 -25 25 -45 -29 0 -48 35 25 4 0 39 12 22 7 -48 5 7 -21 0 0 0 13 0 -49 39 -2 -31 27 18 50 -21 41 -19 0 -28 2 0 -25 49 4 0 0 -13 6 0 0 0 -17 -10 11 15 -30 33 38 0 0 -44 20 0 26 -34 4 -16 -27 -50 -35 0 -34 0 -19 0 0 16 4 -40 4 0 34 0 22 
21 45 -24 -7 14 0 27 35 33 -36 -49 -4 -48 0 25 -5 -3 0 41 28 12 37 0 0 31 34 29 -18 -37 9 0 0 4 0 -39 17 -16 9 6 0 9 0 11 48 22 32 -3 3 -22 0 -37 -5 0 0 -1 0 -4 27 -18 -11 0 3 0 0 -6 -18 -41 37 16 0 -2 -11 0 0 -32 0 0 0 -45 27 43 50 0 -22 22 -32 -39 37 -8 0 
46 0 0 0 -35 12 0 0 23 0 -25 -38 0 -24 0 49 3 41 -7 44 22 0 39 0 17 43 3 -6 0 0 -35 0 0 33 10 21 0 -12 11 -42 20 -48 35 45 -6 0 -49 0 0 49 0 0 0 -23 0 0 0 7 0 3 0 -50 39 0 0 -44 14 21 -8 0 -37 9 -8 0 12 -24 19 11 0 0 -29 34 0 1 -49 -44 1 27 7 0 
36 19 13 -50 -19 42 -26 44 0 0 0 -42 -19 11 32 20 7 -45 17 2 7 0 0 22 -5 -2 -35 0 0 43 7 21 38 0 -37 20 50 -26 0 3 13 0 0 30 -39 -5 0 1 -22 -2 26 16 0 -11 16 30 0 0 -40 26 0 18 30 0 -38 -15 0 -45 0 32 -43 40 24 4 18 47 0 -19 17 3 0 37 11 12 44 0 -49 0 41 0 
0 -47 -44 -13 0 48 0 0 17 -49 -1 -3 -37 26 49 -16 26 -38 0 27 -48 31 17 -5 51 48 -29 -16 36 11 -7 0 -23 -27 35 -35 -33 -20 48 30 -22 0 8 0 0 38 41 27 -8 7 0 -1 -9 1 -31 -24 47 0 1 -43 -24 0 10 -32 0 0 -32 -48 -14 -33 22 -41 0 0 31 25 0 0 0 0 -3 -27 32 -32 0 -2 -45 41 -39 50 
-50 36 0 18 -23 17 36 25 28 31 -29 0 24 -28 -30 -12 -39 30 -27 42 5 34 43 -2 48 29 0 -28 19 -27 35 3 5 -8 47 0 -13 12 24 0 44 0 47 0 0 -32 0 0 22 -1 0 -37 5 43 0 37 7 -19 -13 0 50 0 19 0 0 0 0 -47 -46 24 4 -37 49 0 -33 -12 -19 33 0 -20 0 37 13 -48 -34 -17 26 -15 -28 0 
-10 23 15 0 10 14 -21 45 29 34 -11 -42 0 3 -37 -43 -24 -40 0 49 7 29 3 -35 -29 0 31 -19 1 -8 0 -13 17 0 10 0 14 -50 27 36 0 31 40 43 -12 41 0 -30 0 -11 36 -39 -40 0 14 -33 34 -43 35 0 32 -43 6 27 -27 0 -40 26 12 0 37 -24 0 0 0 39 37 27 2 -47 -4 0 36 9 44 0 12 35 -14 50 
0 36 -10 0 49 -50 0 0 2 28 27 0 -10 -50 0 0 -38 -20 0 -22 -21 -18 -6 0 -16 -28 -19 19 47 0 43 23 -41 -3 12 0 50 0 -50 0 0 0 5 44 -2 35 -28 -30 -27 -4 23 -48 -42 0 6 0 -41 16 35 -47 1 0 34 0 47 20 -20 0 38 -2 50 0 -27 36 0 -17 -11 48 0 44 5 50 -24 42 -3 0 -25 37 -36 0 
29 16 -7 0 27 0 0 7 0 -31 0 20 45 34 49 -18 0 33 0 -25 0 -37 0 0 36 19 1 47 31 28 50 -5 0 28 25 -33 0 -33 4 0 44 6 -27 49 0 0 35 10 0 3 0 -41 0 8 -38 0 -48 -30 0 -15 4 -23 29 -1 36 -26 44 30 6 0 6 6 -10 4 0 -13 0 32 23 0 0 -11 4 50 40 -34 -36 -35 49 -47 
-49 7 0 29 28 15 -18 -9 -9 0 49 -13 0 -25 0 -14 20 31 4 36 0 9 0 43 11 -27 -8 0 28 50 -30 0 -12 0 0 -18 -11 35 0 -45 0 19 1 23 0 -47 44 0 0 6 0 -7 0 37 9 -31 49 -20 -24 16 38 -41 -19 0 -45 0 0 0 -46 14 -25 2 20 -38 0 0 15 0 0 18 0 0 0 32 0 -37 30 0 0 0 
22 19 19 -8 -15 13 11 -33 1 0 -4 0 -16 35 0 11 1 36 13 -3 0 0 -35 7 -7 35 0 43 50 -30 10 -9 3 -1 -31 0 6 0 5 -19 -23 2 0 -1 6 43 12 46 -20 8 0 -23 -1 -40 17 24 0 26 0 0 -48 -34 0 -50 -30 25 0 0 0 -32 -28 0 0 44 44 24 39 0 0 0 21 0 50 44 0 -27 -38 23 37 5 
-46 -44 17 -31 -16 0 3 15 -27 -12 48 28 39 -26 0 46 -12 0 2 7 13 0 0 21 0 3 -13 23 -5 0 -9 22 38 46 0 26 0 0 0 -21 -32 0 -38 -17 0 -13 0 24 0 -6 -42 49 -11 -10 0 0 30 -22 12 22 0 32 0 1 4 -40 12 -37 -8 -11 -8 24 -5 15 -45 -4 -20 3 40 -23 0 43 -31 17 0 -48 0 -36 -31 14 
-48 0 0 17 28 -42 30 27 -29 -10 16 -35 -39 -10 6 0 0 42 -43 -15 0 4 0 38 -23 5 17 -41 0 -12 3 38 4 0 -17 -40 -8 28 44 46 -32 33 0 -28 0 -31 -46 0 13 -26 0 -12 0 -41 41 -30 0 -24 20 49 -47 0 32 -13 -19 3 25 0 8 30 23 0 -8 3 -19 34 42 0 45 18 46 5 -20 22 44 0 18 0 3 31 
0 3 6 0 17 28 39 0 0 -29 -18 20 -7 0 -46 -31 -45 1 -7 0 -49 0 33 0 -27 -8 0 -3 28 0 -1 46 0 38 0 -13 41 32 -23 -22 0 -32 45 0 25 0 -17 3 33 0 4 -11 0 -18 45 -37 0 35 32 0 47 0 -9 -30 -8 28 26 -9 -15 -42 -1 -30 44 -21 -3 -47 0 0 38 36 32 31 9 -49 -32 -10 -33 0 13 6 
40 -27 0 -44 0 11 -25 32 -37 0 3 -21 0 -44 0 33 0 10 13 0 39 -39 10 -37 35 47 10 12 25 0 -31 0 -17 0 32 32 32 9 0 14 47 0 -42 -42 42 4 -22 1 24 45 0 44 -18 0 29 0 0 7 -34 10 -44 21 20 0 12 36 0 -50 0 49 18 2 45 21 7 -35 -9 0 -16 1 1 -31 17 30 19 -39 23 0 -13 5 
33 0 -38 -6 9 -30 0 -20 50 -21 0 -5 -24 -13 9 -43 0 0 0 0 -2 17 21 20 -35 0 0 0 -33 -18 0 26 -40 -13 32 7 19 0 0 26 -2 -24 36 0 0 -27 17 -40 -2 0 38 12 -14 25 3 0 0 38 21 -28 0 -45 0 -1 0 0 -44 -23 0 -25 0 33 5 0 0 0 -10 4 0 -50 17 -29 -39 0 -13 -34 0 43 31 50 
-42 -4 -48 23 35 37 8 3 0 37 0 18 0 38 35 -16 14 0 0 46 -31 -16 0 50 -33 -13 14 50 0 -11 6 0 -8 41 32 19 20 4 34 0 0 46 40 24 37 -1 37 27 0 0 20 -32 -46 -47 -37 -5 9 0 38 -12 0 -26 -3 0 -42 0 34 43 0 0 -50 -21 38 22 38 9 -20 0 -38 3 8 0 -44 0 -24 -38 -15 44 34 -16 
-32 0 -19 -28 -30 0 0 -3 0 -14 43 -1 39 -20 -31 34 9 12 -17 38 27 9 -12 -26 -20 12 -50 0 -33 35 0 0 28 32 9 0 4 33 0 0 13 -42 3 -10 0 0 30 30 -34 21 14 29 -30 -35 -29 -18 -26 0 0 1 0 0 0 -9 0 -9 -47 -21 10 -50 13 -24 0 -40 -42 50 48 -25 0 41 -8 42 34 -46 8 34 33 -9 45 43 
0 -11 0 -11 -10 -5 -28 0 10 4 43 0 -24 48 16 -29 -40 4 6 -11 18 6 11 0 48 24 27 -50 4 0 5 0 44 -23 0 0 34 0 35 0 -7 -28 10 0 0 -3 0 -27 26 26 -23 11 -5 26 -23 29 24 -36 27 -38 -7 -23 5 -10 0 40 6 0 -20 0 34 -27 0 26 0 17 0 5 0 -22 34 0 -15 38 18 -46 -29 0 -13 -6 
0 -43 -49 0 35 -1 -15 42 -48 -22 39 0 30 -19 0 0 46 0 -13 -4 50 0 -42 3 30 0 36 0 0 -45 -19 -21 46 -22 14 26 0 0 0 38 -1 0 -7 44 4 -5 -30 -20 -5 0 39 -50 -12 -15 38 -28 -12 -13 17 -43 8 16 4 50 -17 26 49 42 -31 -20 0 2 41 31 -17 -34 24 0 17 -21 0 19 14 23 5 10 27 22 8 -36 
-28 0 41 0 0 38 -29 -34 -42 -31 7 0 13 2 0 0 -25 -46 -1 -22 -21 9 20 13 -22 44 0 0 44 0 -23 -32 -32 0 47 -2 0 13 -7 -1 26 17 35 0 0 16 -8 41 0 3 16 -2 -44 32 -32 -24 16 -5 -39 15 29 -14 -36 -34 0 0 9 0 1 -22 -14 0 -33 -42 -26 0 3 30 0 49 13 13 12 17 -21 -2 6 -8 -2 0 
-11 19 0 32 -45 44 0 45 0 -3 -35 -24 18 -18 0 -26 -31 37 19 -49 41 0 -48 0 0 0 31 0 6 19 2 0 33 -32 0 -24 46 -42 -28 0 17 17 0 -29 0 29 -2 -7 0 -11 48 0 10 0 42 -11 33 -29 0 32 6 0 0 -29 14 4 0 25 -6 15 5 -41 26 -50 35 0 -25 1 3 43 24 0 39 49 37 5 16 -11 -45 -28 
-9 -13 -31 0 0 0 -9 -21 11 38 27 0 -2 35 36 40 -42 0 -8 15 -19 11 35 0 8 47 40 5 -27 1 0 -38 0 45 -42 36 40 3 10 -7 35 0 51 -33 48 49 34 45 9 40 -15 -43 -27 -50 -48 18 13 -39 0 12 -18 39 18 -14 0 15 0 10 0 -3 -39 -11 -21 24 -13 35 -42 -22 4 0 -40 -5 -14 -40 14 -35 -14 4 25 -9 
13 15 -21 0 0 -29 0 0 0 33 13 24 26 0 -41 -40 -38 0 -26 0 0 48 45 30 0 0 43 44 49 23 -1 -17 -28 0 -42 0 24 -10 0 44 0 -29 -33 19 -17 -3 0 -33 0 23 4 0 33 24 0 -17 0 0 9 -42 -21 0 -40 39 -19 0 -15 -1 0 47 -32 40 19 0 31 4 0 4 -6 6 17 19 11 18 -26 1 11 0 0 23 
-21 0 0 37 50 -21 49 24 23 42 0 47 10 13 32 -46 -35 46 15 -15 -28 22 -6 -39 0 0 -12 -2 0 0 6 0 0 25 42 0 37 0 0 4 0 0 48 -17 15 0 0 -25 0 11 0 -18 5 -2 -19 45 -14 50 -33 -43 27 0 -17 0 43 47 -4 41 16 34 -47 0 6 -1 20 48 0 0 10 -33 45 -5 -43 4 20 0 0 16 14 0 
0 0 -12 -21 23 -14 3 12 27 16 0 23 4 -26 0 -27 0 6 8 15 2 32 0 -5 38 -32 41 35 0 -47 43 -13 -31 0 4 -27 -1 0 -3 -5 16 29 49 -3 0 13 0 33 -10 -36 -40 0 -16 35 10 0 0 0 -20 0 -28 7 -27 35 -45 -9 -44 -2 -39 0 0 -29 -10 3 40 6 -3 0 9 49 37 31 0 -39 -47 11 4 -35 -41 20 
19 0 31 0 -29 27 50 41 -6 0 -4 7 -31 -35 6 0 -43 10 31 0 0 -3 -49 0 41 0 0 -28 35 44 12 0 -46 -17 -22 17 37 30 0 -30 -8 -2 34 0 0 0 24 0 24 -50 -11 0 46 3 38 -27 23 48 -11 -40 27 39 31 22 0 43 41 -38 18 0 -11 -33 0 31 0 35 0 -11 8 17 12 17 -12 0 -42 40 0 0 39 32 
10 18 -37 16 -16 -27 0 -35 45 0 -22 0 -25 37 6 30 -32 0 45 38 -25 3 0 1 27 0 -30 -30 10 0 46 24 0 3 1 -40 27 30 -27 -20 41 -7 45 -33 -25 33 0 8 -10 37 0 -30 15 1 46 39 0 4 0 0 0 32 0 -42 16 21 0 32 -46 0 -46 0 40 -29 -21 -49 11 34 0 -30 15 -25 0 -49 0 16 24 0 21 -28 
25 4 -27 -46 35 -28 18 -9 -12 -3 -40 0 -8 -20 2 -3 21 35 0 -32 49 -22 0 -22 -8 22 0 -27 0 0 -20 0 13 33 24 -2 0 -34 26 -5 0 0 9 0 0 -10 24 -10 40 4 13 35 15 -22 44 26 -42 47 0 42 -25 9 -23 0 0 -17 0 -18 0 39 0 24 2 -17 -48 -7 -10 36 -29 46 0 0 47 31 16 39 34 -44 -16 -39 
16 12 -7 -31 -36 11 -18 -31 24 20 -44 20 -31 12 0 13 17 3 -49 -32 4 0 49 -2 7 -1 -11 -4 3 6 8 -6 -26 0 45 0 0 21 26 0 3 -11 40 23 11 -36 -50 37 4 41 -9 9 -36 -22 14 -47 -26 0 -18 38 0 28 -39 0 0 -9 24 44 36 -14 -40 0 39 28 0 -22 0 36 -4 -48 0 0 18 0 23 19 -6 34 41 -50 
8 0 -17 -16 -35 0 38 0 26 -13 -9 -18 47 43 -4 0 -20 21 -49 30 0 -37 0 26 0 0 36 23 0 0 0 -42 0 4 0 38 20 14 -23 39 16 48 -15 4 0 -40 -11 0 13 -9 32 -31 -4 2 31 23 29 -6 46 -13 -26 11 -42 0 0 33 -33 0 -42 -22 18 32 -7 1 41 -50 -4 0 28 14 -47 9 49 0 -32 33 19 0 -2 34 
-10 17 5 49 -12 20 0 27 46 13 0 43 27 34 -36 -22 0 -22 -5 7 0 -5 0 16 -1 -37 -39 -48 -41 -7 -23 49 -12 -11 44 12 -32 29 11 -50 -2 0 -43 0 -18 0 0 -30 35 9 -31 8 -14 0 -5 -18 28 3 -29 -41 9 50 45 -28 -37 -10 -35 -24 -5 4 -41 32 0 15 45 28 0 6 18 -38 -14 23 20 -47 10 -40 0 0 0 0 
-24 -49 -21 -14 0 -14 -36 0 -39 25 -2 0 47 -40 31 15 -34 24 37 -25 -13 0 0 0 -9 5 -40 -42 0 0 -1 -11 0 0 -18 -14 -46 -30 -5 -12 -44 10 -27 33 5 -16 46 15 15 -36 -4 -14 8 0 0 0 -18 0 46 16 -4 0 0 0 -30 38 20 6 -47 -13 -46 0 -37 14 0 0 0 -23 33 0 2 31 13 0 23 -35 -40 0 -13 -7 
-28 18 -32 25 38 21 0 -26 -16 -45 22 0 0 0 -36 4 0 28 37 -45 6 0 -23 -11 1 43 0 0 8 37 -40 -10 -41 -18 0 25 -47 -35 26 -15 32 0 -50 24 -2 35 3 1 -22 -22 2 0 0 43 45 -42 -46 -31 -40 38 -19 38 -48 0 16 50 23 -4 -46 -37 0 0 -39 37 0 0 -28 2 29 23 -2 0 0 46 -43 -27 -39 38 -11 -18 
-35 23 -32 10 29 12 49 37 16 0 -20 -15 11 -1 0 -31 34 0 0 -24 0 -1 0 16 -31 0 14 6 -38 9 17 0 41 45 29 3 -37 -29 -23 38 -32 42 -48 0 -19 10 38 46 44 14 31 -5 0 45 26 44 33 0 27 -15 -41 43 50 -13 -45 -26 0 0 8 -19 27 27 48 30 -12 39 -9 40 16 0 46 39 -2 0 -17 17 12 -15 -37 -44 
-27 25 38 -16 -19 18 -1 0 -47 0 -45 0 43 -43 -15 0 -7 0 -40 21 0 0 0 30 -24 37 -33 0 0 -31 24 0 -30 -37 0 0 -5 -18 29 -28 -24 -11 18 -17 45 0 -27 39 26 -47 23 -18 0 -42 44 33 -40 0 -6 5 17 -21 24 0 47 25 -42 48 48 31 1 0 46 -17 44 20 24 -1 -28 16 -44 -9 41 27 25 2 -44 45 -34 0 
-33 39 -24 -22 8 -35 0 23 0 0 -27 44 0 -39 8 -20 -31 1 50 26 0 -4 0 0 47 7 34 -41 -48 49 0 30 0 0 0 0 9 -26 24 -12 16 33 13 0 -14 0 23 0 -42 -26 29 28 -18 -46 33 -40 42 15 0 -33 -50 -18 7 -26 -13 39 -10 37 37 -9 -31 0 20 0 -1 44 0 -50 -24 -32 0 -40 3 35 -41 0 0 -31 19 -6 
-19 -9 -50 46 -20 36 0 -7 -29 28 0 -21 -7 14 -39 41 3 0 0 -42 -17 27 7 0 0 -19 -43 16 -30 -20 26 -22 -24 35 7 38 0 0 -36 -13 -5 -29 -39 0 50 0 48 4 47 0 -6 3 0 -31 0 0 15 3 -9 0 -38 13 -29 0 -24 3 26 0 38 -20 -36 0 29 0 7 29 50 -3 33 4 0 -2 40 0 42 0 -2 4 0 -29 
17 36 0 24 22 21 28 -30 -19 0 44 0 37 0 -14 50 42 44 0 8 -10 -18 0 -40 1 -13 35 35 0 -24 0 12 20 32 -34 21 38 0 27 17 -39 0 0 9 -33 -20 -11 0 0 -18 46 -29 46 -40 27 -6 0 -9 40 9 48 22 0 -50 3 12 30 45 -40 40 -5 0 48 43 42 39 -42 32 0 -8 0 -5 -41 -9 0 34 22 -43 -15 -38 
12 0 47 -37 0 0 19 49 -48 0 0 -50 9 39 0 0 38 -39 0 -8 11 -11 3 26 -43 0 0 -47 -15 16 0 22 49 0 10 -28 -12 1 -38 -43 15 32 12 -42 -43 0 -40 0 42 38 -13 -41 16 38 -15 5 -33 0 9 32 -13 -33 -27 50 -2 -29 0 -46 0 -24 0 -6 45 -46 0 -49 6 43 -37 50 12 -26 -26 9 28 29 -39 34 28 0 
32 2 -22 0 47 -50 -48 -2 -26 -11 -31 26 15 40 0 -30 14 41 0 10 15 0 0 0 -24 50 32 1 4 38 -48 0 -47 47 -44 0 0 0 -7 8 29 6 -18 -21 27 -28 27 0 -25 0 -26 9 -4 -19 -41 17 -50 -38 48 -13 5 -6 41 -28 0 0 -7 -30 6 -38 -40 38 0 -34 0 40 44 -50 44 30 -18 0 -4 0 -44 0 0 -47 -10 7 
0 31 0 3 0 -5 0 -14 -26 0 0 0 -40 0 0 34 0 0 12 0 -30 3 -50 18 0 0 -43 0 -23 -41 -34 32 0 0 21 -45 -26 0 -23 16 -14 0 39 0 0 7 39 32 9 28 11 50 0 38 43 -21 -18 13 22 -33 -6 13 -24 19 23 0 -23 -28 14 -46 -8 41 -9 -15 29 23 0 -29 12 1 42 0 6 12 49 -5 23 4 -10 -24 
-15 -13 8 -24 41 -32 19 11 32 17 -20 14 35 26 6 -41 -9 -34 0 0 33 0 39 30 10 19 6 34 29 -19 0 0 32 -9 20 0 -3 0 5 4 -36 0 18 -40 -17 -27 31 0 -23 -39 -42 45 0 -48 50 24 7 -29 0 -27 41 -24 51 -43 -2 34 0 0 0 -3 16 -15 -5 35 36 6 -30 24 0 0 16 -33 -14 -27 6 -1 -3 21 0 0 
0 38 -4 -47 -42 -10 -21 0 -22 29 23 -25 0 0 -6 11 21 33 -15 31 38 0 0 0 -32 0 27 0 -1 0 -50 1 -13 -30 0 -1 0 -9 -10 50 -34 -29 -14 39 0 35 22 -42 0 0 0 -28 0 0 -13 0 -26 0 -50 50 -28 19 -43 15 15 0 12 25 0 0 -14 43 -17 0 0 29 -19 29 0 0 -10 30 17 27 6 -29 39 -6 -11 -42 
-34 6 0 -40 42 -40 -15 8 -4 0 -27 0 -5 -46 -36 -7 -16 24 0 -43 0 -6 0 -38 0 0 -27 47 36 -45 -30 4 -19 -8 12 0 -42 0 0 -17 0 14 0 -19 43 -45 0 16 0 0 0 -37 -30 16 -45 47 -13 -24 3 -2 0 23 -2 15 35 16 -41 0 -19 21 12 -16 17 -10 0 0 2 -15 0 35 0 -43 -16 45 -26 0 0 48 -47 0 
0 -30 20 29 36 22 0 -8 10 10 6 15 38 -21 0 0 0 41 0 40 0 -18 -44 -15 0 0 0 20 -26 0 25 -40 3 28 36 0 0 -9 40 26 0 4 15 0 47 -9 43 21 -17 -9 33 -10 38 50 -26 25 39 3 12 -29 0 0 34 0 16 22 0 13 -27 48 0 -17 10 -32 -5 47 0 7 0 0 35 42 5 0 16 22 -4 42 -26 46 
-4 7 0 26 0 0 0 0 12 0 0 0 0 -3 0 27 9 -6 0 -1 -44 -41 14 0 -32 0 -40 -20 44 0 0 12 25 26 0 -44 34 -47 6 49 9 0 0 -15 -4 -44 41 0 0 24 -33 -35 20 23 0 -42 -10 26 30 0 -7 -23 0 12 -41 0 41 -17 -7 24 7 23 0 7 31 0 -25 28 0 -19 49 0 15 -48 0 0 -12 -34 0 0 
0 -18 8 -14 7 42 -12 0 -5 -29 17 21 34 0 -24 -27 -43 27 -21 39 20 37 21 -45 -48 -47 26 0 30 0 0 -37 0 -9 -50 -23 43 -21 0 42 0 25 10 -1 41 -2 -38 32 -18 44 0 -24 6 -4 0 48 37 0 45 -46 -30 -28 0 25 0 13 -17 24 16 50 34 0 0 0 0 0 13 8 14 0 0 -40 23 -37 0 0 -3 34 -2 0 
-36 -27 -35 42 7 -5 -17 0 8 -14 10 -21 -50 -46 0 10 41 9 -10 10 0 16 -8 0 -14 -46 12 38 6 -46 0 -8 8 -15 0 0 0 10 -20 -31 1 -6 0 0 16 -39 18 -46 0 36 -42 -5 -47 -46 8 48 37 38 -40 0 6 14 0 0 -19 -27 -7 16 34 48 32 -43 -6 27 41 12 40 -4 -34 49 -20 0 0 -43 0 0 38 -37 -40 -39 
23 0 -3 -46 16 -10 46 0 0 0 0 34 39 -21 -44 0 29 21 -3 19 26 0 0 32 -33 24 0 -2 0 14 -32 -11 30 -42 49 -25 0 -50 0 -20 -22 15 -3 47 34 0 0 0 39 -14 -22 4 -13 -37 -19 31 -9 -20 40 -24 -38 -46 -3 0 21 48 24 50 48 5 -32 4 -43 7 2 -18 0 48 -18 -41 -29 14 0 0 -36 13 -14 -9 0 -23 
-48 -45 0 29 -25 7 39 -34 26 8 9 -5 -1 48 0 5 0 45 25 0 -34 -2 -37 -43 22 4 37 50 6 -25 -28 -8 23 -1 18 0 -50 13 34 0 -14 5 -39 -32 -47 0 -11 -46 0 -40 18 -41 -46 0 27 1 -31 -36 -5 0 -40 -8 16 -14 12 0 7 34 32 -32 45 -8 -10 4 50 29 -10 0 -29 -2 0 19 0 -40 30 -2 0 33 0 0 
-17 -27 19 0 -3 0 -48 46 0 41 -30 -26 -6 0 5 -46 -29 0 0 -6 4 -11 9 40 -41 -37 -24 0 6 2 0 24 0 -30 2 33 -21 -24 -27 2 0 -41 -11 40 0 -29 -33 0 24 0 32 32 0 0 27 0 0 0 0 -6 38 41 -15 43 -16 -17 23 0 -43 4 -8 3 31 6 18 -43 -39 -7 46 -25 0 -15 -47 -36 -33 -48 29 -18 32 0 
-37 1 31 45 -2 0 -22 49 39 0 -15 38 0 28 0 -30 6 24 11 9 -16 0 -8 24 0 49 0 -27 -10 20 0 -5 -8 44 45 5 38 0 0 41 -33 26 -21 19 6 -10 0 40 2 39 -7 0 -37 -39 48 46 20 29 48 45 0 -9 -5 -17 17 10 0 0 -6 -43 -10 31 44 -32 0 19 0 -41 0 0 0 -22 0 22 45 -11 49 -40 -6 -11 
-8 -15 39 -30 0 0 0 11 -38 0 19 0 44 -33 -10 28 0 0 3 0 -27 0 0 4 0 0 0 36 4 -38 44 15 3 -21 21 0 22 -40 26 31 -42 -50 24 0 -1 3 31 -29 -17 28 1 15 14 37 30 -17 0 0 43 -46 -34 -15 35 0 -10 -32 7 0 27 7 4 6 -32 40 49 -31 -35 -39 0 0 -28 -4 4 -15 20 28 0 -29 14 6 
-13 0 -14 38 -25 17 -29 7 0 -14 -20 50 33 -36 4 0 -12 9 0 0 -50 -32 12 18 31 -33 0 0 0 0 44 -45 -19 -3 7 0 38 -42 0 -17 -26 35 -13 31 20 40 0 -21 -48 0 41 45 0 0 -12 44 -1 7 42 0 0 29 36 0 0 -5 31 0 41 2 50 18 0 49 21 11 -5 17 -3 0 0 -11 42 -43 -15 41 -3 0 18 34 
2 28 0 -49 -32 0 25 -25 -20 49 10 -46 4 3 12 5 0 10 -25 0 -35 0 -24 47 25 -12 39 -17 -13 0 24 -4 34 -47 -35 0 9 50 17 -34 0 0 35 4 48 6 35 -49 -7 -22 -50 28 0 0 39 20 44 29 39 -49 40 23 6 29 0 47 0 0 12 -18 29 -43 19 -31 11 18 8 27 0 27 5 0 0 -45 -48 -12 0 40 0 1 
-41 -48 44 19 27 0 0 27 46 6 43 0 9 0 -12 4 0 -46 -1 -8 0 0 19 0 0 -19 37 -11 0 15 39 -20 42 0 -9 -10 -20 48 0 24 3 -25 -42 0 0 -3 0 11 -10 0 -4 0 0 -28 -9 24 0 50 -42 6 44 0 -30 -19 2 0 -25 13 40 0 -10 -39 0 -35 -5 8 26 0 50 0 21 0 0 -12 -6 -15 23 37 -24 0 
-32 8 -12 -9 -14 0 44 0 -40 14 29 18 -16 -10 44 1 8 0 34 -28 -34 0 11 -19 0 33 27 48 32 0 0 3 0 0 0 4 0 -25 5 0 30 1 -22 4 0 0 -11 34 36 36 0 6 -23 2 40 -1 -50 -3 32 43 -50 -29 24 29 -15 7 28 8 -4 48 0 -7 -41 -39 17 27 0 43 -20 -11 -3 6 -12 0 -45 -2 -41 -17 -17 3 
31 18 0 -1 44 7 -16 27 -46 -48 -3 0 -2 -49 -19 11 -25 -24 -14 0 0 -45 0 17 0 0 2 0 23 0 0 40 45 38 -16 0 -38 0 0 17 0 3 4 -6 10 9 8 0 -29 -4 28 18 33 29 16 -28 -24 33 0 -37 44 12 0 0 0 0 0 14 -34 -18 -29 46 0 0 -3 0 50 -20 20 0 -48 1 0 1 -47 -47 -19 -29 0 0 
-42 -47 -45 -42 -27 -6 0 -27 0 -48 6 -36 25 0 38 6 29 0 0 13 -19 27 0 3 0 -20 -47 44 0 18 0 -23 18 36 1 -50 3 41 -22 -21 49 43 0 6 -33 49 17 -30 46 -48 14 -38 0 23 0 16 -32 4 -8 50 30 1 0 0 35 0 -19 0 49 -41 -2 -25 0 0 0 27 0 -11 0 2 -37 0 0 9 0 0 43 -48 36 -38 
0 -19 10 9 0 -26 -27 -26 0 -26 0 -9 -19 -27 -15 0 13 15 0 -16 0 43 -29 0 -3 0 -4 5 0 0 21 0 46 32 1 17 8 -8 34 0 13 24 -40 17 45 37 12 15 0 0 -47 -14 2 -2 46 -44 0 0 0 12 -18 42 16 -10 0 35 49 0 -20 -29 0 0 0 -28 0 5 21 -3 -48 -37 33 -2 0 12 -22 21 -18 43 39 -38 
0 -7 -35 1 19 0 13 0 -37 -7 0 0 -6 46 0 -7 10 -2 0 6 0 50 34 37 -27 37 0 50 -11 0 0 43 5 31 -31 -29 0 42 0 19 13 0 -5 19 -5 31 17 -25 0 0 9 23 31 0 39 -9 -40 -2 -5 -26 0 0 -33 30 -43 42 0 -40 0 14 19 -15 -22 -4 -11 0 0 6 1 0 -2 25 -43 25 0 47 -42 35 30 -18 
0 24 3 13 -8 20 -6 0 0 0 43 44 32 0 0 17 0 -40 39 46 16 0 0 11 32 13 36 -24 4 0 50 -31 -20 9 17 -39 -44 34 -15 14 12 39 -14 11 -43 0 -12 0 47 18 49 20 13 0 -2 41 3 40 -41 -26 -4 6 -14 17 -16 5 15 23 0 0 0 -47 0 4 42 0 0 -12 0 0 0 -43 44 -2 -22 0 -31 -27 -43 0 
25 0 11 44 12 0 -44 35 -3 -19 25 19 -50 30 -2 -28 -36 20 23 15 4 -22 1 12 -32 -48 9 42 50 32 44 17 22 -49 30 0 0 -46 38 23 17 49 -40 18 4 -39 0 -49 31 0 0 -47 0 46 0 27 35 0 -9 9 0 12 -27 27 45 0 -48 -37 -43 0 -40 -36 22 -15 -43 -45 -12 0 1 9 12 25 -2 25 0 -11 16 -19 -32 -3 
21 17 -30 1 -19 26 -44 -37 -12 -41 47 42 49 28 0 -1 11 22 -27 -48 -40 22 -49 44 0 -34 44 -3 40 0 0 0 44 -32 19 -13 -24 8 18 5 -21 37 14 -26 20 -47 -42 0 16 23 -32 10 23 -43 -17 25 -41 42 0 28 -44 49 6 6 -26 16 0 0 0 -36 30 -33 45 20 -15 -48 -6 -45 -47 0 -22 0 -22 0 8 -14 -32 -29 0 0 
0 -9 0 -40 0 -30 -28 23 17 0 -16 0 0 6 -37 31 44 28 6 0 4 -32 -44 0 -2 -17 0 0 -34 -37 -27 -48 0 -10 -39 -34 -38 34 -46 10 -2 5 -35 1 0 11 40 16 39 19 33 -40 -35 -27 17 2 0 0 34 29 0 -5 -1 -29 0 22 0 0 0 13 -2 -48 -11 28 41 -12 -15 -2 -47 0 21 47 0 -11 -14 17 -27 29 0 0 
37 33 0 -30 0 -1 31 -34 50 -43 -9 -38 32 -42 -7 26 0 39 -15 21 0 -39 1 -49 -45 26 12 -25 -36 30 -38 0 18 -33 23 0 -15 33 -29 27 6 16 -14 11 0 4 0 24 34 -6 19 0 -40 -39 12 -44 0 -2 22 -39 0 23 -3 39 0 -4 -12 -3 38 -14 0 29 49 0 -3 0 23 -41 -19 43 -18 -42 -31 16 -32 -27 16 18 -1 -24 
-34 11 -26 0 -15 -18 21 18 -15 0 -4 -18 42 -32 30 -49 16 -2 13 23 34 37 27 0 41 -15 35 37 -35 0 23 -36 0 0 0 43 44 -9 0 22 -8 -11 4 0 16 -35 0 0 -44 34 0 0 0 38 -15 45 -31 4 -43 34 -47 4 21 -6 48 42 -34 34 -37 -9 33 -18 -40 -29 0 40 37 -17 -29 -48 43 35 -27 -19 -29 29 18 48 8 -17 
0 0 0 -9 -35 -21 0 -29 15 30 39 4 0 -26 6 -25 24 -3 6 46 0 -8 7 41 -39 -28 -14 -36 49 0 37 -31 3 13 -13 31 34 45 -13 8 -2 -45 25 0 14 -41 39 21 -16 41 -2 0 -13 -11 -37 -34 19 0 -15 28 -10 -10 0 -11 -47 -26 0 -2 -40 0 0 32 -6 14 18 0 -24 -17 0 36 39 30 -43 -32 0 0 -1 8 23 47 
1 0 34 17 33 18 -49 44 -18 18 41 -39 38 42 0 17 -8 -22 -25 0 22 0 0 0 50 0 50 0 -47 0 5 14 31 6 5 50 -16 43 -6 -36 0 -28 -9 23 0 20 32 -28 -39 -50 34 0 -7 -18 -44 0 -6 -29 -38 0 7 -24 0 -42 0 46 0 0 -39 -23 0 0 -11 6 34 1 0 3 0 -38 -38 -18 0 -3 0 0 -24 -17 47 25 
