100
44 -3 40 28 -19 -5 10 -6 21 19 -17 -46 10 -15 12 -40 22 -5 -45 37 16 23 -32 10 23 -43 -17 25 -41 42 18 -35 25 -26 -42 -5 7 42 48 -36 30 -33 45 20 -15 -48 -6 -45 -47 -12 29 -22 -34 46 -9 -15 29 -30 -28 23 17 13 34 -1 8 -13 2 12 -25 31 4 -32 -44 -18 -12 49 -20 3 15 -41 36 -10 -39 -34 -38 34 -46 10 -2 5 -35 1 -48 -1 -48 16 4 -9 19 -36 
15 0 -41 0 17 0 38 0 0 -9 0 0 0 0 31 8 0 0 0 0 0 0 0 15 0 0 28 0 7 0 25 15 36 0 0 0 0 25 0 0 0 0 0 0 -30 0 0 0 0 0 0 22 0 0 0 0 0 -33 -10 0 0 0 0 -14 0 -12 44 0 14 0 0 0 0 0 0 0 0 0 0 0 0 0 -10 0 0 0 0 0 0 0 0 0 0 0 44 -11 0 0 0 0 
0 11 -16 0 0 0 -8 25 0 0 0 0 0 0 0 0 0 0 31 29 0 0 0 0 -13 -24 12 0 0 0 0 0 0 0 0 0 0 0 -8 17 0 0 48 0 0 0 27 0 0 0 0 0 0 0 0 0 -25 -36 0 0 0 0 -29 35 0 -47 0 47 0 0 0 -20 -44 -43 0 -17 0 0 0 0 0 0 0 0 -11 0 0 0 0 0 0 0 0 0 0 0 -29 0 0 0 
-41 -16 49 0 0 0 0 0 -49 0 43 0 0 0 0 0 -13 0 0 0 0 0 -25 0 0 -7 4 22 -27 0 0 10 0 -3 43 0 -4 0 -21 -41 0 0 0 0 0 0 0 0 0 -26 0 0 44 0 0 0 37 0 0 0 0 11 0 0 0 0 -31 7 -42 0 46 46 0 0 0 19 -20 0 0 49 0 0 0 0 -23 0 0 23 -13 0 -44 0 0 0 -42 0 0 0 0 -46 
0 0 0 35 -30 0 0 0 0 4 0 0 0 -48 0 -1 0 0 0 -8 0 0 0 0 0 14 46 0 0 -16 0 0 0 0 0 0 0 0 0 0 -27 -28 0 0 0 0 -23 -32 0 0 0 0 0 0 7 0 0 -28 -10 0 0 0 0 -9 0 38 0 0 0 22 0 0 0 0 -36 0 0 3 0 0 30 0 0 0 0 -37 0 0 0 0 0 0 0 30 0 0 0 42 0 38 
17 0 0 -30 45 0 0 0 -24 0 0 0 0 -48 0 0 26 0 0 0 0 0 0 27 0 0 0 2 0 0 0 0 0 0 0 0 0 0 0 -12 -8 0 0 0 0 4 0 0 0 -42 0 0 0 0 0 0 0 18 0 0 0 0 0 0 -22 -32 0 0 0 21 -25 29 0 0 0 0 0 0 0 0 0 -10 0 0 0 0 -5 0 0 0 0 0 0 17 -36 0 0 0 0 0 
0 0 0 0 0 33 0 0 0 0 0 45 0 36 -44 0 -24 0 0 0 0 0 0 0 -6 0 0 0 0 0 0 0 0 0 0 0 -16 15 17 0 0 -37 -2 38 0 0 0 0 0 0 0 0 12 0 35 0 0 -9 0 0 0 -22 0 -32 0 0 0 0 0 28 0 0 0 -41 0 0 -40 0 0 0 0 0 0 24 0 0 0 0 0 0 0 0 0 0 25 0 -28 0 0 0 
38 -8 0 0 0 0 20 -5 7 0 0 0 43 0 -46 -49 0 0 0 48 0 0 -40 0 0 0 0 0 7 0 27 0 0 0 0 0 0 0 0 0 -3 35 0 35 0 0 5 0 0 19 0 0 31 0 0 0 0 -12 0 0 0 -5 47 0 0 0 0 8 0 0 -40 0 0 -34 -11 0 0 0 0 0 -50 0 0 0 1 0 0 0 0 0 0 0 0 0 0 0 0 -39 0 17 
0 25 0 0 0 0 -5 14 9 0 0 0 0 0 -28 -1 14 0 0 0 0 0 0 0 0 0 -35 0 0 -19 0 0 44 0 0 0 0 -7 0 38 28 0 0 0 0 0 0 0 0 -49 -2 0 0 0 0 49 0 0 0 0 0 0 -40 0 2 0 -9 -14 0 23 27 0 0 0 0 -22 0 0 0 -15 0 0 34 0 -31 0 0 0 0 0 0 0 5 2 38 0 0 0 0 0 
0 0 -49 0 -24 0 7 9 25 0 0 0 0 0 0 0 0 0 0 0 0 -12 0 0 -25 0 12 0 0 0 0 0 0 0 0 0 0 0 -42 0 0 0 0 0 0 0 0 36 0 0 0 0 0 0 -36 41 33 0 0 0 0 0 31 0 0 47 42 0 0 0 0 0 0 0 0 0 0 0 0 -4 0 16 39 0 0 -29 0 3 0 49 0 0 0 0 0 0 0 0 0 0 
-9 0 0 4 0 0 0 0 0 9 0 41 -37 -22 0 0 0 0 0 0 0 49 12 0 0 0 0 0 0 0 0 0 0 0 0 0 0 0 0 0 -1 0 0 14 0 0 0 0 0 0 0 0 0 0 0 0 45 0 0 -11 33 0 0 0 0 0 0 0 4 0 0 -13 0 0 33 0 -45 -2 -9 -44 0 0 0 0 6 0 0 0 0 12 0 -28 30 0 0 0 0 -39 0 0 
0 0 43 0 0 0 0 0 0 0 19 0 0 0 -43 0 0 0 0 0 0 31 0 0 0 0 0 0 0 0 -29 0 0 -7 47 9 0 0 0 0 46 0 0 0 0 0 -23 0 44 0 36 44 0 0 -13 0 0 28 0 0 0 0 0 21 0 0 0 30 0 44 0 0 0 0 0 0 0 0 33 0 0 0 0 0 0 42 0 0 0 2 0 0 1 0 29 0 0 0 0 5 
0 0 0 0 0 45 0 0 0 41 0 6 0 0 0 0 24 0 0 0 -7 0 0 0 0 0 0 0 0 -48 -36 34 0 0 0 0 1 0 27 0 0 0 0 0 0 0 0 -45 0 0 0 0 0 0 0 0 0 -8 0 0 0 0 -34 0 0 0 0 0 27 0 0 -17 0 0 0 0 8 0 0 0 0 0 0 0 0 24 5 50 0 28 0 0 0 0 0 0 0 0 41 0 
0 0 0 0 0 0 43 0 0 -37 0 0 22 0 0 0 0 0 0 0 0 0 25 0 1 -43 0 8 0 0 0 -11 0 0 -36 0 0 0 0 0 0 0 0 0 0 0 0 -19 0 30 0 0 0 4 49 -7 0 0 -31 23 0 0 0 -26 0 0 -18 0 0 0 0 0 0 0 0 -25 0 0 0 0 0 0 41 -32 0 0 0 0 0 0 0 0 0 0 0 -48 0 0 0 4 
0 0 0 -48 -48 36 0 0 0 -22 0 0 0 38 -25 0 0 -38 0 0 0 0 2 0 30 -44 0 0 -41 0 -39 0 0 0 22 0 0 0 -49 0 0 25 26 0 0 0 0 -21 44 0 -42 33 0 0 4 0 0 0 0 0 38 0 0 0 -37 0 29 0 0 0 39 0 0 0 0 0 0 0 38 0 0 0 0 30 11 0 0 0 -36 0 0 0 0 0 0 -34 0 31 0 0 
31 0 0 0 0 -44 -46 -28 0 0 -43 0 0 -25 15 0 0 1 9 0 0 -3 0 0 0 0 0 0 -5 17 0 41 0 0 0 0 0 0 0 0 0 0 0 0 0 0 0 0 0 0 0 13 0 0 0 0 0 0 10 0 20 0 0 0 0 0 0 0 0 0 0 0 0 -42 0 0 0 0 0 24 0 0 0 29 0 0 0 0 0 -46 0 0 0 0 0 38 3 14 0 29 
8 0 0 -1 0 0 -49 -1 0 0 0 0 0 0 0 27 -27 45 0 0 0 0 -18 41 9 -48 -33 0 0 0 0 0 0 0 0 0 0 0 0 0 0 0 0 -7 0 -5 0 0 0 0 0 0 0 0 -3 0 0 0 0 -36 0 0 0 0 0 0 -28 0 0 0 0 0 0 49 0 -6 0 -30 0 -33 0 -10 0 -25 0 0 0 0 0 48 0 0 0 0 0 0 -4 19 0 0 
0 0 -13 0 26 -24 0 14 0 0 0 24 0 0 0 -27 21 0 0 0 0 9 0 0 0 0 32 0 0 0 -27 0 0 0 0 0 -3 42 0 0 0 26 -33 0 0 0 0 0 0 0 0 0 0 0 0 0 0 -3 0 0 0 0 0 -34 -9 0 0 0 0 0 0 0 0 0 0 11 0 20 -26 -35 0 0 0 0 0 0 0 0 0 0 0 0 0 0 0 30 39 -15 -41 9 
0 0 0 0 0 0 0 0 0 0 0 0 0 -38 1 45 0 48 0 0 0 0 0 0 0 0 -24 -13 48 0 42 0 0 7 0 -49 0 46 -35 0 45 -17 0 0 -39 43 0 0 0 0 15 0 49 0 0 0 1 0 0 17 0 0 -27 0 0 0 0 0 0 0 47 0 0 0 19 21 25 0 25 0 0 0 0 0 -14 0 0 0 0 0 0 0 -11 0 27 0 0 -22 -26 0 
0 31 0 0 0 0 0 0 0 0 0 0 0 0 9 0 0 0 43 0 0 0 0 0 0 0 0 0 0 0 0 -30 0 0 0 0 0 0 -39 0 0 0 0 0 0 0 -43 0 -6 0 -19 0 0 0 0 0 0 0 0 0 0 -47 0 0 29 0 0 -48 -43 0 0 0 0 0 6 33 0 0 39 0 0 0 0 0 0 0 0 0 0 0 0 -39 34 0 0 0 0 -4 0 0 
0 29 0 -8 0 0 48 0 0 0 0 0 0 0 0 0 0 0 0 38 0 0 0 0 0 0 0 0 0 -2 0 1 28 0 0 0 0 0 0 0 37 0 0 0 0 0 -49 0 45 0 0 0 0 0 0 0 0 35 -50 0 0 -2 0 0 0 0 0 0 0 0 27 -33 0 0 0 -15 0 0 0 0 10 0 0 0 0 0 -47 0 9 0 29 0 36 0 0 -19 0 0 0 0 
0 0 0 0 0 0 0 0 0 0 0 -7 0 0 0 0 0 0 0 0 9 0 0 0 0 0 0 0 0 0 0 0 0 35 0 0 14 0 0 0 0 0 0 0 0 0 0 26 0 0 0 0 0 0 0 -4 0 0 0 0 0 13 0 0 0 0 0 0 0 0 0 0 -31 -14 0 31 0 0 0 0 0 0 0 0 0 0 0 4 0 0 0 0 0 0 0 -27 8 0 0 0 
0 0 0 0 0 0 0 0 -12 49 31 0 0 0 -3 0 9 0 0 0 0 9 0 0 0 0 0 0 0 0 0 0 -38 0 0 0 0 2 0 0 0 0 0 -43 12 0 35 0 0 0 0 -37 0 0 0 0 0 0 0 0 0 -25 0 -36 0 0 -17 0 0 0 0 0 0 0 0 0 0 0 12 0 0 0 26 -48 0 0 0 0 0 0 -35 0 0 0 0 0 0 0 0 48 
0 0 -25 0 0 0 -40 0 0 12 0 0 25 2 0 -18 0 0 0 0 0 0 25 -15 0 0 0 -42 0 0 0 29 -20 0 -18 -16 0 7 0 0 0 0 0 0 0 0 0 0 0 0 0 -33 42 -12 0 0 -44 0 0 0 0 0 0 4 0 0 0 0 -42 0 0 0 0 39 0 0 -1 0 -29 -42 41 50 0 0 0 0 0 -36 -50 49 0 0 0 0 -20 0 0 0 -14 46 
15 0 0 0 27 0 0 0 0 0 0 0 0 0 0 41 0 0 0 0 0 0 -15 6 21 0 0 -19 -15 0 0 49 0 0 -9 22 0 13 0 0 0 0 -39 14 0 0 0 0 0 0 0 28 0 -21 0 0 -23 -3 -44 0 0 -23 0 0 0 0 0 0 0 0 49 -36 -25 0 0 0 -36 0 0 0 0 -8 0 0 0 0 19 0 0 0 0 0 6 47 0 0 0 0 17 0 
0 -13 0 0 0 -6 0 0 -25 0 0 0 1 30 0 9 0 0 0 0 0 0 0 21 20 0 0 11 0 0 0 7 0 0 -9 0 0 0 0 -46 0 0 0 0 38 0 0 0 0 0 0 -26 0 0 29 17 0 0 0 0 0 49 0 0 0 0 0 33 0 8 0 32 0 0 0 0 0 0 0 0 0 0 0 0 0 0 0 15 11 0 -45 7 0 0 2 0 0 0 -16 0 
0 -24 -7 14 0 0 0 0 0 0 0 0 -43 -44 0 -48 0 0 0 0 0 0 0 0 0 43 0 0 0 0 0 29 0 0 0 0 0 0 0 0 0 22 32 0 0 -24 0 0 13 0 0 0 0 0 0 0 0 -22 0 0 0 0 0 0 0 0 -27 0 0 0 31 2 0 7 0 0 0 0 34 0 0 0 0 0 0 0 0 3 0 0 0 0 0 0 0 0 0 0 0 0 
28 12 4 46 0 0 0 -35 12 0 0 0 0 0 0 -33 32 -24 0 0 0 0 0 0 0 0 28 0 0 0 48 3 -21 0 0 0 0 0 0 20 -37 0 0 0 0 48 0 -28 0 0 0 0 0 0 0 0 46 0 -31 -17 0 0 0 37 0 0 39 0 0 0 0 -22 6 0 0 0 0 10 0 0 0 0 -33 0 0 0 0 -21 0 -3 -29 0 2 0 0 0 0 0 0 0 
0 0 22 0 2 0 0 0 0 0 0 0 8 0 0 0 0 -13 0 0 0 0 -42 -19 11 0 0 12 0 0 -30 0 0 49 0 0 0 0 -43 0 0 9 0 -11 0 16 0 0 0 0 0 0 0 0 -3 30 0 0 0 0 0 -11 21 -45 0 0 26 0 0 -18 0 0 0 0 0 26 24 0 0 0 0 0 0 0 0 38 0 0 0 0 0 0 40 0 0 0 0 0 0 0 
7 0 -27 0 0 0 7 0 0 0 0 0 0 -41 -5 0 0 48 0 0 0 0 0 -15 0 0 0 0 23 0 0 5 0 -18 0 -8 0 0 0 0 0 -30 0 0 0 -29 0 0 -1 47 40 0 0 0 0 0 0 0 0 0 0 0 37 0 0 0 0 0 0 0 -44 0 0 32 0 27 0 0 0 0 0 0 0 0 -32 0 0 0 31 0 -9 0 0 3 0 0 0 -2 0 0 
0 0 0 -16 0 0 0 -19 0 0 0 -48 0 0 17 0 0 0 0 -2 0 0 0 0 0 0 0 0 0 34 0 26 0 0 0 0 50 0 0 0 0 0 -27 0 0 0 -4 0 0 0 0 45 0 0 0 0 0 0 0 -35 0 0 0 0 0 -27 24 0 0 -40 0 0 0 0 0 0 0 0 0 0 0 0 0 0 0 0 0 0 -33 0 -38 -25 0 0 0 0 4 0 23 -9 
25 0 0 0 0 0 27 0 0 0 -29 -36 0 -39 0 0 -27 42 0 0 0 0 0 0 0 0 48 -30 0 0 29 0 0 33 0 0 -30 0 0 0 -21 -20 0 0 0 -11 0 0 0 0 0 0 0 0 0 -24 0 0 13 0 0 0 0 0 0 0 0 0 0 0 0 0 0 0 0 0 34 0 0 0 0 0 0 0 4 -15 0 0 0 12 0 0 0 0 0 0 0 0 0 0 
15 0 10 0 0 0 0 0 0 0 0 34 -11 0 41 0 0 0 -30 1 0 0 29 49 7 29 3 0 5 26 0 45 0 0 0 13 0 -13 0 -37 0 50 -48 0 -26 0 39 0 0 0 0 0 0 0 0 0 0 0 0 0 -31 0 0 -23 0 0 -18 0 0 0 0 -9 0 0 0 0 -6 15 0 0 0 0 0 48 0 0 0 0 0 0 0 0 -39 -6 0 0 0 24 0 0 
36 0 0 0 0 0 0 44 0 0 0 0 0 0 0 0 0 0 0 28 0 -38 -20 0 0 0 -21 0 0 0 0 0 50 0 0 0 12 23 0 -17 0 0 0 0 -20 0 0 38 0 0 -34 0 -46 0 0 0 0 0 0 0 0 0 0 -11 0 0 0 0 0 0 0 -19 -41 0 20 0 0 38 0 -23 0 0 0 0 0 0 0 -40 0 0 0 0 0 0 0 0 0 0 0 0 
0 0 -3 0 0 0 0 0 0 0 -7 0 0 0 0 0 0 7 0 0 35 0 0 0 0 0 0 49 -18 0 33 0 0 7 0 0 -22 0 0 11 40 0 0 0 0 0 0 0 19 -42 0 0 -35 0 0 0 0 0 3 0 0 1 0 0 0 0 -42 0 0 0 0 0 0 0 0 -50 0 -21 0 0 0 0 0 0 -50 0 0 0 0 0 0 0 0 0 0 0 -6 0 0 0 
0 0 43 0 0 0 0 0 0 0 47 0 -36 22 0 0 0 0 0 0 0 0 -18 -9 -9 0 0 0 0 0 0 0 0 0 7 0 21 0 0 0 33 0 0 0 0 0 0 -16 0 0 0 0 0 0 31 0 0 0 -49 0 0 0 0 0 -1 0 0 0 0 0 0 0 0 0 -3 0 26 0 0 12 0 0 0 0 0 0 0 0 0 0 0 0 0 0 36 -29 0 0 48 0 
0 0 0 0 0 0 0 0 0 0 9 0 0 0 0 0 0 -49 0 0 0 0 -16 22 0 0 0 0 -8 0 0 13 0 0 0 27 0 0 0 0 0 0 0 32 0 0 0 -6 32 27 0 0 0 0 0 0 -22 43 0 0 0 11 0 0 0 0 0 0 0 0 0 6 0 0 0 0 0 0 26 0 0 0 -32 0 0 -17 -7 31 0 0 0 0 0 0 1 0 0 0 0 -27 
0 0 -4 0 0 -16 0 0 0 0 0 1 0 0 0 0 -3 0 0 0 14 0 0 0 0 0 0 0 0 50 -30 0 12 -22 21 0 17 0 0 0 0 0 0 19 18 0 0 -34 -45 0 40 0 15 0 -29 0 0 0 14 0 0 -50 -18 0 0 0 1 7 0 0 0 0 -6 0 0 0 0 0 0 40 0 -29 0 0 0 0 0 0 -45 -25 0 0 0 0 0 -3 0 -8 0 27 
25 0 0 0 0 15 0 -7 0 0 0 0 0 0 0 0 42 46 0 0 0 2 7 13 0 0 0 0 0 0 0 -13 23 0 0 0 0 30 0 0 0 0 0 0 0 0 0 19 44 0 0 0 0 23 27 0 0 0 0 0 0 -2 0 0 -3 0 0 -47 0 0 37 0 3 0 0 0 -32 0 0 18 0 0 0 0 0 0 -37 1 0 0 0 0 0 0 -7 0 0 20 42 45 
0 -8 -21 0 0 17 0 0 -42 0 0 27 0 -49 0 0 0 -35 -39 0 0 0 0 0 0 0 0 -43 0 0 0 0 0 0 0 0 0 0 7 0 0 0 0 0 -33 0 0 0 0 -42 0 0 0 4 50 0 0 0 0 0 25 0 0 0 0 0 -49 0 0 0 0 -35 0 0 4 0 0 0 0 0 0 -6 0 25 0 0 0 21 0 -35 0 44 18 0 0 0 0 0 0 0 
0 17 -41 0 -12 0 0 38 0 0 0 0 0 0 0 0 0 0 0 0 0 0 0 0 -46 0 20 0 0 0 0 -37 -17 11 0 0 0 0 0 10 0 0 0 -32 35 0 0 0 0 0 0 0 -28 0 0 0 0 0 0 0 0 0 0 8 0 0 0 0 -19 0 0 0 0 0 0 30 0 0 0 0 0 0 0 0 0 -43 23 0 0 0 0 -35 -49 0 0 0 0 0 0 0 
0 0 0 -27 -8 0 -3 28 0 -1 46 0 0 0 0 0 0 45 0 37 0 0 0 0 0 0 -37 0 0 0 -21 0 0 40 33 0 0 0 0 0 30 0 3 0 0 0 0 13 0 0 -30 23 22 42 0 0 13 13 0 -18 0 36 16 37 0 -1 -24 0 0 0 0 0 0 0 46 0 0 0 0 0 48 0 0 -34 -22 0 0 0 0 -24 0 0 0 0 0 5 0 0 0 -24 
0 0 0 -28 0 -37 35 0 0 0 0 0 0 25 0 0 26 -17 0 0 0 0 0 0 0 22 0 9 -30 0 -20 50 0 0 0 0 0 0 0 0 0 16 0 0 0 0 0 2 0 -13 0 0 0 0 -6 0 0 0 0 47 0 0 -8 -40 -24 0 0 0 0 0 0 0 0 0 18 0 0 0 0 8 0 16 2 0 0 0 0 0 0 0 6 0 0 -28 -22 0 0 0 0 21 
0 48 0 0 0 -2 0 0 0 0 0 0 0 26 0 0 -33 0 0 0 0 0 0 -39 0 32 0 0 0 -27 0 -48 0 0 0 0 0 0 0 0 3 0 10 0 0 0 0 0 0 0 0 0 0 27 0 0 41 0 0 0 0 0 0 0 0 0 0 0 0 0 0 0 0 -21 0 0 -5 0 0 0 0 -39 0 0 0 0 0 0 0 0 43 8 0 0 0 0 0 0 0 39 
0 0 0 0 0 38 35 0 0 14 0 0 0 0 0 -7 0 0 0 0 0 -43 0 14 0 0 0 -11 0 0 0 0 0 0 0 32 19 0 0 -32 0 0 0 11 0 0 0 0 0 40 0 0 0 6 0 0 0 0 0 0 5 0 0 0 -1 32 8 0 0 0 0 0 0 -18 -24 0 2 0 0 0 0 0 0 0 0 0 20 3 0 25 0 0 -15 0 0 21 0 0 0 0 
-30 0 0 0 0 0 0 0 0 0 0 0 0 0 0 0 0 -39 0 0 0 12 0 0 38 0 0 0 0 0 0 -26 -20 0 0 0 18 0 -33 35 0 0 0 0 38 0 0 -25 0 0 0 0 44 8 0 0 0 0 0 0 49 0 0 0 0 0 0 3 -25 0 3 0 0 0 0 0 0 0 0 0 0 0 0 -22 0 0 0 31 38 -12 0 0 0 0 0 0 0 0 0 -4 
0 0 0 0 4 0 0 0 0 0 0 0 0 0 0 -5 0 43 0 0 0 0 0 0 0 -24 48 16 -29 0 -11 0 0 0 0 0 0 0 0 0 0 0 0 0 0 39 0 -46 -49 0 0 -28 0 0 0 -37 0 -2 0 0 0 0 -44 -39 16 39 48 0 -19 0 26 0 0 0 0 -10 0 0 0 0 0 0 0 -40 0 0 0 0 0 0 0 -32 0 0 0 46 0 44 0 -8 
0 27 0 -23 0 0 5 0 0 0 -23 0 0 0 0 0 0 0 -43 -49 0 35 0 0 0 0 0 0 0 -4 0 39 0 0 0 0 0 0 0 0 0 0 0 0 0 0 24 -1 0 0 0 0 0 0 0 16 0 0 0 0 0 9 0 0 0 0 23 -40 0 0 0 13 3 0 23 0 0 -14 0 42 0 36 0 0 -23 -27 0 21 34 0 0 8 0 0 43 32 0 0 -48 0 
0 0 0 -32 0 0 0 0 36 0 0 -45 -19 -21 0 0 0 0 0 0 26 0 0 0 0 0 -28 0 0 0 0 0 38 0 -16 -6 -34 19 0 0 13 2 0 0 -25 -46 -1 29 18 0 0 0 0 0 0 -16 -33 0 -11 0 20 0 0 0 38 0 0 0 0 0 49 0 0 0 0 0 -8 0 0 0 -41 0 49 4 -45 0 0 0 0 0 -12 -12 0 33 0 1 0 0 -41 0 
0 0 0 0 0 0 0 0 0 0 44 0 0 44 0 0 0 0 -6 45 0 0 0 0 0 13 0 0 -1 0 0 0 0 19 0 32 -45 44 0 0 0 0 0 0 0 -49 0 18 35 0 -7 28 0 0 -39 -27 0 15 -4 0 0 0 -27 25 14 0 0 0 0 0 0 0 0 0 0 0 0 0 0 0 4 0 0 0 0 0 0 0 0 0 0 -9 8 0 0 0 0 0 0 0 
0 0 -26 0 -42 0 19 -49 0 0 0 0 30 0 0 0 0 0 0 0 0 0 0 0 0 0 0 0 47 0 0 0 0 -42 0 27 0 0 -42 0 0 -13 0 40 0 0 0 0 0 23 35 0 0 0 -45 0 0 0 0 0 0 0 0 0 0 -26 -27 0 0 -34 -47 0 0 -12 0 -28 0 0 27 0 34 -42 0 0 0 0 0 0 -26 -13 0 0 0 0 0 0 34 0 0 0 
0 0 0 0 0 0 0 -2 0 0 36 0 0 -42 0 0 0 15 -19 0 0 0 0 0 0 0 0 0 40 0 0 0 -34 0 0 0 40 0 0 0 -30 0 0 0 0 0 0 0 -7 35 23 0 0 0 0 0 0 0 0 0 0 -31 0 -49 0 0 44 0 0 0 0 0 0 0 0 -43 0 0 9 0 25 0 0 0 0 0 0 1 0 0 0 0 0 0 0 8 0 0 0 -42 
22 0 0 0 0 0 0 0 0 0 44 0 0 33 13 0 0 0 0 0 0 -37 -33 28 -26 0 0 0 0 45 0 0 0 0 0 0 0 0 0 0 23 0 0 0 0 -28 0 0 28 0 0 45 0 0 0 2 0 0 6 0 0 0 5 -4 0 0 0 -9 0 0 0 0 -14 0 -39 0 0 0 0 0 0 0 0 0 0 0 0 15 0 0 0 0 0 0 0 -8 0 0 0 -43 
0 0 44 0 0 12 31 0 0 0 0 0 0 0 0 0 0 49 0 0 0 0 42 0 0 0 0 0 0 0 0 0 -46 -35 0 0 15 0 0 -28 22 0 0 0 44 0 0 0 0 0 0 0 48 0 0 0 0 0 0 -23 0 -24 0 0 -19 -7 0 -50 4 0 0 0 0 0 0 0 44 0 0 0 0 -47 0 0 -46 -2 0 0 -13 0 18 0 0 -28 12 0 0 0 0 0 
0 0 0 0 0 0 0 0 0 0 0 0 4 0 0 0 0 0 0 0 0 0 -12 -21 0 0 0 0 0 0 0 0 0 0 0 0 0 23 4 0 42 0 27 6 8 0 0 0 0 0 0 0 0 21 -8 0 -32 0 0 0 0 0 0 0 0 0 -33 0 0 0 0 15 34 0 16 0 0 0 0 3 0 -46 0 0 -29 0 -5 0 31 0 0 0 0 -24 0 0 -2 0 0 0 
0 0 0 7 0 35 0 0 -36 0 -13 0 49 4 0 -3 0 0 0 0 0 0 0 0 29 0 0 -3 0 0 0 0 0 0 31 0 -29 27 50 0 0 -6 0 0 0 0 0 0 -39 -45 0 0 0 -8 31 0 0 0 0 0 0 -47 0 0 0 0 0 0 0 0 0 0 0 0 0 0 0 37 0 0 0 8 -3 0 0 -22 -17 37 0 0 0 0 0 0 0 0 0 -48 0 0 
0 0 0 0 0 0 0 49 41 0 0 0 -7 0 0 0 0 0 0 0 -4 0 0 0 17 0 0 30 0 0 -24 0 0 0 0 0 0 0 0 0 0 0 0 0 0 -37 16 -16 -27 0 0 2 0 0 0 41 4 0 0 0 0 0 0 0 0 -48 0 0 0 0 22 0 0 -13 0 35 0 25 0 0 0 0 0 0 0 49 0 0 0 34 0 -40 0 0 0 13 0 0 0 0 
0 -25 37 0 0 0 0 0 33 45 0 0 0 0 0 0 0 1 0 0 0 0 -44 -23 0 0 46 0 0 0 0 0 0 0 0 -22 0 0 0 0 13 0 41 0 0 0 0 -33 0 0 0 0 0 -32 0 4 38 0 0 26 0 0 0 0 0 0 0 0 -6 0 0 0 0 0 -48 22 0 -40 0 0 0 0 0 0 -6 0 0 0 0 0 0 14 0 0 0 0 50 46 0 0 
-33 -36 0 -28 18 -9 -12 0 0 0 28 -8 0 0 0 0 -3 0 0 35 0 0 0 -3 0 -22 0 0 0 0 0 0 0 0 0 43 0 0 0 0 13 0 0 0 0 -2 0 0 15 0 0 0 0 0 0 0 0 37 50 0 0 0 0 0 41 0 -31 0 3 0 0 0 44 0 0 0 0 0 -14 0 0 37 34 -43 0 0 0 -17 0 19 0 0 14 0 8 0 -11 0 0 0 
-10 0 0 -10 0 0 0 0 0 0 0 0 -31 0 10 0 0 0 0 -50 0 0 0 -44 0 0 -31 0 0 0 13 0 0 3 -49 0 14 0 0 0 0 0 0 0 0 0 0 -11 -4 0 0 6 0 0 0 0 0 50 28 0 0 0 0 0 0 0 0 0 0 0 0 0 0 0 0 41 0 0 7 0 -36 0 0 0 0 0 0 0 0 30 19 0 -40 -8 0 0 0 0 24 12 
0 0 0 0 0 0 0 0 0 -11 0 0 23 0 0 -36 0 17 0 0 0 0 0 0 0 0 -17 0 0 -35 0 0 0 0 0 0 0 0 0 0 -18 47 0 0 0 0 0 0 0 0 0 0 -23 0 0 0 26 0 0 42 0 -14 0 -46 0 0 0 0 -31 -39 0 0 0 0 0 0 0 0 0 0 0 0 0 23 0 -15 0 0 0 9 0 0 0 0 0 14 0 0 0 0 
0 0 0 0 0 0 0 0 0 33 0 0 0 38 20 0 0 0 0 0 0 0 0 0 0 0 0 0 0 0 0 -31 0 0 0 0 0 0 25 0 0 0 0 5 49 0 0 20 0 0 0 0 0 0 0 0 0 0 0 0 43 0 0 0 0 0 0 0 0 0 0 0 0 0 0 0 -19 0 0 -24 -19 -40 0 0 0 0 0 0 0 0 0 0 27 0 -14 0 43 0 0 0 
0 0 11 0 0 -22 -5 0 0 0 0 0 0 0 0 0 0 0 -47 -2 13 -25 0 -23 49 0 0 -11 0 0 0 0 0 1 0 11 -50 -2 0 0 36 0 0 0 0 0 9 0 0 0 -31 0 -24 0 -47 0 0 0 0 -14 0 17 -17 0 0 0 0 0 0 0 -28 0 0 0 0 0 43 0 0 -27 -41 0 39 0 9 0 0 0 0 0 0 0 0 0 0 0 5 0 0 0 
0 -29 0 0 0 0 47 -40 31 0 0 -34 0 0 0 0 0 -27 0 0 0 0 0 0 0 0 0 21 37 0 0 0 0 0 0 0 -18 0 0 0 16 -8 0 0 0 -44 0 0 -27 0 0 5 0 0 0 0 0 0 0 0 0 -17 41 0 0 -24 26 0 0 0 -12 0 0 -32 0 50 0 0 25 0 0 0 -14 18 40 0 0 0 42 17 0 0 0 0 0 0 0 0 -19 0 
-14 35 0 -9 0 -32 0 0 0 0 21 0 -26 0 0 0 -34 0 0 0 0 -36 4 0 0 0 37 -45 0 0 0 -23 -11 0 0 0 0 0 0 8 37 -40 0 0 0 -39 0 0 25 0 -49 -4 0 0 0 0 0 0 0 -46 0 0 0 7 0 0 0 -22 0 0 1 0 0 19 0 0 26 0 0 -35 0 0 0 0 0 0 0 -5 0 -34 37 0 0 0 44 0 0 0 25 0 
0 0 0 0 -22 0 0 2 0 0 0 0 0 -37 0 0 -9 0 29 0 0 0 0 0 0 0 0 0 0 0 0 0 0 0 -1 0 0 -3 0 0 0 -24 0 -1 0 16 0 38 14 0 0 0 -19 0 0 0 0 41 0 0 0 0 0 0 38 0 0 0 0 0 0 0 0 11 48 -13 0 0 -48 0 0 14 0 -50 5 0 -3 24 0 0 0 0 0 0 0 0 -31 0 19 0 
-12 -47 0 38 -32 0 0 0 47 0 0 0 0 0 0 0 0 0 0 0 0 0 0 0 0 0 0 0 0 -27 0 0 0 0 0 0 0 0 0 0 -1 0 0 32 0 39 0 0 0 -26 0 0 -7 0 0 -48 0 0 0 0 0 0 -24 0 0 32 0 0 0 -8 -16 0 0 32 -27 0 0 0 0 0 0 0 0 0 -38 0 0 0 0 0 0 0 0 0 0 0 0 13 0 0 
44 0 -31 0 0 0 0 -9 42 0 0 0 -18 29 0 -28 0 0 0 0 0 -17 0 0 0 -27 39 26 0 24 0 -18 0 -42 0 0 1 0 -49 0 -24 0 0 8 0 48 23 0 0 -27 44 0 0 -33 0 0 0 -31 0 0 0 0 26 0 0 0 45 -21 0 0 3 0 0 0 0 0 0 0 0 0 0 0 0 0 0 0 31 35 0 35 0 0 18 0 0 0 38 0 20 17 
0 47 7 0 0 0 8 -14 0 0 30 0 0 0 0 0 0 0 -48 0 0 0 0 0 33 0 0 0 0 0 0 0 0 0 0 0 7 -47 0 0 0 0 0 0 3 0 -40 0 0 0 0 -9 -50 0 0 0 0 0 0 0 0 0 0 -22 0 0 -21 29 0 -11 0 38 19 0 0 30 0 0 0 0 0 0 -13 0 0 15 0 0 0 4 0 0 0 0 16 0 0 0 0 -30 
14 0 -42 0 0 0 0 0 0 4 0 27 0 0 0 0 0 0 -43 0 0 0 -42 0 0 0 0 0 0 0 0 0 0 0 0 0 0 0 0 -19 0 0 0 0 -25 -19 0 0 0 0 0 0 4 0 0 0 -6 3 0 -31 0 0 0 0 0 0 0 0 7 0 0 0 0 -20 0 0 0 0 0 0 0 0 0 0 0 0 0 0 0 48 0 0 0 0 0 0 0 0 0 0 
0 0 0 22 21 28 0 23 0 0 44 0 0 0 0 0 0 0 0 0 0 0 0 0 8 0 0 -18 0 -40 0 0 0 0 0 0 0 0 0 0 0 0 0 0 0 0 0 0 0 -34 0 0 0 0 0 0 0 0 0 -39 0 0 0 0 0 -8 0 -11 0 36 0 32 0 0 0 -27 -37 0 0 20 0 0 -26 0 0 24 0 0 -12 0 39 0 0 0 22 0 0 0 0 0 
0 0 46 0 -25 0 -40 27 0 0 0 0 0 39 0 0 0 47 0 27 0 0 0 49 0 31 0 0 -44 0 0 0 0 0 0 0 0 37 0 0 0 0 0 0 3 26 0 49 0 -47 0 0 0 0 0 22 0 0 0 0 0 -28 -12 1 0 -16 3 0 0 0 12 -47 -27 0 38 0 -30 0 0 0 8 -28 0 0 0 0 0 -32 44 0 0 0 0 0 0 0 0 4 -28 0 
0 -20 46 0 29 0 0 0 0 -13 0 -17 0 0 0 0 0 0 0 -33 0 0 0 -36 32 2 -22 0 0 0 0 -9 -19 0 0 6 0 0 -35 0 0 0 0 0 0 0 13 0 0 0 0 0 0 15 0 0 0 0 0 0 0 0 0 0 0 0 0 38 0 32 -47 15 0 0 0 0 0 0 0 0 0 0 31 0 0 0 0 0 0 0 0 0 0 12 -8 0 0 0 0 0 
0 -44 0 0 0 0 0 0 0 0 0 0 0 0 0 0 0 0 0 0 -31 0 0 -25 0 0 6 0 0 0 0 0 -41 0 0 0 -6 3 0 0 0 0 0 0 0 0 3 0 0 0 0 -14 0 34 0 0 0 44 0 0 0 0 0 0 0 0 0 19 0 0 -27 0 29 0 38 19 0 0 25 21 0 0 0 5 0 9 0 0 0 0 42 0 7 0 0 -50 13 0 -27 0 
0 -43 0 0 0 -41 -34 0 0 0 0 0 0 0 -42 49 0 0 0 0 -14 0 39 0 0 7 0 0 32 0 0 0 0 0 0 0 0 0 0 0 0 0 -21 -18 0 0 0 0 0 -12 0 0 0 0 0 -13 0 0 0 0 0 0 -32 19 11 32 0 0 -20 0 0 0 0 3 0 0 0 0 26 -45 0 0 0 -39 24 0 0 0 0 0 0 0 0 -29 0 0 0 0 0 0 
0 0 0 -36 0 0 -11 0 0 33 0 0 0 0 0 0 0 19 6 0 0 0 0 0 0 0 0 0 0 0 0 0 20 0 -3 0 0 0 4 0 46 18 0 -24 0 0 23 0 0 0 0 -39 0 16 0 0 -48 0 0 0 0 0 0 0 48 -27 0 0 0 0 38 0 38 0 18 0 -14 0 0 0 0 0 0 -32 0 0 0 0 0 -32 0 0 0 0 0 2 -5 0 23 0 
0 -17 19 0 0 0 0 -22 0 0 0 0 -25 0 0 -6 11 21 33 -15 31 0 0 0 0 0 0 26 27 0 0 0 0 -50 0 0 0 0 0 30 0 0 0 0 0 -10 0 0 0 -28 -43 0 0 0 0 35 22 0 41 0 0 0 50 0 -13 0 0 30 0 -27 0 0 19 0 0 39 0 0 0 -46 -21 23 0 -47 0 0 0 0 0 0 0 -8 0 0 0 -2 19 -47 0 -46 
0 0 -20 0 0 -40 0 0 0 -45 0 8 0 0 0 0 0 25 0 0 0 0 -1 -36 0 0 0 24 0 0 34 -6 0 0 26 0 0 -32 0 0 0 0 -5 2 0 0 0 -8 0 0 0 0 44 0 0 0 0 0 0 0 -19 43 0 26 0 0 0 0 0 -37 -30 0 0 0 -14 0 35 0 -5 -3 0 0 40 0 -37 0 30 0 0 -22 0 42 0 0 0 0 -5 0 0 -3 
0 0 0 3 0 0 0 0 0 -2 0 0 0 0 0 -30 20 0 0 0 0 0 0 0 0 0 10 0 0 0 0 15 38 -21 0 0 0 0 0 0 0 0 0 0 0 0 -14 0 0 0 0 0 0 0 37 25 -40 0 0 0 0 0 0 0 0 0 0 0 0 0 0 0 0 0 0 0 0 38 0 0 -13 0 0 0 0 0 0 0 0 0 0 11 0 0 0 0 31 9 0 0 
0 0 0 0 0 0 0 0 0 -9 33 0 0 38 0 0 -26 25 39 0 0 12 -29 0 0 34 0 0 0 0 0 0 0 0 0 26 0 0 0 0 0 0 0 0 0 0 0 0 0 27 9 0 0 0 0 0 0 -14 7 0 0 0 25 0 -48 0 0 0 0 0 0 0 25 26 0 0 -5 0 28 0 38 0 0 0 33 0 0 4 0 19 -20 -19 -27 0 0 -44 0 0 0 0 
0 0 49 0 0 0 0 -15 -4 -44 0 0 0 0 24 -33 -35 0 0 0 0 0 -42 0 0 0 0 0 0 0 0 0 -23 0 12 0 40 18 0 0 0 8 0 0 0 0 42 0 0 0 0 0 0 3 0 0 0 0 0 0 -24 -27 0 -35 0 0 0 0 0 20 0 0 21 -45 0 -46 -3 0 0 49 0 -46 -38 -46 0 0 0 6 0 0 48 0 -17 0 0 0 0 0 -22 -34 
0 0 0 30 0 0 -50 0 0 0 0 0 0 0 0 0 0 0 0 10 0 0 41 0 0 0 0 0 0 0 0 0 0 0 0 0 0 0 0 0 48 0 0 0 0 0 0 -41 4 34 25 0 0 0 0 0 0 0 -36 0 -19 -41 0 0 0 0 0 0 0 0 8 0 0 0 0 -21 0 -13 38 0 37 0 0 0 0 0 0 -32 0 0 0 0 0 0 35 0 0 0 1 0 
0 0 0 0 -10 0 0 0 16 0 0 0 0 0 0 -10 0 0 0 0 0 0 50 -8 0 0 0 0 0 0 0 0 0 0 0 0 -29 0 -6 0 0 16 -39 0 0 0 36 0 0 -42 0 0 -47 -46 8 0 0 37 0 0 -40 0 0 0 14 0 0 0 0 0 -28 0 0 0 0 23 0 0 0 -46 0 42 -36 0 0 0 0 0 36 0 0 0 0 50 0 0 0 14 0 0 
-10 0 0 0 0 0 0 34 39 0 0 0 41 0 0 0 0 0 0 0 0 26 0 0 0 0 -33 0 0 0 0 0 0 0 0 -32 0 0 0 0 0 2 0 0 0 0 0 49 0 0 0 0 0 0 -3 0 0 34 0 0 0 39 -14 0 0 0 0 -13 0 -26 0 31 0 0 0 0 40 0 0 -38 0 -36 14 -34 0 0 42 -13 0 39 0 0 0 0 0 12 0 15 0 0 
0 0 0 0 0 24 0 0 0 0 0 0 -32 30 29 -25 0 0 0 0 0 -48 0 0 0 0 0 0 0 0 0 48 0 0 0 0 0 0 25 0 -34 0 0 0 -22 -40 0 4 0 0 0 0 0 0 0 0 0 -43 0 23 0 0 18 0 -50 0 0 0 0 0 0 0 5 -39 -32 -47 0 0 0 -46 0 0 -34 23 0 0 0 0 0 0 0 0 0 0 0 0 0 0 -32 49 
0 -11 -23 0 0 0 1 -31 0 6 0 0 0 11 0 0 0 -14 0 0 0 0 0 0 0 0 0 0 -32 0 4 0 0 -50 0 0 0 0 0 0 -22 0 0 0 0 0 -23 -45 0 0 0 0 -46 -29 0 0 -6 0 0 0 0 9 40 0 5 -38 0 0 0 0 0 0 0 24 0 0 -37 0 33 0 0 0 0 0 25 0 0 -14 0 0 0 0 0 0 0 0 0 -15 0 28 
0 0 0 -37 0 0 0 0 -29 0 42 24 0 0 0 0 0 0 0 0 0 0 0 0 0 0 0 38 0 0 -15 0 0 0 0 -17 0 0 0 -43 0 0 0 0 0 0 -27 0 0 0 0 0 -2 0 -22 49 0 0 0 -15 0 0 0 0 0 0 0 15 0 24 0 0 9 0 0 0 0 0 0 0 0 0 0 0 0 43 0 38 0 0 -25 0 20 0 49 0 0 0 24 0 
0 0 0 0 -5 0 0 0 0 0 0 5 0 0 0 0 0 0 0 -47 0 0 0 19 0 0 0 0 0 0 0 0 0 0 0 -7 0 -37 0 23 0 0 0 20 0 0 0 0 0 0 0 0 0 -5 -17 0 0 0 0 0 0 0 0 0 -3 0 31 0 0 0 0 0 0 0 0 0 30 0 0 0 0 0 42 0 0 0 2 -25 31 0 0 32 0 -40 0 0 0 0 0 0 
0 0 23 0 0 0 0 0 3 0 0 50 0 0 0 0 0 0 0 0 4 0 -36 0 15 3 -21 0 0 0 0 0 -40 0 0 31 0 1 21 0 0 0 0 3 31 0 21 0 0 0 1 15 0 0 37 0 0 -17 0 0 0 0 0 -5 24 0 35 0 0 0 -32 0 0 0 0 0 0 0 4 6 -32 0 -13 0 -14 38 -25 20 0 0 36 0 0 -29 -37 16 0 12 42 0 
0 0 -13 0 0 0 0 0 0 0 0 0 0 -36 0 0 0 0 0 9 0 0 -50 0 11 0 0 0 31 -33 0 0 0 0 0 0 -45 0 0 0 0 0 0 0 38 0 34 0 0 -26 0 0 -13 31 0 0 0 0 0 0 0 0 42 0 0 0 0 0 0 -12 44 0 0 0 0 0 0 0 0 0 0 36 0 0 0 0 31 0 5 0 0 0 0 1 0 0 0 0 0 11 
0 0 0 0 0 0 0 0 49 12 2 28 0 0 -46 48 0 0 0 0 0 0 49 0 0 0 -3 0 0 0 12 0 0 0 0 0 -25 0 -35 0 -24 0 0 25 -12 0 0 0 0 -13 0 0 0 0 0 34 0 19 30 9 0 0 17 -34 0 0 35 4 48 0 0 0 0 0 -32 0 -22 0 19 0 0 0 39 0 0 0 0 0 0 23 -3 0 -25 -6 -25 0 0 0 0 22 
0 0 -44 0 0 0 0 0 0 0 0 0 0 0 0 0 0 0 0 29 0 -35 0 0 -45 0 -29 0 -9 -38 0 0 0 0 0 0 0 0 0 0 0 6 43 0 0 0 0 -12 0 0 0 0 18 0 0 0 0 0 19 0 0 0 0 37 0 0 0 0 0 39 0 0 42 0 0 0 0 0 -20 48 0 0 0 0 0 -25 0 36 0 -3 49 0 0 6 0 0 0 0 32 0 
0 0 0 0 0 0 0 0 0 -28 0 0 0 0 0 0 0 0 -39 0 0 0 0 0 7 0 0 0 0 -25 0 0 0 0 0 0 0 0 44 -35 0 0 8 0 0 -32 8 -12 -9 0 0 0 0 0 0 -40 14 0 0 0 0 0 0 0 0 0 0 0 0 0 0 0 0 0 0 -8 42 11 -19 0 0 0 0 0 0 0 32 0 0 0 0 47 0 0 0 35 0 0 44 -4 
0 0 0 0 0 0 0 5 0 30 1 0 0 0 0 0 0 -11 34 36 0 0 0 6 0 0 2 40 0 0 0 -39 0 0 0 0 0 0 18 -49 0 0 0 -15 0 0 0 0 8 0 0 0 0 0 0 0 0 14 -40 0 27 0 0 0 0 0 18 0 0 0 0 0 7 0 0 0 0 0 -27 -17 0 0 0 0 0 20 0 0 0 -25 0 0 12 0 0 0 0 11 0 -41 
0 0 0 30 17 0 0 2 0 0 0 0 0 0 0 0 0 0 0 0 0 0 0 47 0 0 0 0 3 0 0 -6 0 0 0 0 0 0 0 0 0 -28 0 0 0 0 0 33 0 0 0 0 -28 -24 0 0 0 0 -8 0 0 0 0 0 0 0 0 0 0 0 0 12 0 -29 0 0 0 0 0 0 0 50 0 0 0 0 -40 -29 1 -6 6 0 0 41 27 0 -9 0 0 -11 
44 0 -42 0 -36 25 0 38 0 0 29 0 0 0 0 0 0 27 0 0 0 0 -20 0 2 0 0 0 0 0 0 0 0 0 36 1 0 -7 0 0 0 -22 0 0 0 0 43 0 0 0 0 0 12 0 0 0 0 8 0 0 -14 0 0 44 0 0 0 16 0 22 0 -8 0 0 0 0 0 0 0 0 35 0 0 0 0 49 0 -37 0 -25 0 0 0 27 17 0 0 33 0 0 
-11 0 0 0 0 0 0 0 0 0 0 0 -48 -34 38 0 30 0 0 -19 -27 0 0 0 0 0 0 0 0 0 0 0 0 0 -29 0 -3 0 0 0 5 0 0 21 0 46 32 1 0 0 8 -8 0 0 0 13 0 0 0 14 0 0 0 0 0 0 0 0 0 0 0 0 -50 0 2 -2 0 0 -44 0 0 0 12 0 0 0 0 16 0 0 0 35 0 0 0 40 22 -12 0 -49 
0 -29 0 0 0 -28 0 0 0 0 0 0 0 0 3 -4 39 0 0 0 8 0 0 0 0 0 0 0 0 4 0 0 0 -6 0 0 0 0 0 0 0 0 0 0 0 0 0 0 0 34 0 0 0 -2 0 0 50 -11 0 0 43 5 0 0 -31 0 38 0 0 0 0 0 13 0 -5 19 -5 31 0 0 0 0 0 0 0 0 0 0 0 0 0 0 0 -9 0 22 20 0 0 44 
0 0 0 42 0 0 -39 0 0 -39 0 0 0 31 14 19 -15 -22 -4 0 0 0 0 0 0 0 0 0 -2 0 0 24 0 0 0 0 -8 20 0 0 0 0 0 0 0 44 0 0 0 0 0 0 0 0 -48 0 46 0 0 0 0 0 0 0 0 13 0 0 0 0 4 0 0 0 0 -47 0 9 0 0 0 14 15 0 -15 0 0 12 0 0 0 0 11 0 33 -12 0 34 -28 0 
0 0 0 0 0 0 0 0 0 0 0 41 0 0 0 0 -41 -26 0 0 0 0 -14 17 -16 0 0 0 0 23 0 0 0 0 48 0 0 42 0 0 0 0 0 0 0 0 -48 -41 0 0 0 0 0 0 0 0 0 0 24 0 0 0 -19 25 19 0 20 0 0 0 -28 0 -27 0 23 0 0 0 0 -22 1 0 0 -32 0 24 0 42 0 0 32 44 0 0 0 0 0 -28 41 0 
0 0 -46 38 0 0 17 0 0 0 5 0 4 0 29 0 9 0 0 0 0 48 46 0 0 0 0 0 0 -9 0 0 0 0 0 -27 27 45 0 0 -24 21 39 0 -4 -8 0 0 0 0 -42 -43 0 0 0 0 0 0 12 0 0 0 0 0 0 0 17 -30 0 0 0 0 0 0 0 -46 -3 0 0 -34 0 0 0 49 28 0 0 0 11 22 0 -4 -41 -11 0 -49 44 0 0 36 
