100
-40 15 24 -40 14 27 36 24 2 -23 -13 -31 -5 -13 0 22 26 -41 -2 28 42 -40 -9 10 3 3 -15 -15 -15 -30 13 -8 -3 36 43 -42 49 9 -34 -29 5 -46 -10 24 -28 15 -39 -47 31 -42 42 28 -24 18 -15 -20 28 -7 28 -28 -1 8 8 -17 -30 37 50 -44 50 42 -23 -27 -21 -8 47 43 21 18 33 -18 4 29 -8 -42 -27 -19 13 50 40 -39 -39 -26 7 -22 -30 -38 6 -27 -46 -19 
34 0 0 0 0 34 0 0 0 0 34 0 0 0 0 0 2 0 0 0 0 33 0 0 0 -25 0 0 0 0 0 0 0 0 0 48 0 0 28 0 0 0 19 0 0 0 0 -31 0 0 0 0 30 0 -10 0 0 31 -33 0 0 0 44 0 0 0 0 0 0 -30 0 -37 -6 0 0 -28 0 0 8 -7 -35 0 0 0 0 0 0 49 0 0 0 0 0 0 -35 -24 0 0 1 0 
0 30 0 0 0 0 14 0 0 -29 48 0 0 0 -20 0 -30 0 0 2 0 1 0 0 0 -25 0 -21 0 -6 0 0 0 6 0 0 -40 0 41 0 0 0 -10 0 0 0 0 0 0 -1 0 0 0 31 0 0 0 0 0 0 0 0 0 0 0 0 50 0 0 0 0 0 0 0 0 0 0 30 0 -18 0 0 34 0 0 35 32 0 -14 0 0 0 11 0 0 0 0 0 0 0 
0 0 25 0 0 0 45 12 17 15 0 0 0 0 0 37 30 0 0 22 -1 -41 0 0 0 -49 0 -8 0 0 0 0 0 0 0 0 0 0 -17 0 3 26 0 0 0 39 0 -40 0 0 -41 0 0 0 0 35 0 0 0 0 0 0 0 37 0 0 0 -4 0 10 0 24 0 0 0 0 0 0 0 0 46 0 0 0 0 0 3 0 0 0 0 0 0 -26 -44 0 0 -14 7 -11 
0 0 0 25 0 0 0 0 0 0 0 8 8 0 0 12 -16 -25 0 0 0 0 0 0 0 12 0 11 -16 0 0 0 0 0 0 -25 0 0 -2 0 -19 0 0 0 -8 0 0 -19 0 0 0 27 -29 0 42 0 0 0 0 0 0 0 0 0 2 0 -4 0 9 0 0 0 0 0 -20 0 -14 0 0 0 -25 0 7 -7 0 0 -13 0 0 0 -19 0 -15 0 0 0 0 -41 0 0 
0 0 0 0 13 0 0 0 -37 0 0 0 0 0 0 35 0 -7 0 0 0 0 0 -11 0 0 0 0 0 -27 0 0 0 -30 0 0 0 0 0 0 0 26 0 -10 0 0 0 0 22 0 0 0 0 0 -2 0 0 0 -4 46 0 0 0 0 39 0 0 0 0 0 0 0 0 0 0 30 0 -11 0 -13 0 0 0 0 18 0 0 0 0 0 -7 0 0 0 0 13 2 0 0 -9 
34 0 0 0 0 5 0 0 0 -34 0 0 0 0 0 0 0 0 0 -36 0 0 0 0 0 0 -40 0 0 0 0 -44 0 0 0 14 0 37 0 0 0 47 0 0 0 -10 0 0 0 0 0 0 -22 0 0 -39 0 -48 0 0 0 0 0 0 -5 0 0 0 0 0 0 7 0 6 0 -37 0 32 38 0 0 -41 0 0 -4 -23 3 0 0 0 21 -8 0 0 0 0 0 0 0 0 
0 14 45 0 0 0 40 0 0 16 -22 0 46 0 0 0 -34 0 0 0 0 0 29 41 0 0 0 0 0 0 0 -7 0 0 0 0 0 0 -17 0 -7 0 14 0 0 33 0 0 -21 0 0 0 -33 0 -15 0 0 0 0 0 0 -21 16 0 0 0 -41 23 0 0 0 -49 0 0 -18 0 0 18 0 0 0 0 0 25 0 -3 0 0 26 0 -42 0 0 0 0 44 29 0 0 0 
0 0 12 0 0 0 0 5 0 -31 -21 22 0 0 0 0 0 0 46 0 45 0 20 0 13 14 19 0 0 0 0 0 0 0 -25 0 0 0 0 27 0 0 -23 0 0 0 0 0 46 0 42 0 0 0 0 0 0 0 0 -8 0 0 -2 0 29 0 41 0 -6 0 0 0 0 0 26 0 -16 0 0 -47 0 0 0 39 0 0 0 0 0 0 0 0 0 -36 30 -33 0 0 -12 0 
0 0 17 0 -37 0 0 0 23 0 -18 0 0 0 0 20 0 -48 0 0 0 0 0 0 0 0 23 0 21 0 0 0 33 0 0 0 0 0 -28 -18 0 0 0 0 0 0 0 0 0 0 0 0 -18 0 0 33 0 0 35 0 0 0 0 0 0 0 0 0 0 0 -29 10 0 0 10 0 0 43 6 13 39 0 0 0 0 0 0 0 0 0 25 0 -39 0 20 0 0 0 -42 0 
0 -29 15 0 0 -34 16 -31 0 32 0 9 0 0 0 0 44 18 45 0 0 -9 0 0 -8 0 0 0 -13 49 0 0 0 0 0 0 0 0 21 1 0 0 0 0 0 0 0 0 0 -31 0 0 0 0 0 -4 -34 0 0 0 0 0 0 0 13 0 9 0 0 0 0 0 -40 0 34 0 0 0 -38 0 0 0 0 0 -3 -7 -36 0 0 0 0 -1 0 0 0 0 -47 0 0 -21 
34 48 0 0 0 0 -22 -21 -18 0 27 33 0 -20 0 0 0 0 0 0 0 -37 0 0 0 29 0 0 0 0 0 -40 0 0 0 0 0 0 0 0 0 0 0 0 0 0 0 0 0 0 0 0 -11 0 0 0 0 0 0 0 41 0 26 41 0 0 0 0 -20 0 50 0 0 0 -50 0 0 0 0 0 30 0 0 0 0 0 0 -27 0 0 6 0 43 0 0 0 0 40 0 0 
0 0 0 8 0 0 0 22 0 9 33 48 0 0 0 0 0 0 0 0 0 23 0 0 0 0 0 0 0 0 -17 0 0 40 0 0 20 0 0 2 0 0 0 0 0 0 0 -9 0 0 0 0 -1 -49 0 12 0 0 0 0 0 0 0 0 0 0 10 0 0 0 0 0 -12 0 0 0 0 0 0 0 0 0 0 9 23 0 0 0 0 0 0 17 -12 0 0 -7 0 -47 0 0 
0 0 0 8 0 0 46 0 0 0 0 0 19 0 0 0 0 0 2 5 0 27 0 0 46 16 0 0 -9 0 0 0 -10 0 0 0 0 0 0 0 -2 0 14 0 0 0 0 0 0 0 16 0 0 0 0 0 0 35 0 0 -16 0 0 0 19 0 0 0 0 0 0 0 0 0 0 0 -16 0 0 0 0 0 0 0 0 0 0 0 0 0 0 0 0 0 0 -29 0 15 0 7 
0 0 0 0 0 0 0 0 0 0 -20 0 0 8 0 0 0 0 -30 0 0 -42 0 0 0 17 0 0 -16 0 11 0 0 0 0 0 0 0 0 18 0 0 0 30 0 -49 0 0 0 0 15 -34 0 0 0 23 -47 0 0 47 0 -15 0 0 0 0 1 0 0 0 0 0 0 40 0 -18 0 0 -1 0 0 0 0 0 0 -21 0 0 -1 -33 0 0 0 0 0 48 0 0 0 48 
0 -20 0 0 0 0 0 0 0 0 0 0 0 0 12 -14 0 16 0 0 0 17 0 0 0 0 -33 0 0 0 0 0 0 0 0 0 -2 0 0 0 0 0 -7 32 0 0 -36 0 0 0 0 0 10 6 -9 0 -23 0 -47 0 0 0 10 0 0 0 0 -11 0 0 0 0 0 -13 0 0 0 0 -50 0 0 0 0 0 0 0 -30 0 0 12 0 25 0 0 0 0 0 -36 0 0 
0 0 37 12 35 0 0 0 20 0 0 0 0 0 -14 18 0 0 0 0 -15 -8 -4 0 -32 0 0 0 0 0 0 0 24 0 0 0 -14 0 0 -2 -19 -3 0 0 0 0 0 0 0 0 0 0 0 0 0 -50 0 0 0 -46 0 0 0 5 0 0 38 0 0 0 0 0 0 0 0 0 0 0 0 0 0 0 0 0 4 0 0 0 0 -48 -2 0 0 0 0 0 0 0 0 -12 
2 -30 30 -16 0 0 -34 0 0 44 0 0 0 0 0 0 37 26 0 -40 49 0 30 0 0 0 0 1 -39 0 1 0 11 0 0 0 0 0 48 0 0 0 -49 13 0 0 2 0 0 0 0 0 26 0 -36 3 0 0 0 0 0 -14 0 -31 0 0 -22 0 0 -42 -23 0 0 0 0 0 0 0 0 4 0 -30 0 0 0 0 22 0 0 0 0 0 0 0 0 0 0 0 32 0 
0 0 0 -25 -7 0 0 0 -48 18 0 0 0 0 16 0 26 17 0 43 0 0 2 0 0 0 0 0 0 0 0 0 0 0 0 0 0 0 -21 38 0 -8 0 0 0 0 -23 0 0 0 0 0 0 0 0 0 0 0 -22 0 0 0 0 0 0 0 0 0 31 0 0 0 0 0 0 4 -10 0 0 44 0 0 0 0 0 0 0 -23 0 0 0 0 0 0 0 0 -50 -24 0 21 
0 0 0 0 0 0 0 46 0 45 0 0 2 -30 0 0 0 0 29 0 0 0 0 0 45 0 0 0 0 -33 0 19 0 0 0 -29 0 -45 -16 0 0 0 0 -36 27 -46 0 0 0 0 0 0 0 0 34 0 0 0 0 0 0 0 0 0 0 0 0 0 0 0 38 0 -22 0 0 0 0 0 0 0 0 0 0 12 0 0 0 0 0 0 36 0 0 29 0 0 0 10 10 0 
0 2 22 0 0 -36 0 0 0 0 0 0 5 0 0 0 -40 43 0 23 0 0 0 -34 0 0 0 0 0 0 0 0 0 0 0 -10 0 0 0 -28 0 -6 0 0 0 0 38 0 -31 0 0 0 -50 0 0 0 -32 0 0 0 0 0 0 0 0 7 27 0 31 0 0 0 0 0 0 0 0 0 0 22 0 36 0 0 7 0 0 0 0 0 -41 0 0 0 15 -39 0 0 0 -37 
0 0 -1 0 0 0 0 45 0 0 0 0 0 0 0 -15 49 0 0 0 24 -45 0 0 0 0 0 0 0 0 0 0 37 0 -29 0 0 0 0 0 0 0 0 0 0 0 0 -10 -46 34 0 0 -23 0 -42 0 0 0 0 0 0 0 0 0 0 0 0 0 0 0 -46 0 0 0 0 0 0 34 0 27 0 0 0 -3 0 0 0 0 -37 0 0 0 0 0 0 -41 0 -3 34 0 
33 1 -41 0 0 0 0 0 0 -9 -37 23 27 -42 17 -8 0 0 0 0 -45 18 0 0 0 0 0 0 15 0 -41 0 4 0 43 0 0 -17 0 0 -49 0 0 0 0 0 0 0 -5 -15 0 -46 0 0 0 0 0 -16 0 0 0 0 0 0 0 0 4 0 0 -28 0 -29 0 0 0 0 0 0 -19 0 0 21 12 13 0 0 17 0 0 0 0 0 0 0 0 29 0 0 0 0 
0 0 0 0 0 0 29 20 0 0 0 0 0 0 0 -4 30 2 0 0 0 0 25 0 12 0 0 0 0 39 0 0 0 0 0 0 -25 -39 0 -21 0 41 0 0 0 0 0 0 0 0 -32 0 0 0 -36 38 0 0 0 0 0 0 25 0 0 0 -14 0 0 10 0 0 0 0 0 0 0 0 0 -47 0 0 0 0 0 0 42 0 3 0 -3 0 0 0 0 0 -39 0 47 0 
0 0 0 0 -11 0 41 0 0 0 0 0 0 0 0 0 0 0 0 -34 0 0 0 21 -49 -27 0 0 0 0 0 -33 0 0 0 -8 0 0 12 0 -45 0 0 0 0 0 0 41 -1 0 -31 0 0 11 0 0 0 0 0 0 0 0 0 0 -5 0 0 -14 17 -44 0 0 0 0 0 20 0 0 0 0 11 0 4 0 0 0 12 -1 37 7 -49 0 2 0 0 -11 1 0 18 -38 
0 0 0 0 0 0 0 13 0 -8 0 0 46 0 0 -32 0 0 45 0 0 0 12 -49 9 0 0 -25 0 0 0 0 0 0 0 -29 0 49 -4 -9 0 0 0 44 0 0 0 0 0 0 0 0 0 0 0 0 0 8 0 -25 8 -4 0 0 0 0 0 0 0 0 0 0 0 0 0 0 -36 0 0 0 0 0 5 0 0 0 45 0 24 0 0 0 0 35 0 0 0 0 0 0 
-25 -25 -49 12 0 0 0 14 0 0 29 0 16 17 0 0 0 0 0 0 0 0 0 -27 0 50 0 0 20 16 0 -3 -49 0 0 0 0 37 0 0 0 0 0 -4 0 0 -18 0 0 0 0 0 -19 0 0 0 32 0 0 0 0 -27 46 19 0 0 0 0 -1 0 0 0 0 0 43 0 0 0 0 0 0 0 0 0 0 0 0 0 44 7 12 0 0 0 46 7 0 0 0 0 
0 0 0 0 0 -40 0 19 23 0 0 0 0 0 -33 0 0 0 0 0 0 0 0 0 0 0 30 -15 0 0 0 -4 0 -34 0 36 3 0 0 9 -50 0 0 0 0 0 6 0 0 1 0 -26 0 0 0 -38 0 0 0 -4 0 -14 0 0 11 -7 0 0 -47 0 7 0 0 0 0 0 0 0 8 0 0 -22 -18 0 0 0 0 -25 0 5 0 0 18 -19 0 50 0 0 46 0 
0 -21 -8 11 0 0 0 0 0 0 0 0 0 0 0 0 1 0 0 0 0 0 0 0 -25 0 -15 2 0 20 0 0 0 48 -7 0 0 0 0 0 0 13 0 7 0 0 0 0 0 0 0 0 0 29 0 0 0 0 0 0 0 0 0 48 0 0 15 0 0 0 0 -7 0 -3 -26 0 0 3 0 0 0 0 0 0 45 -17 -2 0 0 -38 49 47 24 0 0 0 1 0 -28 0 
0 0 0 -16 0 0 0 0 21 -13 0 0 -9 -16 0 0 -39 0 0 0 0 15 0 0 0 20 0 0 31 -46 0 0 0 -32 0 11 0 0 0 12 0 0 0 -40 -40 -23 0 0 0 0 0 31 29 0 0 0 0 -7 4 0 0 0 -12 0 0 0 0 -17 0 0 -17 0 0 0 0 0 0 0 -28 46 -41 0 0 0 0 0 0 0 0 42 -44 0 -34 0 31 0 0 0 0 0 
0 -6 0 0 -27 0 0 0 0 49 0 0 0 0 0 0 0 0 -33 0 0 0 39 0 0 16 0 20 -46 26 0 0 -42 0 0 23 0 0 38 0 19 0 0 -14 0 0 0 0 0 -27 0 0 0 0 0 5 -36 0 0 -50 0 0 0 0 0 0 26 0 0 0 0 0 0 0 0 0 0 0 0 0 0 0 0 -38 43 0 0 0 0 0 0 0 0 11 0 50 0 42 0 0 
0 0 0 0 0 0 0 0 0 0 0 -17 0 11 0 0 1 0 0 0 0 -41 0 0 0 0 0 0 0 0 45 -23 -28 39 -35 0 0 0 0 0 -24 0 22 -8 0 0 0 0 -31 0 0 0 0 0 6 0 0 0 0 0 0 0 0 0 0 -35 0 -17 0 0 -35 0 18 0 0 0 0 4 0 0 0 0 0 0 0 0 0 -49 0 0 0 0 0 0 15 -45 -31 -16 0 0 
0 0 0 0 0 -44 -7 0 0 0 -40 0 0 0 0 0 0 0 19 0 0 0 0 -33 0 -3 -4 0 0 0 -23 15 -24 0 0 0 0 0 44 0 0 8 0 0 -17 0 0 0 0 0 0 0 17 0 0 -34 0 0 11 0 0 0 -4 0 0 0 0 0 -26 0 -12 0 0 0 48 33 33 0 -17 -33 -5 0 0 7 0 0 0 0 22 4 0 48 0 0 -47 0 0 0 -27 0 
0 0 0 0 0 0 0 0 33 0 0 0 -10 0 0 24 11 0 0 0 37 4 0 0 0 -49 0 0 0 -42 -28 -24 4 0 -8 0 0 0 0 0 0 -30 0 0 -17 0 0 0 0 0 0 40 48 -2 0 0 0 0 0 0 49 0 0 32 0 0 -20 0 0 0 0 0 0 13 35 0 0 5 0 0 0 0 0 0 0 0 0 -21 0 28 0 0 0 0 0 0 0 0 0 0 
0 6 0 0 -30 0 0 0 0 0 0 40 0 0 0 0 0 0 0 0 0 0 0 0 0 0 -34 48 -32 0 39 0 0 6 7 0 0 0 0 0 0 0 0 -44 0 0 0 0 0 0 0 -34 0 0 22 0 0 0 0 0 21 0 0 0 0 0 0 -43 0 0 0 -47 0 28 0 0 0 0 0 0 -36 2 -30 0 -9 0 0 0 -25 0 0 0 1 -26 0 -26 0 0 0 49 
0 0 0 0 0 0 0 -25 0 0 0 0 0 0 0 0 0 0 0 0 -29 43 0 0 0 0 0 -7 0 0 -35 0 -8 7 13 -21 0 0 4 50 0 0 -13 0 0 0 0 0 0 0 0 0 0 0 0 0 0 0 0 0 0 0 12 0 0 0 24 0 0 0 25 0 0 0 0 -12 0 0 0 0 0 0 -3 0 0 0 0 0 0 0 -15 0 0 0 0 0 0 -36 28 0 
48 0 0 -25 0 14 0 0 0 0 0 0 0 0 0 0 0 0 -29 -10 0 0 0 -8 -29 0 36 0 11 23 0 0 0 0 -21 45 0 0 0 -3 0 0 0 47 0 -13 0 0 0 0 -50 7 0 0 0 -4 0 0 0 0 0 0 0 0 0 0 0 0 -38 0 0 0 47 0 0 0 0 40 0 -46 0 0 0 0 0 0 5 0 -21 0 49 0 0 0 0 0 0 0 -46 0 
0 -40 0 0 0 0 0 0 0 0 0 20 0 0 -2 -14 0 0 0 0 0 0 -25 0 0 0 3 0 0 0 0 0 0 0 0 0 11 0 0 45 47 0 0 31 0 0 0 0 0 -46 0 0 0 0 0 -50 0 0 0 0 22 -31 -10 0 28 19 0 0 41 0 0 0 0 0 0 -46 -39 0 0 0 0 0 16 0 0 0 0 0 0 0 -2 0 -49 38 0 0 0 0 0 0 
0 0 0 0 0 37 0 0 0 0 0 0 0 0 0 0 0 0 -45 0 0 -17 -39 0 49 37 0 0 0 0 0 0 0 0 0 0 0 8 0 0 0 0 0 0 33 0 -1 0 0 0 0 0 0 0 0 0 -9 -32 7 0 50 0 0 0 0 0 0 0 35 0 0 43 0 0 -12 -25 0 0 0 -44 32 0 0 0 0 0 0 0 0 0 0 0 0 7 0 0 0 0 -34 0 
28 41 -17 -2 0 0 -17 0 -28 21 0 0 0 0 0 0 48 -21 -16 0 0 0 0 12 -4 0 0 0 0 38 0 44 0 0 4 0 0 0 39 0 0 0 0 0 0 0 0 0 0 0 0 0 0 0 0 22 0 -32 0 0 0 0 6 0 0 0 0 0 0 0 -42 -13 -2 0 22 0 -42 13 0 0 0 0 0 -7 0 24 0 -9 0 0 0 0 0 0 0 0 -41 0 0 0 
0 0 0 0 0 0 0 27 -18 1 0 2 0 18 0 -2 0 38 0 -28 0 0 -21 0 -9 0 9 0 12 0 0 0 0 0 50 -3 45 0 0 12 20 0 0 0 50 0 0 0 0 0 17 0 0 0 0 0 45 0 0 -18 0 0 0 0 0 0 -32 0 0 0 0 0 -49 0 0 0 0 0 0 -12 10 9 0 0 0 0 0 47 0 0 0 26 0 0 0 8 0 0 0 0 
0 0 3 -19 0 0 -7 0 0 0 0 0 -2 0 0 -19 0 0 0 0 0 -49 0 -45 0 0 -50 0 0 19 -24 0 0 0 0 0 47 0 0 20 18 0 0 0 37 0 -48 0 0 0 0 0 0 0 0 45 0 0 0 0 0 0 0 0 0 0 0 29 0 0 -31 0 -10 0 0 -49 13 0 0 -32 -8 0 0 0 0 0 0 0 7 0 0 0 0 0 -5 0 0 0 0 0 
0 0 26 0 26 47 0 0 0 0 0 0 0 0 0 -3 0 -8 0 -6 0 0 41 0 0 0 0 13 0 0 0 8 -30 0 0 0 0 0 0 0 0 19 0 0 0 0 0 0 0 0 -9 -19 -33 0 0 0 0 0 0 35 0 0 0 0 -9 -43 0 0 0 0 0 -10 0 0 -47 0 0 0 0 0 0 0 0 15 0 -23 -8 0 0 0 43 -10 0 0 0 -6 0 0 0 0 
19 -10 0 0 0 0 14 -23 0 0 0 0 14 0 -7 0 -49 0 0 0 0 0 0 0 0 0 0 0 0 0 22 0 0 0 -13 0 0 0 0 0 0 0 27 0 0 0 0 0 0 0 0 0 0 20 0 0 0 0 4 0 0 7 0 20 19 -26 0 0 -22 0 0 0 0 0 0 0 0 0 -20 -15 0 0 0 0 -31 0 0 -10 0 0 -2 0 0 0 0 0 0 -35 0 10 
0 0 0 0 -10 0 0 0 0 0 0 0 0 30 32 0 13 0 -36 0 0 0 0 0 44 -4 0 7 -40 -14 -8 0 0 -44 0 47 31 0 0 0 0 0 0 29 0 -43 18 0 0 0 0 0 0 0 0 0 48 -18 0 0 0 0 0 0 0 0 0 0 0 0 0 0 0 0 0 11 -41 37 -6 0 0 0 0 0 0 0 0 0 0 0 -13 0 -5 36 0 0 0 -47 0 0 
0 0 0 -8 0 0 0 0 0 0 0 0 0 0 0 0 0 0 27 0 0 0 0 0 0 0 0 0 -40 0 0 -17 -17 0 0 0 0 33 0 50 37 0 0 0 14 0 0 17 0 0 0 -19 35 -30 0 0 44 0 0 0 0 0 0 -19 0 0 0 8 0 0 0 -34 0 0 -13 -16 0 0 0 0 -29 0 0 0 0 3 -18 0 0 0 0 0 0 0 0 -10 13 0 0 0 
0 0 39 0 0 -10 33 0 0 0 0 0 0 -49 0 0 0 0 -46 0 0 0 0 0 0 0 0 0 -23 0 0 0 0 0 0 -13 0 0 0 0 0 0 0 -43 0 7 -24 0 6 0 0 0 0 0 0 0 0 0 0 0 0 3 0 0 0 -1 0 0 0 24 0 0 0 0 0 0 0 42 0 0 0 0 3 -49 14 0 0 0 0 0 -21 0 0 0 -21 0 24 0 0 28 
0 0 0 0 0 0 0 0 0 0 0 0 0 0 -36 0 2 -23 0 38 0 0 0 0 0 -18 6 0 0 0 0 0 0 0 0 0 0 -1 0 0 -48 0 0 18 0 -24 23 14 0 0 0 0 0 0 0 0 0 -7 0 0 -16 -45 0 -41 0 0 41 0 0 0 0 0 0 -20 0 47 0 26 0 0 0 0 -47 0 3 0 0 0 0 0 0 0 14 29 -42 0 18 0 -35 0 
-31 0 -40 -19 0 0 0 0 0 0 0 -9 0 0 0 0 0 0 0 0 -10 0 0 41 0 0 0 0 0 0 0 0 0 0 0 0 0 0 0 0 0 0 0 0 17 0 14 27 0 0 31 0 0 0 0 0 -25 0 0 0 50 0 0 0 0 0 0 0 0 0 0 0 0 0 0 0 0 0 -24 0 11 24 0 0 36 0 0 0 25 -24 0 0 0 0 36 0 9 0 3 0 
0 0 0 0 22 0 -21 46 0 0 0 0 0 0 0 0 0 0 0 -31 -46 -5 0 -1 0 0 0 0 0 0 -31 0 0 0 0 0 0 0 0 0 0 0 0 0 0 6 0 0 43 50 -27 35 27 0 0 0 0 0 0 28 0 0 30 0 0 0 0 0 -9 0 0 0 0 0 0 0 21 0 35 0 11 31 0 -40 0 0 0 3 0 0 0 0 0 0 0 4 0 0 0 0 
0 -1 0 0 0 0 0 0 0 -31 0 0 0 0 0 0 0 0 0 0 34 -15 0 0 0 0 1 0 0 -27 0 0 0 0 0 0 -46 0 0 0 0 0 0 0 0 0 0 0 50 42 -31 -30 0 -2 0 0 0 0 0 0 0 0 0 0 0 0 0 0 0 0 0 -49 0 0 16 0 0 0 0 -15 0 0 0 0 14 0 0 0 -34 0 0 0 0 0 0 0 19 0 0 -23 
0 0 -41 0 0 0 0 42 0 0 0 0 16 15 0 0 0 0 0 0 0 0 -32 -31 0 0 0 0 0 0 0 0 0 0 0 -50 0 0 0 17 0 -9 0 0 0 0 0 31 -27 -31 51 0 0 -18 0 38 -11 0 0 0 -14 -9 0 0 0 0 0 0 20 0 0 0 0 -48 0 0 0 -28 0 -12 0 0 -44 0 0 37 0 0 28 0 -36 1 0 0 0 0 0 0 0 0 
0 0 0 27 0 0 0 0 0 0 0 0 0 -34 0 0 0 0 0 0 0 -46 0 0 0 0 -26 0 31 0 0 0 40 -34 0 7 0 0 0 0 0 -19 0 0 -19 0 0 0 35 -30 0 25 29 0 0 16 0 0 0 0 0 -25 0 0 0 3 -11 0 0 0 -33 0 0 0 -29 0 0 0 -38 6 0 0 0 -35 0 0 0 0 0 0 0 0 0 0 0 0 0 0 0 0 
30 0 0 -29 0 -22 -33 0 -18 0 -11 -1 0 0 10 0 26 0 0 -50 -23 0 0 0 0 -19 0 0 29 0 0 17 48 0 0 0 0 0 0 0 0 -33 0 0 35 0 0 0 27 0 0 29 20 0 -45 0 0 0 -39 0 -34 -29 0 0 0 0 0 0 28 0 0 0 0 0 0 0 -17 0 0 0 -35 30 0 0 17 0 0 0 0 6 -2 -29 -24 0 0 0 3 0 0 0 
0 31 0 0 0 0 0 0 0 0 0 -49 0 0 6 0 0 0 0 0 0 0 0 11 0 0 0 29 0 0 0 0 -2 0 0 0 0 0 0 0 0 0 20 0 -30 0 0 0 0 -2 -18 0 0 17 0 0 0 29 26 0 0 0 0 39 0 -4 32 0 0 0 0 -2 0 0 0 0 0 31 0 0 0 0 35 0 0 -41 -45 -12 0 0 0 0 39 0 0 0 -36 0 -33 0 
-10 0 0 42 -2 0 -15 0 0 0 0 0 0 0 -9 0 -36 0 34 0 -42 0 -36 0 0 0 0 0 0 0 6 0 0 22 0 0 0 0 0 0 0 0 0 0 0 0 0 0 0 0 0 0 -45 0 3 0 0 0 0 0 0 0 16 1 -49 0 0 -10 -3 5 0 0 0 0 0 0 0 -44 0 -30 0 0 0 14 0 0 0 13 0 0 -4 0 0 37 -41 19 0 0 0 0 
0 0 35 0 0 -39 0 0 33 -4 0 12 0 23 0 -50 3 0 0 0 0 0 38 0 0 0 -38 0 0 5 0 -34 0 0 0 -4 -50 0 22 0 45 0 0 0 0 0 0 0 0 0 38 16 0 0 0 11 0 0 0 0 0 0 0 -14 0 26 9 0 0 0 0 0 0 0 0 0 0 0 0 0 0 0 0 -39 0 0 -48 0 0 0 0 0 0 0 -14 15 -41 7 0 0 
0 0 0 0 0 0 0 0 0 -34 0 0 0 -47 -23 0 0 0 0 -32 0 0 0 0 0 32 0 0 0 -36 0 0 0 0 0 0 0 -9 0 45 0 0 0 48 44 0 0 -25 0 0 -11 0 0 0 0 0 21 -39 0 -22 0 0 26 0 -19 45 0 0 0 0 0 26 0 0 0 0 0 50 0 0 0 42 0 -36 0 0 0 0 -48 0 0 0 0 0 0 0 -36 0 42 0 
31 0 0 0 0 -48 0 0 0 0 0 0 35 0 0 0 0 0 0 0 0 -16 0 0 8 0 0 0 -7 0 0 0 0 0 0 0 0 -32 -32 0 0 0 0 -18 0 0 -7 0 0 0 0 0 0 29 0 0 -39 3 0 0 -24 0 0 0 43 0 0 0 0 0 -34 49 0 0 -35 0 0 0 0 0 0 0 0 0 0 0 0 0 2 0 0 0 20 0 42 0 0 37 0 0 
-33 0 0 0 -4 0 0 0 35 0 0 0 0 0 -47 0 0 -22 0 0 0 0 0 0 0 0 0 0 4 0 0 11 0 0 0 0 0 7 0 0 0 0 4 0 0 0 0 0 0 0 0 0 -39 26 0 0 0 0 28 0 0 27 0 0 0 0 0 42 0 0 -31 0 0 0 0 0 0 0 -18 0 0 0 0 -35 -4 0 0 0 -40 -33 0 -19 0 0 0 -12 0 0 0 0 
0 0 0 0 46 0 0 -8 0 0 0 0 0 47 0 -46 0 0 0 0 0 0 0 0 -25 0 -4 0 0 -50 0 0 0 0 0 0 0 0 0 -18 0 35 0 0 0 0 0 0 28 0 0 0 0 0 0 0 -22 0 0 3 -43 -4 0 0 0 -7 0 0 0 -12 0 0 47 0 0 0 0 0 0 38 0 0 0 0 0 -23 0 3 0 0 0 0 0 0 0 0 0 0 0 49 
0 0 0 0 0 0 0 0 0 0 41 0 -16 0 0 0 0 0 0 0 0 0 0 0 8 0 0 0 0 0 0 0 49 21 0 0 22 50 0 0 0 0 0 0 0 0 -16 50 0 0 -14 0 -34 0 0 0 0 -24 0 -43 49 31 -19 0 0 0 0 0 0 0 0 0 0 -38 0 -12 0 0 0 0 0 0 0 25 -26 0 7 0 0 0 13 46 -24 0 0 0 0 0 0 0 
0 0 0 0 0 0 -21 0 0 0 0 0 0 -15 0 0 -14 0 0 0 0 0 0 0 -4 -27 -14 0 0 0 0 0 0 0 0 0 -31 0 0 0 0 0 7 0 0 3 -45 0 0 0 -9 -25 -29 0 0 0 0 0 27 -4 31 9 0 0 0 -20 0 0 0 0 0 0 0 0 0 -26 0 -28 -6 1 0 0 5 0 6 0 0 0 0 0 -24 28 0 0 0 0 0 0 -36 47 
44 0 0 0 0 0 16 -2 0 0 26 0 0 0 10 0 0 0 0 0 0 0 25 0 0 46 0 0 -12 0 0 -4 0 0 12 0 -10 0 6 0 0 0 0 0 0 0 0 0 30 0 0 0 0 0 16 0 26 0 0 0 -19 0 43 0 0 0 0 -25 0 0 0 0 0 0 0 0 0 0 0 0 -37 0 -5 0 -18 0 0 0 0 0 7 0 0 11 0 0 0 0 0 0 
0 0 37 0 0 0 0 0 0 0 41 0 0 0 0 5 -31 0 0 0 0 0 0 0 0 19 0 48 0 0 0 0 32 0 0 0 0 0 0 0 0 0 20 0 -19 0 -41 0 0 0 0 0 0 39 1 -14 0 0 0 0 0 0 0 41 0 0 16 0 0 34 0 0 0 0 0 47 0 0 0 0 0 0 0 36 0 0 0 -29 0 0 0 0 29 0 0 0 0 0 0 0 
0 0 0 2 39 -5 0 29 0 13 0 0 19 0 0 0 0 0 0 0 0 0 0 -5 0 0 11 0 0 0 0 0 0 0 0 0 28 0 0 0 0 -9 19 0 0 0 0 0 0 0 0 0 0 0 -49 0 -19 43 0 0 0 0 0 0 21 -34 -38 -37 0 -16 0 37 0 0 22 0 0 0 17 0 21 0 0 43 0 47 0 24 0 29 44 0 0 0 0 0 0 0 0 0 
0 0 0 0 0 0 0 0 0 0 0 0 0 0 0 0 0 0 0 7 0 0 0 0 0 0 -7 0 0 0 -35 0 0 0 0 0 19 0 0 0 0 -43 -26 0 0 -1 0 0 0 0 0 3 0 -4 0 26 45 0 0 -7 0 -20 0 0 -34 6 0 36 0 -45 0 0 0 0 0 18 -18 0 0 0 0 6 0 0 0 0 0 0 0 0 28 0 0 0 0 38 47 0 -12 0 
0 50 0 -4 0 0 -41 41 0 9 0 10 0 1 0 38 -22 0 0 27 0 4 -14 0 0 0 0 15 0 26 0 0 -20 0 24 0 0 0 0 -32 0 0 0 0 0 0 41 0 0 0 0 -11 0 32 0 9 0 0 0 0 0 0 0 16 -38 0 23 0 0 0 0 0 0 0 6 0 -18 21 0 0 22 0 0 0 0 -16 0 0 0 0 -32 0 42 0 0 26 26 0 -45 0 
0 0 -4 0 0 0 23 0 0 0 0 0 0 0 -11 0 0 0 0 0 0 0 0 -14 0 0 0 0 -17 0 -17 0 0 -43 0 0 0 0 0 0 29 0 0 0 8 0 0 0 0 0 0 0 0 0 -10 0 0 0 42 0 0 0 -25 0 -37 36 0 21 0 0 -2 0 0 0 0 33 0 0 0 0 0 0 43 23 0 0 0 0 0 0 0 0 0 0 25 0 -39 0 0 0 
0 0 0 9 0 0 0 -6 0 0 -20 0 0 0 0 0 0 31 0 31 0 0 0 17 0 -1 -47 0 0 0 0 -26 0 0 0 -38 41 35 0 0 0 0 -22 0 0 0 0 0 -9 0 20 0 28 0 -3 0 0 0 0 0 0 0 0 0 0 0 0 0 26 0 -4 46 0 0 0 -40 -28 0 -35 0 36 0 0 42 0 -31 0 0 0 0 0 46 14 0 0 0 0 0 0 0 
-30 0 10 0 0 0 0 0 0 0 0 0 0 0 0 0 -42 0 0 0 0 -28 10 -44 0 0 0 0 0 0 0 0 0 0 0 0 0 0 0 0 0 0 0 0 0 24 0 0 0 0 0 0 0 0 5 0 0 0 0 -12 0 0 0 34 -16 -45 0 0 0 11 0 -48 -33 0 0 23 -28 0 36 0 0 0 0 0 0 0 31 0 0 -50 0 0 0 0 0 0 0 0 0 0 
0 0 0 0 0 0 0 0 -29 0 50 0 0 0 0 0 -23 0 38 0 -46 0 0 0 0 0 7 0 -17 0 -35 -12 0 0 25 0 0 0 -42 0 -31 0 0 0 0 0 0 0 0 0 0 -33 0 0 0 0 0 -34 -31 0 0 0 0 0 0 0 0 -2 -4 0 47 0 0 0 -35 0 0 0 0 0 0 0 0 0 0 0 -11 0 0 0 0 -9 0 0 0 0 -6 0 -12 0 
-37 0 24 0 0 7 -49 0 10 0 0 0 0 0 0 0 0 0 0 0 0 -29 0 0 0 0 0 -7 0 0 0 0 0 -47 0 0 0 43 -13 0 0 -10 0 0 -34 0 0 0 0 -49 0 0 0 -2 0 0 26 49 0 0 0 0 0 0 37 0 0 0 46 -48 0 11 -40 0 -31 -28 23 -8 0 0 0 -22 0 0 0 -22 0 0 32 0 0 0 0 0 0 0 0 0 0 0 
-6 0 0 0 0 0 0 0 0 -40 0 -12 0 0 0 0 0 0 -22 0 0 0 0 0 0 0 0 0 0 0 18 0 0 0 0 47 0 0 -2 -49 -10 0 0 0 0 0 0 0 0 0 0 0 0 0 0 0 0 0 0 47 0 0 0 0 0 0 0 0 0 -33 0 -40 15 -19 0 0 0 0 -40 0 29 0 0 30 0 0 0 29 0 0 -33 0 0 0 -9 -14 0 0 0 -39 
0 0 0 0 0 6 0 0 0 0 0 0 0 40 -13 0 0 0 0 0 0 0 0 0 0 0 0 -3 0 0 0 0 13 28 0 0 0 0 0 0 0 0 0 0 0 0 -20 0 0 0 -48 0 0 0 0 0 0 0 0 0 -38 0 0 0 0 0 0 0 0 0 0 0 -19 47 -7 8 9 0 0 0 0 0 -8 0 0 0 0 0 0 0 0 0 0 0 0 0 0 0 0 0 
0 0 0 -20 0 0 -18 26 10 34 -50 0 0 0 0 0 0 0 0 0 0 0 0 0 0 43 0 -26 0 0 0 48 35 0 0 0 0 -12 22 0 0 -47 0 0 -13 0 0 0 0 16 0 -29 0 0 0 0 0 -35 0 0 0 0 0 0 22 0 6 0 0 0 -35 -31 0 -7 42 -5 -45 0 0 -43 0 0 0 0 0 20 37 0 0 0 0 38 0 0 0 44 0 0 32 0 
-28 0 0 0 30 -37 0 0 0 0 0 0 0 -18 0 0 0 4 0 0 0 0 0 20 0 0 0 0 0 0 0 33 0 0 -12 0 -46 -25 0 0 -49 0 0 11 -16 0 47 0 0 0 0 0 0 0 0 0 0 0 0 0 -12 -26 0 47 0 18 0 33 -40 23 0 -28 0 8 -5 31 -8 0 0 0 0 0 0 0 0 -18 -21 0 0 0 0 0 0 0 -13 0 0 0 0 -37 
0 0 0 -14 0 0 0 -16 0 0 0 0 -16 0 0 0 0 -10 0 0 0 0 0 0 -36 0 0 0 0 0 0 33 0 0 0 0 -39 0 -42 0 13 0 0 -41 0 0 0 0 21 0 0 0 -17 0 0 0 0 0 0 0 0 0 0 0 0 -18 -18 0 -28 -28 0 23 0 9 -45 -8 15 0 0 0 0 0 0 0 -26 0 0 0 -35 0 0 0 0 0 0 0 0 0 27 35 
0 30 0 0 -11 32 18 0 43 0 0 0 0 0 0 0 0 0 0 0 34 0 0 0 0 0 0 3 0 0 4 0 5 0 0 40 0 0 13 0 0 0 0 37 0 42 26 0 0 0 -28 0 0 31 -44 0 50 0 0 0 0 -28 0 0 0 0 21 0 0 0 0 -8 0 0 0 0 0 32 0 -45 36 32 37 0 19 -37 -41 50 -28 0 3 0 28 0 0 0 0 0 0 -30 
8 0 0 0 0 38 0 0 6 -38 0 0 0 -1 -50 0 0 0 0 0 0 -19 0 0 0 0 8 0 -28 0 0 -17 0 0 0 0 0 0 0 0 0 0 -20 -6 0 0 0 -24 35 0 0 -38 0 0 0 0 0 0 -18 0 0 -6 0 0 17 0 0 0 -35 36 0 0 -40 0 0 0 0 0 32 24 0 0 0 0 0 47 0 0 -35 0 0 0 0 -13 0 0 0 0 0 0 
-7 -18 0 0 -13 0 0 -47 13 0 0 0 0 0 0 0 4 44 0 22 27 0 -47 0 0 0 0 0 46 0 0 -33 0 0 0 -46 0 -44 0 -12 -32 0 -15 0 0 0 0 0 0 -15 -12 6 0 0 -30 0 0 0 0 38 0 1 0 0 0 0 0 0 0 0 0 0 0 0 -43 0 0 -45 24 33 0 0 0 17 0 0 0 0 0 0 0 0 0 2 0 0 0 -3 0 0 
-35 0 46 -25 0 0 0 0 39 0 30 0 0 0 0 0 0 0 0 0 0 0 0 11 0 0 0 0 -41 0 0 -5 0 -36 0 0 0 32 0 10 -8 0 0 0 -29 0 0 11 11 0 0 0 -35 0 0 0 0 0 0 0 0 0 -37 0 21 0 22 0 36 0 0 0 29 0 0 0 0 36 0 0 26 0 0 0 0 0 0 0 -27 -50 0 0 0 0 0 0 0 0 0 0 
0 0 0 0 0 -41 0 0 0 0 0 0 0 0 0 0 -30 0 0 36 0 21 0 0 0 0 -22 0 0 0 0 0 0 2 0 0 0 0 0 9 0 0 0 0 0 0 0 24 31 0 0 0 30 0 0 0 42 0 0 0 0 0 0 0 0 6 0 0 0 0 0 -22 0 0 0 0 0 32 0 0 0 47 0 0 0 0 0 0 -10 0 0 31 0 49 -27 0 0 -38 -31 0 
0 34 0 7 0 0 0 0 0 0 0 0 0 0 0 0 0 0 0 0 0 12 0 4 5 0 -18 0 0 0 0 0 0 -30 -3 0 16 0 0 0 0 0 0 0 0 3 -47 0 0 0 -44 0 0 35 0 0 0 0 0 0 0 5 -5 0 0 0 0 43 0 0 0 0 0 -8 0 0 0 37 0 0 0 0 29 0 -17 0 -20 0 0 0 0 -11 -25 0 0 0 11 0 0 0 
0 0 0 -7 0 0 25 39 0 0 0 9 0 0 0 0 0 0 12 0 -3 13 0 0 0 0 0 0 0 -38 0 7 0 0 0 0 0 0 -7 0 0 15 0 0 0 -49 0 0 -40 0 0 -35 0 0 14 -39 -36 0 -35 0 25 0 0 36 43 0 0 23 42 0 0 0 30 0 0 0 0 0 0 17 0 0 0 20 0 -2 -44 0 0 0 0 0 0 0 0 0 0 0 0 0 
0 0 0 0 18 -4 0 0 0 -3 0 23 0 0 0 4 0 0 0 7 0 0 0 0 0 0 0 45 0 43 0 0 0 -9 0 0 0 0 0 0 0 0 -31 0 0 14 3 36 0 14 0 0 17 0 0 0 0 0 -4 0 -26 6 -18 0 0 0 0 0 0 0 0 0 0 0 0 0 -26 19 0 0 0 0 -17 0 39 0 -30 0 0 0 0 0 -10 0 0 0 23 0 0 0 
0 35 0 0 0 -23 -3 0 0 -7 0 0 0 -21 0 0 0 0 0 0 0 0 0 0 0 0 0 -17 0 0 0 0 0 0 0 0 0 0 24 0 0 -23 0 0 3 0 0 0 0 0 37 0 0 -41 0 0 0 0 0 -23 0 0 0 0 47 0 -16 0 -31 0 0 -22 0 0 20 -18 0 -37 47 0 0 0 0 -2 0 50 -49 0 -15 0 0 0 0 0 0 -41 0 10 0 0 
0 32 3 -13 0 3 0 0 0 -36 0 0 0 0 -30 0 22 0 0 0 0 17 42 12 45 0 0 -2 0 0 0 0 0 0 0 5 0 0 0 0 0 -8 0 0 -18 0 0 0 0 0 0 0 0 -45 0 -48 0 0 0 0 7 0 0 0 0 0 0 0 0 31 -11 0 0 0 37 -21 0 -41 0 0 0 0 -20 -44 -30 -49 18 0 27 0 48 0 0 0 0 0 0 0 0 0 
49 0 0 0 0 0 0 0 0 0 -27 0 0 0 0 0 0 -23 0 0 0 0 0 -1 0 0 -25 0 0 0 -49 0 -21 0 0 0 0 0 -9 47 0 0 -10 0 0 0 0 0 3 0 0 0 0 -12 13 0 0 0 0 3 0 0 0 -29 24 0 0 0 0 0 0 0 29 0 0 0 0 50 0 0 0 0 0 0 0 0 0 42 -36 0 0 0 -4 0 0 0 0 0 0 0 
0 -14 0 0 0 0 26 0 0 0 0 0 0 -1 0 0 0 0 0 0 -37 0 3 37 24 44 0 0 0 0 0 22 0 -25 0 -21 0 0 0 0 7 0 0 0 0 0 0 25 0 -34 28 0 0 0 0 0 -48 2 -40 0 0 0 0 0 0 0 0 0 0 0 0 32 0 0 0 0 -35 -28 -35 0 -27 -10 0 0 0 -15 27 -36 1 0 0 0 0 -27 0 0 0 0 0 0 
0 0 0 0 0 0 0 0 0 0 0 0 0 -33 12 -48 0 0 0 0 0 0 0 7 0 7 5 -38 42 0 0 4 28 0 0 0 0 0 0 0 0 0 0 0 0 0 0 -24 0 0 0 0 6 0 0 0 0 0 -33 0 0 0 0 0 29 0 0 0 0 -50 0 0 0 0 0 0 0 0 0 0 -50 0 0 0 0 0 0 0 0 37 42 0 0 0 25 0 0 -31 -32 0 
0 0 0 -19 -7 21 -42 0 25 0 6 0 0 0 0 -2 0 0 36 -41 0 0 -3 -49 0 12 0 49 -44 0 0 0 0 0 -15 49 -2 0 0 0 0 43 -2 -13 0 -21 0 0 0 0 -36 0 -2 0 -4 0 0 0 0 0 13 -24 7 0 44 28 -32 0 0 0 0 0 -33 0 0 0 0 3 0 0 0 0 0 0 0 0 48 0 0 42 16 -36 0 0 -21 0 0 0 0 0 
0 0 0 0 0 -8 0 0 0 -1 0 17 0 0 25 0 0 0 0 0 0 0 0 0 0 0 0 47 0 0 0 48 0 0 0 0 0 0 0 26 0 -10 0 0 0 0 0 0 0 0 1 0 -29 0 0 0 0 0 -19 0 46 28 0 0 0 0 0 0 46 0 -9 0 0 0 38 0 0 0 0 0 0 31 -11 0 0 0 0 0 0 0 -36 6 0 0 0 2 -40 0 0 0 
0 11 0 -15 0 0 0 0 -39 0 43 -12 0 0 0 0 0 0 0 0 0 0 0 2 0 0 18 24 -34 0 0 0 0 1 0 0 -49 0 0 0 0 0 0 -5 0 0 14 0 0 0 0 0 -24 39 0 0 0 20 0 0 -24 0 0 29 0 0 42 0 14 0 0 0 0 0 0 0 0 28 0 0 0 0 -25 0 -10 0 0 -4 0 0 0 0 43 0 0 -7 0 -19 39 0 
0 0 -26 0 0 0 0 -36 0 0 0 0 0 0 0 0 0 0 29 0 0 0 0 0 35 0 -19 0 0 11 0 0 0 -26 0 0 38 7 0 0 0 0 0 36 0 0 29 0 0 0 0 0 0 0 37 0 0 0 0 0 0 0 11 0 0 0 0 0 0 0 0 0 0 0 0 0 0 0 -13 2 0 49 0 0 0 0 0 0 -27 0 0 0 0 12 0 35 0 8 50 0 
-35 0 -44 0 0 0 0 30 20 0 0 0 0 0 0 0 0 0 0 15 0 0 0 0 0 46 0 0 31 0 15 -47 0 0 0 0 0 0 0 0 -5 0 0 0 0 -21 -42 36 0 0 0 0 0 0 -41 -14 0 42 0 0 0 0 0 0 0 0 0 25 0 0 0 0 -9 0 0 -13 0 0 0 0 0 -27 0 0 0 0 0 0 0 25 -21 0 0 0 17 -3 0 0 0 0 
-24 0 0 0 13 0 44 -33 0 0 0 -7 -29 48 0 0 0 0 0 -39 -41 29 0 -11 0 7 50 0 0 50 -45 0 0 -26 0 0 0 0 0 8 0 -6 0 0 -10 0 0 0 4 0 0 0 0 0 19 15 0 0 -12 0 0 0 0 0 0 38 26 0 0 0 0 0 -14 0 44 0 0 0 0 0 0 0 0 0 0 -41 0 0 0 0 0 2 -7 35 -3 6 0 0 0 25 
0 0 0 0 2 0 29 0 0 -47 0 0 0 0 0 0 0 -50 0 0 0 0 -39 1 0 0 0 1 0 0 -31 0 0 0 0 0 0 0 -41 0 0 0 0 0 13 24 18 9 0 19 0 0 3 -36 0 -41 -36 0 0 0 0 0 0 0 0 47 26 -39 0 0 -6 0 0 0 0 0 0 0 0 0 0 0 11 0 23 0 0 0 0 0 0 -40 0 0 0 0 13 0 0 -45 
0 0 -14 -41 0 0 0 0 0 0 40 -47 15 0 -36 0 0 -24 10 0 -3 0 0 0 0 0 0 0 0 42 -16 0 0 0 -36 0 0 0 0 0 0 0 -35 -47 0 0 0 0 0 0 0 0 0 0 0 7 0 37 0 0 0 0 0 0 0 0 0 0 0 0 0 0 0 0 0 0 0 0 0 -3 0 -38 0 0 0 10 0 0 0 -31 0 0 -19 8 0 0 0 8 30 16 
1 0 7 0 0 0 0 -12 -42 0 0 0 0 0 0 0 32 0 10 0 34 0 47 18 0 0 46 -28 0 0 0 -27 0 0 28 -46 0 -34 0 0 0 0 0 0 0 0 -35 3 0 0 0 0 0 -33 0 0 42 0 0 0 0 -36 0 0 0 -12 -45 0 0 0 -12 0 0 0 32 0 27 0 0 0 0 -31 0 0 0 0 0 0 0 -32 0 0 39 50 0 0 0 30 47 0 
0 0 -11 0 -9 0 0 0 0 -21 0 0 7 48 0 -12 0 21 0 -37 0 0 0 -38 0 0 0 0 0 0 0 0 0 49 0 0 0 0 0 0 0 0 10 0 0 28 0 0 0 -23 0 0 0 0 0 0 0 0 0 49 0 47 0 0 0 0 0 0 0 0 0 0 -39 0 0 -37 35 -30 0 0 0 0 0 0 0 0 0 0 0 0 0 0 0 0 0 25 -45 16 0 2 
