70
7 -27 7 -25 -26 -32 21 30 -9 39 12 -31 15 27 6 -48 -18 31 24 -44 -17 38 22 -18 37 -8 11 -11 3 26 -43 28 -47 -15 16 -49 -21 35 10 -28 -12 1 -38 -43 15 32 12 -42 -43 23 29 42 38 -13 -41 16 38 -15 5 -33 -12 -45 -41 -40 -35 39 47 -50 -48 -2 
19 0 -41 0 17 0 38 0 0 -9 0 0 0 0 31 8 0 0 0 0 0 0 0 15 0 0 28 0 7 0 25 15 36 0 0 0 0 25 0 0 0 0 0 0 -30 0 0 0 0 0 0 22 0 0 0 0 0 -33 -10 0 0 0 0 -14 0 -12 44 0 14 0 
0 47 -16 0 0 0 -8 25 0 0 0 0 0 0 0 0 0 0 31 29 0 0 0 0 -13 -24 12 0 0 0 0 0 0 0 0 0 0 0 -8 17 0 0 48 0 0 0 27 0 0 0 0 0 0 0 0 0 -25 -36 0 0 0 0 -29 35 0 -47 0 47 0 0 
-41 -16 30 0 0 0 0 0 -49 0 43 0 0 0 0 0 -13 0 0 0 0 0 -25 0 0 -7 4 22 -27 0 0 10 0 -3 43 0 -4 0 -21 -41 0 0 0 0 0 0 0 0 0 -26 0 0 44 0 0 0 37 0 0 0 0 11 0 0 0 0 -31 7 -42 0 
0 0 0 47 -30 0 0 0 0 4 0 0 0 -48 0 -1 0 0 0 -8 0 0 0 0 0 14 46 0 0 -16 0 0 0 0 0 0 0 0 0 0 -27 -28 0 0 0 0 -23 -32 0 0 0 0 0 0 7 0 0 -28 -10 0 0 0 0 -9 0 38 0 0 0 22 
17 0 0 -30 41 0 0 0 -24 0 0 0 0 -48 0 0 26 0 0 0 0 0 0 27 0 0 0 2 0 0 0 0 0 0 0 0 0 0 0 -12 -8 0 0 0 0 4 0 0 0 -42 0 0 0 0 0 0 0 18 0 0 0 0 0 0 -22 -32 0 0 0 21 
0 0 0 0 0 28 0 0 0 0 0 45 0 36 -44 0 -24 0 0 0 0 0 0 0 -6 0 0 0 0 0 0 0 0 0 0 0 -16 15 17 0 0 -37 -2 38 0 0 0 0 0 0 0 0 12 0 35 0 0 -9 0 0 0 -22 0 -32 0 0 0 0 0 28 
38 -8 0 0 0 0 7 -5 7 0 0 0 43 0 -46 -49 0 0 0 48 0 0 -40 0 0 0 0 0 7 0 27 0 0 0 0 0 0 0 0 0 -3 35 0 35 0 0 5 0 0 19 0 0 31 0 0 0 0 -12 0 0 0 -5 47 0 0 0 0 8 0 0 
0 25 0 0 0 0 -5 3 9 0 0 0 0 0 -28 -1 14 0 0 0 0 0 0 0 0 0 -35 0 0 -19 0 0 44 0 0 0 0 -7 0 38 28 0 0 0 0 0 0 0 0 -49 -2 0 0 0 0 49 0 0 0 0 0 0 -40 0 2 0 -9 -14 0 23 
0 0 -49 0 -24 0 7 9 40 0 0 0 0 0 0 0 0 0 0 0 0 -12 0 0 -25 0 12 0 0 0 0 0 0 0 0 0 0 0 -42 0 0 0 0 0 0 0 0 36 0 0 0 0 0 0 -36 41 33 0 0 0 0 0 31 0 0 47 42 0 0 0 
-9 0 0 4 0 0 0 0 0 24 0 41 -37 -22 0 0 0 0 0 0 0 49 12 0 0 0 0 0 0 0 0 0 0 0 0 0 0 0 0 0 -1 0 0 14 0 0 0 0 0 0 0 0 0 0 0 0 45 0 0 -11 33 0 0 0 0 0 0 0 4 0 
0 0 43 0 0 0 0 0 0 0 50 0 0 0 -43 0 0 0 0 0 0 31 0 0 0 0 0 0 0 0 -29 0 0 -7 47 9 0 0 0 0 46 0 0 0 0 0 -23 0 44 0 36 44 0 0 -13 0 0 28 0 0 0 0 0 21 0 0 0 30 0 44 
0 0 0 0 0 45 0 0 0 41 0 48 0 0 0 0 24 0 0 0 -7 0 0 0 0 0 0 0 0 -48 -36 34 0 0 0 0 1 0 27 0 0 0 0 0 0 0 0 -45 0 0 0 0 0 0 0 0 0 -8 0 0 0 0 -34 0 0 0 0 0 27 0 
0 0 0 0 0 0 43 0 0 -37 0 0 38 0 0 0 0 0 0 0 0 0 25 0 1 -43 0 8 0 0 0 -11 0 0 -36 0 0 0 0 0 0 0 0 0 0 0 0 -19 0 30 0 0 0 4 49 -7 0 0 -31 23 0 0 0 -26 0 0 -18 0 0 0 
0 0 0 -48 -48 36 0 0 0 -22 0 0 0 47 -25 0 0 -38 0 0 0 0 2 0 30 -44 0 0 -41 0 -39 0 0 0 22 0 0 0 -49 0 0 25 26 0 0 0 0 -21 44 0 -42 33 0 0 4 0 0 0 0 0 38 0 0 0 -37 0 29 0 0 0 
31 0 0 0 0 -44 -46 -28 0 0 -43 0 0 -25 20 0 0 1 9 0 0 -3 0 0 0 0 0 0 -5 17 0 41 0 0 0 0 0 0 0 0 0 0 0 0 0 0 0 0 0 0 0 13 0 0 0 0 0 0 10 0 20 0 0 0 0 0 0 0 0 0 
8 0 0 -1 0 0 -49 -1 0 0 0 0 0 0 0 50 -27 45 0 0 0 0 -18 41 9 -48 -33 0 0 0 0 0 0 0 0 0 0 0 0 0 0 0 0 -7 0 -5 0 0 0 0 0 0 0 0 -3 0 0 0 0 -36 0 0 0 0 0 0 -28 0 0 0 
0 0 -13 0 26 -24 0 14 0 0 0 24 0 0 0 -27 49 0 0 0 0 9 0 0 0 0 32 0 0 0 -27 0 0 0 0 0 -3 42 0 0 0 26 -33 0 0 0 0 0 0 0 0 0 0 0 0 0 0 -3 0 0 0 0 0 -34 -9 0 0 0 0 0 
0 0 0 0 0 0 0 0 0 0 0 0 0 -38 1 45 0 49 0 0 0 0 0 0 0 0 -24 -13 48 0 42 0 0 7 0 -49 0 46 -35 0 45 -17 0 0 -39 43 0 0 0 0 15 0 49 0 0 0 1 0 0 17 0 0 -27 0 0 0 0 0 0 0 
0 31 0 0 0 0 0 0 0 0 0 0 0 0 9 0 0 0 51 0 0 0 0 0 0 0 0 0 0 0 0 -30 0 0 0 0 0 0 -39 0 0 0 0 0 0 0 -43 0 -6 0 -19 0 0 0 0 0 0 0 0 0 0 -47 0 0 29 0 0 -48 -43 0 
0 29 0 -8 0 0 48 0 0 0 0 0 0 0 0 0 0 0 0 10 0 0 0 0 0 0 0 0 0 -2 0 1 28 0 0 0 0 0 0 0 37 0 0 0 0 0 -49 0 45 0 0 0 0 0 0 0 0 35 -50 0 0 -2 0 0 0 0 0 0 0 0 
0 0 0 0 0 0 0 0 0 0 0 -7 0 0 0 0 0 0 0 0 40 0 0 0 0 0 0 0 0 0 0 0 0 35 0 0 14 0 0 0 0 0 0 0 0 0 0 26 0 0 0 0 0 0 0 -4 0 0 0 0 0 13 0 0 0 0 0 0 0 0 
0 0 0 0 0 0 0 0 -12 49 31 0 0 0 -3 0 9 0 0 0 0 50 0 0 0 0 0 0 0 0 0 0 -38 0 0 0 0 2 0 0 0 0 0 -43 12 0 35 0 0 0 0 -37 0 0 0 0 0 0 0 0 0 -25 0 -36 0 0 -17 0 0 0 
0 0 -25 0 0 0 -40 0 0 12 0 0 25 2 0 -18 0 0 0 0 0 0 39 -15 0 0 0 -42 0 0 0 29 -20 0 -18 -16 0 7 0 0 0 0 0 0 0 0 0 0 0 0 0 -33 42 -12 0 0 -44 0 0 0 0 0 0 4 0 0 0 0 -42 0 
15 0 0 0 27 0 0 0 0 0 0 0 0 0 0 41 0 0 0 0 0 0 -15 40 21 0 0 -19 -15 0 0 49 0 0 -9 22 0 13 0 0 0 0 -39 14 0 0 0 0 0 0 0 28 0 -21 0 0 -23 -3 -44 0 0 -23 0 0 0 0 0 0 0 0 
0 -13 0 0 0 -6 0 0 -25 0 0 0 1 30 0 9 0 0 0 0 0 0 0 21 21 0 0 11 0 0 0 7 0 0 -9 0 0 0 0 -46 0 0 0 0 38 0 0 0 0 0 0 -26 0 0 29 17 0 0 0 0 0 49 0 0 0 0 0 33 0 8 
0 -24 -7 14 0 0 0 0 0 0 0 0 -43 -44 0 -48 0 0 0 0 0 0 0 0 0 16 0 0 0 0 0 29 0 0 0 0 0 0 0 0 0 22 32 0 0 -24 0 0 13 0 0 0 0 0 0 0 0 -22 0 0 0 0 0 0 0 0 -27 0 0 0 
28 12 4 46 0 0 0 -35 12 0 0 0 0 0 0 -33 32 -24 0 0 0 0 0 0 0 0 9 0 0 0 48 3 -21 0 0 0 0 0 0 20 -37 0 0 0 0 48 0 -28 0 0 0 0 0 0 0 0 46 0 -31 -17 0 0 0 37 0 0 39 0 0 0 
0 0 22 0 2 0 0 0 0 0 0 0 8 0 0 0 0 -13 0 0 0 0 -42 -19 11 0 0 39 0 0 -30 0 0 49 0 0 0 0 -43 0 0 9 0 -11 0 16 0 0 0 0 0 0 0 0 -3 30 0 0 0 0 0 -11 21 -45 0 0 26 0 0 -18 
7 0 -27 0 0 0 7 0 0 0 0 0 0 -41 -5 0 0 48 0 0 0 0 0 -15 0 0 0 0 28 0 0 5 0 -18 0 -8 0 0 0 0 0 -30 0 0 0 -29 0 0 -1 47 40 0 0 0 0 0 0 0 0 0 0 0 37 0 0 0 0 0 0 0 
0 0 0 -16 0 0 0 -19 0 0 0 -48 0 0 17 0 0 0 0 -2 0 0 0 0 0 0 0 0 0 19 0 26 0 0 0 0 50 0 0 0 0 0 -27 0 0 0 -4 0 0 0 0 45 0 0 0 0 0 0 0 -35 0 0 0 0 0 -27 24 0 0 -40 
25 0 0 0 0 0 27 0 0 0 -29 -36 0 -39 0 0 -27 42 0 0 0 0 0 0 0 0 48 -30 0 0 50 0 0 33 0 0 -30 0 0 0 -21 -20 0 0 0 -11 0 0 0 0 0 0 0 0 0 -24 0 0 13 0 0 0 0 0 0 0 0 0 0 0 
15 0 10 0 0 0 0 0 0 0 0 34 -11 0 41 0 0 0 -30 1 0 0 29 49 7 29 3 0 5 26 0 28 0 0 0 13 0 -13 0 -37 0 50 -48 0 -26 0 39 0 0 0 0 0 0 0 0 0 0 0 0 0 -31 0 0 -23 0 0 -18 0 0 0 
36 0 0 0 0 0 0 44 0 0 0 0 0 0 0 0 0 0 0 28 0 -38 -20 0 0 0 -21 0 0 0 0 0 3 0 0 0 12 23 0 -17 0 0 0 0 -20 0 0 38 0 0 -34 0 -46 0 0 0 0 0 0 0 0 0 0 -11 0 0 0 0 0 0 
0 0 -3 0 0 0 0 0 0 0 -7 0 0 0 0 0 0 7 0 0 35 0 0 0 0 0 0 49 -18 0 33 0 0 6 0 0 -22 0 0 11 40 0 0 0 0 0 0 0 19 -42 0 0 -35 0 0 0 0 0 3 0 0 1 0 0 0 0 -42 0 0 0 
0 0 43 0 0 0 0 0 0 0 47 0 -36 22 0 0 0 0 0 0 0 0 -18 -9 -9 0 0 0 0 0 0 0 0 0 31 0 21 0 0 0 33 0 0 0 0 0 0 -16 0 0 0 0 0 0 31 0 0 0 -49 0 0 0 0 0 -1 0 0 0 0 0 
0 0 0 0 0 0 0 0 0 0 9 0 0 0 0 0 0 -49 0 0 0 0 -16 22 0 0 0 0 -8 0 0 13 0 0 0 23 0 0 0 0 0 0 0 32 0 0 0 -6 32 27 0 0 0 0 0 0 -22 43 0 0 0 11 0 0 0 0 0 0 0 0 
0 0 -4 0 0 -16 0 0 0 0 0 1 0 0 0 0 -3 0 0 0 14 0 0 0 0 0 0 0 0 50 -30 0 12 -22 21 0 50 0 0 0 0 0 0 19 18 0 0 -34 -45 0 40 0 15 0 -29 0 0 0 14 0 0 -50 -18 0 0 0 1 7 0 0 
25 0 0 0 0 15 0 -7 0 0 0 0 0 0 0 0 42 46 0 0 0 2 7 13 0 0 0 0 0 0 0 -13 23 0 0 0 0 7 0 0 0 0 0 0 0 0 0 19 44 0 0 0 0 23 27 0 0 0 0 0 0 -2 0 0 -3 0 0 -47 0 0 
0 -8 -21 0 0 17 0 0 -42 0 0 27 0 -49 0 0 0 -35 -39 0 0 0 0 0 0 0 0 -43 0 0 0 0 0 0 0 0 0 0 32 0 0 0 0 0 -33 0 0 0 0 -42 0 0 0 4 50 0 0 0 0 0 25 0 0 0 0 0 -49 0 0 0 
0 17 -41 0 -12 0 0 38 0 0 0 0 0 0 0 0 0 0 0 0 0 0 0 0 -46 0 20 0 0 0 0 -37 -17 11 0 0 0 0 0 36 0 0 0 -32 35 0 0 0 0 0 0 0 -28 0 0 0 0 0 0 0 0 0 0 8 0 0 0 0 -19 0 
0 0 0 -27 -8 0 -3 28 0 -1 46 0 0 0 0 0 0 45 0 37 0 0 0 0 0 0 -37 0 0 0 -21 0 0 40 33 0 0 0 0 0 40 0 3 0 0 0 0 13 0 0 -30 23 22 42 0 0 13 13 0 -18 0 36 16 37 0 -1 -24 0 0 0 
0 0 0 -28 0 -37 35 0 0 0 0 0 0 25 0 0 26 -17 0 0 0 0 0 0 0 22 0 9 -30 0 -20 50 0 0 0 0 0 0 0 0 0 15 0 0 0 0 0 2 0 -13 0 0 0 0 -6 0 0 0 0 47 0 0 -8 -40 -24 0 0 0 0 0 
0 48 0 0 0 -2 0 0 0 0 0 0 0 26 0 0 -33 0 0 0 0 0 0 -39 0 32 0 0 0 -27 0 -48 0 0 0 0 0 0 0 0 3 0 17 0 0 0 0 0 0 0 0 0 0 27 0 0 41 0 0 0 0 0 0 0 0 0 0 0 0 0 
0 0 0 0 0 38 35 0 0 14 0 0 0 0 0 -7 0 0 0 0 0 -43 0 14 0 0 0 -11 0 0 0 0 0 0 0 32 19 0 0 -32 0 0 0 4 0 0 0 0 0 40 0 0 0 6 0 0 0 0 0 0 5 0 0 0 -1 32 8 0 0 0 
-30 0 0 0 0 0 0 0 0 0 0 0 0 0 0 0 0 -39 0 0 0 12 0 0 38 0 0 0 0 0 0 -26 -20 0 0 0 18 0 -33 35 0 0 0 0 13 0 0 -25 0 0 0 0 44 8 0 0 0 0 0 0 49 0 0 0 0 0 0 3 -25 0 
0 0 0 0 4 0 0 0 0 0 0 0 0 0 0 -5 0 43 0 0 0 0 0 0 0 -24 48 16 -29 0 -11 0 0 0 0 0 0 0 0 0 0 0 0 0 0 28 0 -46 -49 0 0 -28 0 0 0 -37 0 -2 0 0 0 0 -44 -39 16 39 48 0 -19 0 
0 27 0 -23 0 0 5 0 0 0 -23 0 0 0 0 0 0 0 -43 -49 0 35 0 0 0 0 0 0 0 -4 0 39 0 0 0 0 0 0 0 0 0 0 0 0 0 0 21 -1 0 0 0 0 0 0 0 16 0 0 0 0 0 9 0 0 0 0 23 -40 0 0 
0 0 0 -32 0 0 0 0 36 0 0 -45 -19 -21 0 0 0 0 0 0 26 0 0 0 0 0 -28 0 0 0 0 0 38 0 -16 -6 -34 19 0 0 13 2 0 0 -25 -46 -1 21 18 0 0 0 0 0 0 -16 -33 0 -11 0 20 0 0 0 38 0 0 0 0 0 
0 0 0 0 0 0 0 0 0 0 44 0 0 44 0 0 0 0 -6 45 0 0 0 0 0 13 0 0 -1 0 0 0 0 19 0 32 -45 44 0 0 0 0 0 0 0 -49 0 18 47 0 -7 28 0 0 -39 -27 0 15 -4 0 0 0 -27 25 14 0 0 0 0 0 
0 0 -26 0 -42 0 19 -49 0 0 0 0 30 0 0 0 0 0 0 0 0 0 0 0 0 0 0 0 47 0 0 0 0 -42 0 27 0 0 -42 0 0 -13 0 40 0 0 0 0 0 41 35 0 0 0 -45 0 0 0 0 0 0 0 0 0 0 -26 -27 0 0 -34 
0 0 0 0 0 0 0 -2 0 0 36 0 0 -42 0 0 0 15 -19 0 0 0 0 0 0 0 0 0 40 0 0 0 -34 0 0 0 40 0 0 0 -30 0 0 0 0 0 0 0 -7 35 16 0 0 0 0 0 0 0 0 0 0 -31 0 -49 0 0 44 0 0 0 
22 0 0 0 0 0 0 0 0 0 44 0 0 33 13 0 0 0 0 0 0 -37 -33 28 -26 0 0 0 0 45 0 0 0 0 0 0 0 0 0 0 23 0 0 0 0 -28 0 0 28 0 0 1 0 0 0 2 0 0 6 0 0 0 5 -4 0 0 0 -9 0 0 
0 0 44 0 0 12 31 0 0 0 0 0 0 0 0 0 0 49 0 0 0 0 42 0 0 0 0 0 0 0 0 0 -46 -35 0 0 15 0 0 -28 22 0 0 0 44 0 0 0 0 0 0 0 29 0 0 0 0 0 0 -23 0 -24 0 0 -19 -7 0 -50 4 0 
0 0 0 0 0 0 0 0 0 0 0 0 4 0 0 0 0 0 0 0 0 0 -12 -21 0 0 0 0 0 0 0 0 0 0 0 0 0 23 4 0 42 0 27 6 8 0 0 0 0 0 0 0 0 14 -8 0 -32 0 0 0 0 0 0 0 0 0 -33 0 0 0 
0 0 0 7 0 35 0 0 -36 0 -13 0 49 4 0 -3 0 0 0 0 0 0 0 0 29 0 0 -3 0 0 0 0 0 0 31 0 -29 27 50 0 0 -6 0 0 0 0 0 0 -39 -45 0 0 0 -8 18 0 0 0 0 0 0 -47 0 0 0 0 0 0 0 0 
0 0 0 0 0 0 0 49 41 0 0 0 -7 0 0 0 0 0 0 0 -4 0 0 0 17 0 0 30 0 0 -24 0 0 0 0 0 0 0 0 0 0 0 0 0 0 -37 16 -16 -27 0 0 2 0 0 0 4 4 0 0 0 0 0 0 0 0 -48 0 0 0 0 
0 -25 37 0 0 0 0 0 33 45 0 0 0 0 0 0 0 1 0 0 0 0 -44 -23 0 0 46 0 0 0 0 0 0 0 0 -22 0 0 0 0 13 0 41 0 0 0 0 -33 0 0 0 0 0 -32 0 4 24 0 0 26 0 0 0 0 0 0 0 0 -6 0 
-33 -36 0 -28 18 -9 -12 0 0 0 28 -8 0 0 0 0 -3 0 0 35 0 0 0 -3 0 -22 0 0 0 0 0 0 0 0 0 43 0 0 0 0 13 0 0 0 0 -2 0 0 15 0 0 0 0 0 0 0 0 19 50 0 0 0 0 0 41 0 -31 0 3 0 
-10 0 0 -10 0 0 0 0 0 0 0 0 -31 0 10 0 0 0 0 -50 0 0 0 -44 0 0 -31 0 0 0 13 0 0 3 -49 0 14 0 0 0 0 0 0 0 0 0 0 -11 -4 0 0 6 0 0 0 0 0 50 32 0 0 0 0 0 0 0 0 0 0 0 
0 0 0 0 0 0 0 0 0 -11 0 0 23 0 0 -36 0 17 0 0 0 0 0 0 0 0 -17 0 0 -35 0 0 0 0 0 0 0 0 0 0 -18 47 0 0 0 0 0 0 0 0 0 0 -23 0 0 0 26 0 0 45 0 -14 0 -46 0 0 0 0 -31 -39 
0 0 0 0 0 0 0 0 0 33 0 0 0 38 20 0 0 0 0 0 0 0 0 0 0 0 0 0 0 0 0 -31 0 0 0 0 0 0 25 0 0 0 0 5 49 0 0 20 0 0 0 0 0 0 0 0 0 0 0 0 10 0 0 0 0 0 0 0 0 0 
0 0 11 0 0 -22 -5 0 0 0 0 0 0 0 0 0 0 0 -47 -2 13 -25 0 -23 49 0 0 -11 0 0 0 0 0 1 0 11 -50 -2 0 0 36 0 0 0 0 0 9 0 0 0 -31 0 -24 0 -47 0 0 0 0 -14 0 37 -17 0 0 0 0 0 0 0 
0 -29 0 0 0 0 47 -40 31 0 0 -34 0 0 0 0 0 -27 0 0 0 0 0 0 0 0 0 21 37 0 0 0 0 0 0 0 -18 0 0 0 16 -8 0 0 0 -44 0 0 -27 0 0 5 0 0 0 0 0 0 0 0 0 -17 33 0 0 -24 26 0 0 0 
-14 35 0 -9 0 -32 0 0 0 0 21 0 -26 0 0 0 -34 0 0 0 0 -36 4 0 0 0 37 -45 0 0 0 -23 -11 0 0 0 0 0 0 8 37 -40 0 0 0 -39 0 0 25 0 -49 -4 0 0 0 0 0 0 0 -46 0 0 0 3 0 0 0 -22 0 0 
0 0 0 0 -22 0 0 2 0 0 0 0 0 -37 0 0 -9 0 29 0 0 0 0 0 0 0 0 0 0 0 0 0 0 0 -1 0 0 -3 0 0 0 -24 0 -1 0 16 0 38 14 0 0 0 -19 0 0 0 0 41 0 0 0 0 0 0 23 0 0 0 0 0 
-12 -47 0 38 -32 0 0 0 47 0 0 0 0 0 0 0 0 0 0 0 0 0 0 0 0 0 0 0 0 -27 0 0 0 0 0 0 0 0 0 0 -1 0 0 32 0 39 0 0 0 -26 0 0 -7 0 0 -48 0 0 0 0 0 0 -24 0 0 14 0 0 0 -8 
44 0 -31 0 0 0 0 -9 42 0 0 0 -18 29 0 -28 0 0 0 0 0 -17 0 0 0 -27 39 26 0 24 0 -18 0 -42 0 0 1 0 -49 0 -24 0 0 8 0 48 23 0 0 -27 44 0 0 -33 0 0 0 -31 0 0 0 0 26 0 0 0 11 -21 0 0 
0 47 7 0 0 0 8 -14 0 0 30 0 0 0 0 0 0 0 -48 0 0 0 0 0 33 0 0 0 0 0 0 0 0 0 0 0 7 -47 0 0 0 0 0 0 3 0 -40 0 0 0 0 -9 -50 0 0 0 0 0 0 0 0 0 0 -22 0 0 -21 10 0 -11 
14 0 -42 0 0 0 0 0 0 4 0 27 0 0 0 0 0 0 -43 0 0 0 -42 0 0 0 0 0 0 0 0 0 0 0 0 0 0 0 0 -19 0 0 0 0 -25 -19 0 0 0 0 0 0 4 0 0 0 -6 3 0 -31 0 0 0 0 0 0 0 0 20 0 
0 0 0 22 21 28 0 23 0 0 44 0 0 0 0 0 0 0 0 0 0 0 0 0 8 0 0 -18 0 -40 0 0 0 0 0 0 0 0 0 0 0 0 0 0 0 0 0 0 0 -34 0 0 0 0 0 0 0 0 0 -39 0 0 0 0 0 -8 0 -11 0 9 
