125
-27 39 39 7 7 -24 25 -22 16 -34 24 43 9 -28 47 1 45 -26 7 -10 37 -36 -47 40 -4 -38 37 -34 -31 -3 -49 48 42 17 -4 -16 21 -9 -49 3 -28 20 -2 5 41 46 3 20 -39 24 -10 -48 25 -11 -49 -1 -31 21 27 45 -5 33 6 -35 0 33 -42 38 17 -20 -48 31 45 28 3 -47 -36 -19 41 42 -21 -13 18 43 -46 -10 -46 -45 -43 -15 29 -34 -3 -11 43 22 13 -4 -28 49 5 -38 8 5 7 18 -31 -22 -21 -44 -11 -27 -20 48 -33 21 -7 20 -11 31 34 38 4 22 -22 
46 0 0 0 0 34 0 0 0 0 34 0 0 0 0 0 2 0 0 0 0 33 0 0 0 -25 0 0 0 0 0 0 0 0 0 48 0 0 28 0 0 0 19 0 0 0 0 -31 0 0 0 0 30 0 -10 0 0 31 -33 0 0 0 44 0 0 0 0 0 0 -30 0 -37 -6 0 0 -28 0 0 8 -7 -35 0 0 0 0 0 0 49 0 0 0 0 0 0 -35 -24 0 0 1 0 33 8 0 0 0 0 -19 44 0 50 0 0 49 0 0 -31 0 0 0 0 0 21 0 0 0 
0 37 0 0 0 0 14 0 0 -29 48 0 0 0 -20 0 -30 0 0 2 0 1 0 0 0 -25 0 -21 0 -6 0 0 0 6 0 0 -40 0 41 0 0 0 -10 0 0 0 0 0 0 -1 0 0 0 31 0 0 0 0 0 0 0 0 0 0 0 0 50 0 0 0 0 0 0 0 0 0 0 30 0 -18 0 0 34 0 0 35 32 0 -14 0 0 0 11 0 0 0 0 0 0 0 0 0 0 0 0 0 0 0 33 0 12 0 0 0 0 0 0 0 0 0 0 39 0 23 -48 
0 0 32 0 0 0 45 12 17 15 0 0 0 0 0 37 30 0 0 22 -1 -41 0 0 0 -49 0 -8 0 0 0 0 0 0 0 0 0 0 -17 0 3 26 0 0 0 39 0 -40 0 0 -41 0 0 0 0 35 0 0 0 0 0 0 0 37 0 0 0 -4 0 10 0 24 0 0 0 0 0 0 0 0 46 0 0 0 0 0 3 0 0 0 0 0 0 -26 -44 0 0 -14 7 -11 24 0 1 0 7 0 7 -19 0 0 -7 0 0 45 0 43 0 0 0 0 0 -2 0 -29 0 
0 0 0 45 0 0 0 0 0 0 0 8 8 0 0 12 -16 -25 0 0 0 0 0 0 0 12 0 11 -16 0 0 0 0 0 0 -25 0 0 -2 0 -19 0 0 0 -8 0 0 -19 0 0 0 27 -29 0 42 0 0 0 0 0 0 0 0 0 2 0 -4 0 9 0 0 0 0 0 -20 0 -14 0 0 0 -25 0 7 -7 0 0 -13 0 0 0 -19 0 -15 0 0 0 0 -41 0 0 0 0 12 0 -3 0 0 0 0 -7 0 7 0 0 0 -44 1 2 0 0 0 0 -8 0 0 
0 0 0 0 30 0 0 0 -37 0 0 0 0 0 0 35 0 -7 0 0 0 0 0 -11 0 0 0 0 0 -27 0 0 0 -30 0 0 0 0 0 0 0 26 0 -10 0 0 0 0 22 0 0 0 0 0 -2 0 0 0 -4 46 0 0 0 0 39 0 0 0 0 0 0 0 0 0 0 30 0 -11 0 -13 0 0 0 0 18 0 0 0 0 0 -7 0 0 0 0 13 2 0 0 -9 -24 0 0 0 0 0 -9 0 -30 22 -29 15 0 0 0 11 0 0 0 0 0 0 31 -21 0 
34 0 0 0 0 19 0 0 0 -34 0 0 0 0 0 0 0 0 0 -36 0 0 0 0 0 0 -40 0 0 0 0 -44 0 0 0 14 0 37 0 0 0 47 0 0 0 -10 0 0 0 0 0 0 -22 0 0 -39 0 -48 0 0 0 0 0 0 -5 0 0 0 0 0 0 7 0 6 0 -37 0 32 38 0 0 -41 0 0 -4 -23 3 0 0 0 21 -8 0 0 0 0 0 0 0 0 0 -30 0 0 0 -37 0 0 0 3 0 0 0 0 0 0 0 0 0 43 0 0 0 0 0 
0 14 45 0 0 0 10 0 0 16 -22 0 46 0 0 0 -34 0 0 0 0 0 29 41 0 0 0 0 0 0 0 -7 0 0 0 0 0 0 -17 0 -7 0 14 0 0 33 0 0 -21 0 0 0 -33 0 -15 0 0 0 0 0 0 -21 16 0 0 0 -41 23 0 0 0 -49 0 0 -18 0 0 18 0 0 0 0 0 25 0 -3 0 0 26 0 -42 0 0 0 0 44 29 0 0 0 0 0 39 0 -25 0 3 0 0 22 -22 0 0 0 0 0 0 -25 -22 0 0 0 0 0 0 
0 0 12 0 0 0 0 33 0 -31 -21 22 0 0 0 0 0 0 46 0 45 0 20 0 13 14 19 0 0 0 0 0 0 0 -25 0 0 0 0 27 0 0 -23 0 0 0 0 0 46 0 42 0 0 0 0 0 0 0 0 -8 0 0 -2 0 29 0 41 0 -6 0 0 0 0 0 26 0 -16 0 0 -47 0 0 0 39 0 0 0 0 0 0 0 0 0 -36 30 -33 0 0 -12 0 0 0 0 0 0 0 0 0 0 0 -2 0 38 29 0 0 0 0 0 0 0 50 1 12 0 
0 0 17 0 -37 0 0 0 28 0 -18 0 0 0 0 20 0 -48 0 0 0 0 0 0 0 0 23 0 21 0 0 0 33 0 0 0 0 0 -28 -18 0 0 0 0 0 0 0 0 0 0 0 0 -18 0 0 33 0 0 35 0 0 0 0 0 0 0 0 0 0 0 -29 10 0 0 10 0 0 43 6 13 39 0 0 0 0 0 0 0 0 0 25 0 -39 0 20 0 0 0 -42 0 0 0 0 -35 0 3 0 0 0 -40 0 0 0 0 0 0 -2 0 0 -39 -50 0 0 -21 0 
0 -29 15 0 0 -34 16 -31 0 38 0 9 0 0 0 0 44 18 45 0 0 -9 0 0 -8 0 0 0 -13 49 0 0 0 0 0 0 0 0 21 1 0 0 0 0 0 0 0 0 0 -31 0 0 0 0 0 -4 -34 0 0 0 0 0 0 0 13 0 9 0 0 0 0 0 -40 0 34 0 0 0 -38 0 0 0 0 0 -3 -7 -36 0 0 0 0 -1 0 0 0 0 -47 0 0 -21 0 0 0 0 -4 0 0 20 39 0 0 0 0 0 0 0 36 0 0 0 0 0 0 0 0 
34 48 0 0 0 0 -22 -21 -18 0 22 33 0 -20 0 0 0 0 0 0 0 -37 0 0 0 29 0 0 0 0 0 -40 0 0 0 0 0 0 0 0 0 0 0 0 0 0 0 0 0 0 0 0 -11 0 0 0 0 0 0 0 41 0 26 41 0 0 0 0 -20 0 50 0 0 0 -50 0 0 0 0 0 30 0 0 0 0 0 0 -27 0 0 6 0 43 0 0 0 0 40 0 0 24 0 0 0 0 0 0 0 0 0 0 -32 2 0 0 0 0 0 0 0 0 0 0 0 -37 
0 0 0 8 0 0 0 22 0 9 33 25 0 0 0 0 0 0 0 0 0 23 0 0 0 0 0 0 0 0 -17 0 0 40 0 0 20 0 0 2 0 0 0 0 0 0 0 -9 0 0 0 0 -1 -49 0 12 0 0 0 0 0 0 0 0 0 0 10 0 0 0 0 0 -12 0 0 0 0 0 0 0 0 0 0 9 23 0 0 0 0 0 0 17 -12 0 0 -7 0 -47 0 0 0 -20 0 0 0 0 17 0 7 0 0 0 0 0 0 0 0 0 0 0 0 0 -12 10 0 
0 0 0 8 0 0 46 0 0 0 0 0 43 0 0 0 0 0 2 5 0 27 0 0 46 16 0 0 -9 0 0 0 -10 0 0 0 0 0 0 0 -2 0 14 0 0 0 0 0 0 0 16 0 0 0 0 0 0 35 0 0 -16 0 0 0 19 0 0 0 0 0 0 0 0 0 0 0 -16 0 0 0 0 0 0 0 0 0 0 0 0 0 0 0 0 0 0 -29 0 15 0 7 0 0 0 0 0 0 0 49 0 0 0 0 0 27 0 0 -35 -13 -18 13 29 0 0 0 0 
0 0 0 0 0 0 0 0 0 0 -20 0 0 6 0 0 0 0 -30 0 0 -42 0 0 0 17 0 0 -16 0 11 0 0 0 0 0 0 0 0 18 0 0 0 30 0 -49 0 0 0 0 15 -34 0 0 0 23 -47 0 0 47 0 -15 0 0 0 0 1 0 0 0 0 0 0 40 0 -18 0 0 -1 0 0 0 0 0 0 -21 0 0 -1 -33 0 0 0 0 0 48 0 0 0 48 0 0 0 -48 -22 0 0 -30 0 0 -2 0 -44 0 0 0 -14 0 0 -39 46 -36 -18 0 0 
0 -20 0 0 0 0 0 0 0 0 0 0 0 0 47 -14 0 16 0 0 0 17 0 0 0 0 -33 0 0 0 0 0 0 0 0 0 -2 0 0 0 0 0 -7 32 0 0 -36 0 0 0 0 0 10 6 -9 0 -23 0 -47 0 0 0 10 0 0 0 0 -11 0 0 0 0 0 -13 0 0 0 0 -50 0 0 0 0 0 0 0 -30 0 0 12 0 25 0 0 0 0 0 -36 0 0 0 0 -14 0 0 2 0 0 0 0 0 27 0 0 0 0 0 0 0 0 0 -11 -4 -17 0 
0 0 37 12 35 0 0 0 20 0 0 0 0 0 -14 6 0 0 0 0 -15 -8 -4 0 -32 0 0 0 0 0 0 0 24 0 0 0 -14 0 0 -2 -19 -3 0 0 0 0 0 0 0 0 0 0 0 0 0 -50 0 0 0 -46 0 0 0 5 0 0 38 0 0 0 0 0 0 0 0 0 0 0 0 0 0 0 0 0 4 0 0 0 0 -48 -2 0 0 0 0 0 0 0 0 -12 -13 0 0 -46 0 0 0 44 0 42 0 0 0 0 -25 0 0 0 37 0 0 0 0 25 0 
2 -30 30 -16 0 0 -34 0 0 44 0 0 0 0 0 0 11 26 0 -40 49 0 30 0 0 0 0 1 -39 0 1 0 11 0 0 0 0 0 48 0 0 0 -49 13 0 0 2 0 0 0 0 0 26 0 -36 3 0 0 0 0 0 -14 0 -31 0 0 -22 0 0 -42 -23 0 0 0 0 0 0 0 0 4 0 -30 0 0 0 0 22 0 0 0 0 0 0 0 0 0 0 0 32 0 -31 0 0 0 -33 0 0 0 0 0 0 0 0 0 0 0 0 0 0 0 0 0 0 -17 0 
0 0 0 -25 -7 0 0 0 -48 18 0 0 0 0 16 0 26 3 0 43 0 0 2 0 0 0 0 0 0 0 0 0 0 0 0 0 0 0 -21 38 0 -8 0 0 0 0 -23 0 0 0 0 0 0 0 0 0 0 0 -22 0 0 0 0 0 0 0 0 0 31 0 0 0 0 0 0 4 -10 0 0 44 0 0 0 0 0 0 0 -23 0 0 0 0 0 0 0 0 -50 -24 0 21 0 0 0 0 0 0 0 0 0 0 0 0 0 0 0 0 18 0 -25 0 0 30 -40 0 0 
0 0 0 0 0 0 0 46 0 45 0 0 2 -30 0 0 0 0 6 0 0 0 0 0 45 0 0 0 0 -33 0 19 0 0 0 -29 0 -45 -16 0 0 0 0 -36 27 -46 0 0 0 0 0 0 0 0 34 0 0 0 0 0 0 0 0 0 0 0 0 0 0 0 38 0 -22 0 0 0 0 0 0 0 0 0 0 12 0 0 0 0 0 0 36 0 0 29 0 0 0 10 10 0 0 -10 0 0 0 0 0 0 27 0 0 0 -10 0 -29 0 0 0 8 0 0 0 0 2 0 
0 2 22 0 0 -36 0 0 0 0 0 0 5 0 0 0 -40 43 0 37 0 0 0 -34 0 0 0 0 0 0 0 0 0 0 0 -10 0 0 0 -28 0 -6 0 0 0 0 38 0 -31 0 0 0 -50 0 0 0 -32 0 0 0 0 0 0 0 0 7 27 0 31 0 0 0 0 0 0 0 0 0 0 22 0 36 0 0 7 0 0 0 0 0 -41 0 0 0 15 -39 0 0 0 -37 0 0 0 0 0 0 0 34 0 0 3 0 -9 0 0 31 0 0 0 0 -15 40 0 45 0 
0 0 -1 0 0 0 0 45 0 0 0 0 0 0 0 -15 49 0 0 0 40 -45 0 0 0 0 0 0 0 0 0 0 37 0 -29 0 0 0 0 0 0 0 0 0 0 0 0 -10 -46 34 0 0 -23 0 -42 0 0 0 0 0 0 0 0 0 0 0 0 0 0 0 -46 0 0 0 0 0 0 34 0 27 0 0 0 -3 0 0 0 0 -37 0 0 0 0 0 0 -41 0 -3 34 0 0 0 -31 0 0 0 -49 0 0 36 0 0 0 0 0 0 24 49 0 0 34 0 0 0 0 
33 1 -41 0 0 0 0 0 0 -9 -37 23 27 -42 17 -8 0 0 0 0 -45 36 0 0 0 0 0 0 15 0 -41 0 4 0 43 0 0 -17 0 0 -49 0 0 0 0 0 0 0 -5 -15 0 -46 0 0 0 0 0 -16 0 0 0 0 0 0 0 0 4 0 0 -28 0 -29 0 0 0 0 0 0 -19 0 0 21 12 13 0 0 17 0 0 0 0 0 0 0 0 29 0 0 0 0 0 0 0 0 0 0 0 0 0 5 0 0 0 22 -28 27 0 17 0 0 0 0 0 0 0 
0 0 0 0 0 0 29 20 0 0 0 0 0 0 0 -4 30 2 0 0 0 0 37 0 12 0 0 0 0 39 0 0 0 0 0 0 -25 -39 0 -21 0 41 0 0 0 0 0 0 0 0 -32 0 0 0 -36 38 0 0 0 0 0 0 25 0 0 0 -14 0 0 10 0 0 0 0 0 0 0 0 0 -47 0 0 0 0 0 0 42 0 3 0 -3 0 0 0 0 0 -39 0 47 0 0 0 0 0 0 0 0 0 -33 0 -33 0 -34 0 0 0 0 -49 33 0 32 0 0 0 0 
0 0 0 0 -11 0 41 0 0 0 0 0 0 0 0 0 0 0 0 -34 0 0 0 39 -49 -27 0 0 0 0 0 -33 0 0 0 -8 0 0 12 0 -45 0 0 0 0 0 0 41 -1 0 -31 0 0 11 0 0 0 0 0 0 0 0 0 0 -5 0 0 -14 17 -44 0 0 0 0 0 20 0 0 0 0 11 0 4 0 0 0 12 -1 37 7 -49 0 2 0 0 -11 1 0 18 -38 0 0 -14 0 0 0 0 0 31 -9 0 0 0 0 0 0 0 45 0 -44 0 0 0 0 0 
0 0 0 0 0 0 0 13 0 -8 0 0 46 0 0 -32 0 0 45 0 0 0 12 -49 12 0 0 -25 0 0 0 0 0 0 0 -29 0 49 -4 -9 0 0 0 44 0 0 0 0 0 0 0 0 0 0 0 0 0 8 0 -25 8 -4 0 0 0 0 0 0 0 0 0 0 0 0 0 0 -36 0 0 0 0 0 5 0 0 0 45 0 24 0 0 0 0 35 0 0 0 0 0 0 0 43 0 -44 -23 0 45 0 0 0 0 0 0 -17 0 0 0 0 44 0 -35 26 0 -37 0 
-25 -25 -49 12 0 0 0 14 0 0 29 0 16 17 0 0 0 0 0 0 0 0 0 -27 0 38 0 0 20 16 0 -3 -49 0 0 0 0 37 0 0 0 0 0 -4 0 0 -18 0 0 0 0 0 -19 0 0 0 32 0 0 0 0 -27 46 19 0 0 0 0 -1 0 0 0 0 0 43 0 0 0 0 0 0 0 0 0 0 0 0 0 44 7 12 0 0 0 46 7 0 0 0 0 0 0 0 -28 0 48 0 0 0 0 0 0 31 0 -13 0 0 0 0 0 0 0 -45 13 0 
0 0 0 0 0 -40 0 19 23 0 0 0 0 0 -33 0 0 0 0 0 0 0 0 0 0 0 25 -15 0 0 0 -4 0 -34 0 36 3 0 0 9 -50 0 0 0 0 0 6 0 0 1 0 -26 0 0 0 -38 0 0 0 -4 0 -14 0 0 11 -7 0 0 -47 0 7 0 0 0 0 0 0 0 8 0 0 -22 -18 0 0 0 0 -25 0 5 0 0 18 -19 0 50 0 0 46 0 0 0 -35 -47 -50 0 0 0 0 0 36 0 0 21 0 0 0 -1 0 0 14 0 0 0 0 
0 -21 -8 11 0 0 0 0 0 0 0 0 0 0 0 0 1 0 0 0 0 0 0 0 -25 0 -15 25 0 20 0 0 0 48 -7 0 0 0 0 0 0 13 0 7 0 0 0 0 0 0 0 0 0 29 0 0 0 0 0 0 0 0 0 48 0 0 15 0 0 0 0 -7 0 -3 -26 0 0 3 0 0 0 0 0 0 45 -17 -2 0 0 -38 49 47 24 0 0 0 1 0 -28 0 -41 0 0 0 0 0 0 0 24 0 0 -16 0 0 33 0 0 0 0 0 10 0 0 0 0 
0 0 0 -16 0 0 0 0 21 -13 0 0 -9 -16 0 0 -39 0 0 0 0 15 0 0 0 20 0 0 35 -46 0 0 0 -32 0 11 0 0 0 12 0 0 0 -40 -40 -23 0 0 0 0 0 31 29 0 0 0 0 -7 4 0 0 0 -12 0 0 0 0 -17 0 0 -17 0 0 0 0 0 0 0 -28 46 -41 0 0 0 0 0 0 0 0 42 -44 0 -34 0 31 0 0 0 0 0 0 0 0 -5 0 0 0 0 0 0 0 0 0 0 0 0 0 -4 -26 0 -36 0 0 0 0 
0 -6 0 0 -27 0 0 0 0 49 0 0 0 0 0 0 0 0 -33 0 0 0 39 0 0 16 0 20 -46 36 0 0 -42 0 0 23 0 0 38 0 19 0 0 -14 0 0 0 0 0 -27 0 0 0 0 0 5 -36 0 0 -50 0 0 0 0 0 0 26 0 0 0 0 0 0 0 0 0 0 0 0 0 0 0 0 -38 43 0 0 0 0 0 0 0 0 11 0 50 0 42 0 0 0 0 0 -14 0 0 0 0 41 0 0 -1 0 0 0 0 -40 0 0 -44 0 0 0 42 -35 
0 0 0 0 0 0 0 0 0 0 0 -17 0 11 0 0 1 0 0 0 0 -41 0 0 0 0 0 0 0 0 23 -23 -28 39 -35 0 0 0 0 0 -24 0 22 -8 0 0 0 0 -31 0 0 0 0 0 6 0 0 0 0 0 0 0 0 0 0 -35 0 -17 0 0 -35 0 18 0 0 0 0 4 0 0 0 0 0 0 0 0 0 -49 0 0 0 0 0 0 15 -45 -31 -16 0 0 28 0 0 0 26 0 -21 44 0 3 0 -35 0 0 0 0 0 0 21 0 49 0 48 45 0 
0 0 0 0 0 -44 -7 0 0 0 -40 0 0 0 0 0 0 0 19 0 0 0 0 -33 0 -3 -4 0 0 0 -23 48 -24 0 0 0 0 0 44 0 0 8 0 0 -17 0 0 0 0 0 0 0 17 0 0 -34 0 0 11 0 0 0 -4 0 0 0 0 0 -26 0 -12 0 0 0 48 33 33 0 -17 -33 -5 0 0 7 0 0 0 0 22 4 0 48 0 0 -47 0 0 0 -27 0 0 0 -50 0 0 -9 50 0 0 48 0 0 0 0 0 -8 0 46 0 13 40 0 0 -14 0 
0 0 0 0 0 0 0 0 33 0 0 0 -10 0 0 24 11 0 0 0 37 4 0 0 0 -49 0 0 0 -42 -28 -24 46 0 -8 0 0 0 0 0 0 -30 0 0 -17 0 0 0 0 0 0 40 48 -2 0 0 0 0 0 0 49 0 0 32 0 0 -20 0 0 0 0 0 0 13 35 0 0 5 0 0 0 0 0 0 0 0 0 -21 0 28 0 0 0 0 0 0 0 0 0 0 0 0 -40 0 30 31 20 -43 0 0 0 0 0 0 0 0 0 0 0 2 0 0 0 0 0 
0 6 0 0 -30 0 0 0 0 0 0 40 0 0 0 0 0 0 0 0 0 0 0 0 0 0 -34 48 -32 0 39 0 0 16 7 0 0 0 0 0 0 0 0 -44 0 0 0 0 0 0 0 -34 0 0 22 0 0 0 0 0 21 0 0 0 0 0 0 -43 0 0 0 -47 0 28 0 0 0 0 0 0 -36 2 -30 0 -9 0 0 0 -25 0 0 0 1 -26 0 -26 0 0 0 49 0 4 -18 0 0 -42 0 14 -41 -25 -47 0 0 40 0 0 0 0 0 0 0 0 0 0 0 
0 0 0 0 0 0 0 -25 0 0 0 0 0 0 0 0 0 0 0 0 -29 43 0 0 0 0 0 -7 0 0 -35 0 -8 7 29 -21 0 0 4 50 0 0 -13 0 0 0 0 0 0 0 0 0 0 0 0 0 0 0 0 0 0 0 12 0 0 0 24 0 0 0 25 0 0 0 0 -12 0 0 0 0 0 0 -3 0 0 0 0 0 0 0 -15 0 0 0 0 0 0 -36 28 0 17 0 -10 0 0 0 -42 0 0 -13 0 0 0 0 -3 0 0 0 0 0 0 0 22 0 0 
48 0 0 -25 0 14 0 0 0 0 0 0 0 0 0 0 0 0 -29 -10 0 0 0 -8 -29 0 36 0 11 23 0 0 0 0 -21 20 0 0 0 -3 0 0 0 47 0 -13 0 0 0 0 -50 7 0 0 0 -4 0 0 0 0 0 0 0 0 0 0 0 0 -38 0 0 0 47 0 0 0 0 40 0 -46 0 0 0 0 0 0 5 0 -21 0 49 0 0 0 0 0 0 0 -46 0 0 0 8 -9 0 5 0 0 0 0 0 0 0 0 0 0 0 0 0 0 0 -22 42 0 0 
0 -40 0 0 0 0 0 0 0 0 0 20 0 0 -2 -14 0 0 0 0 0 0 -25 0 0 0 3 0 0 0 0 0 0 0 0 0 38 0 0 45 47 0 0 31 0 0 0 0 0 -46 0 0 0 0 0 -50 0 0 0 0 22 -31 -10 0 28 19 0 0 41 0 0 0 0 0 0 -46 -39 0 0 0 0 0 16 0 0 0 0 0 0 0 -2 0 -49 38 0 0 0 0 0 0 0 -8 0 0 0 29 0 0 -2 -34 0 0 0 0 -15 27 0 0 0 0 0 0 -9 0 0 
0 0 0 0 0 37 0 0 0 0 0 0 0 0 0 0 0 0 -45 0 0 -17 -39 0 49 37 0 0 0 0 0 0 0 0 0 0 0 33 0 0 0 0 0 0 33 0 -1 0 0 0 0 0 0 0 0 0 -9 -32 7 0 50 0 0 0 0 0 0 0 35 0 0 43 0 0 -12 -25 0 0 0 -44 32 0 0 0 0 0 0 0 0 0 0 0 0 7 0 0 0 0 -34 0 0 0 0 0 30 0 0 0 -8 0 -30 0 20 -17 0 0 0 0 0 -6 0 0 15 0 48 
28 41 -17 -2 0 0 -17 0 -28 21 0 0 0 0 0 0 48 -21 -16 0 0 0 0 12 -4 0 0 0 0 38 0 44 0 0 4 0 0 0 30 0 0 0 0 0 0 0 0 0 0 0 0 0 0 0 0 22 0 -32 0 0 0 0 6 0 0 0 0 0 0 0 -42 -13 -2 0 22 0 -42 13 0 0 0 0 0 -7 0 24 0 -9 0 0 0 0 0 0 0 0 -41 0 0 0 0 19 0 0 0 34 -50 0 0 0 -49 -4 19 0 0 9 0 -39 45 0 -5 0 0 0 0 
0 0 0 0 0 0 0 27 -18 1 0 2 0 18 0 -2 0 38 0 -28 0 0 -21 0 -9 0 9 0 12 0 0 0 0 0 50 -3 45 0 0 35 20 0 0 0 50 0 0 0 0 0 17 0 0 0 0 0 45 0 0 -18 0 0 0 0 0 0 -32 0 0 0 0 0 -49 0 0 0 0 0 0 -12 10 9 0 0 0 0 0 47 0 0 0 26 0 0 0 8 0 0 0 0 0 -38 -12 0 0 0 0 0 0 0 0 0 0 0 0 47 -1 5 0 -27 0 35 35 0 0 
0 0 3 -19 0 0 -7 0 0 0 0 0 -2 0 0 -19 0 0 0 0 0 -49 0 -45 0 0 -50 0 0 19 -24 0 0 0 0 0 47 0 0 20 13 0 0 0 37 0 -48 0 0 0 0 0 0 0 0 45 0 0 0 0 0 0 0 0 0 0 0 29 0 0 -31 0 -10 0 0 -49 13 0 0 -32 -8 0 0 0 0 0 0 0 7 0 0 0 0 0 -5 0 0 0 0 0 0 0 0 0 0 2 0 -4 49 0 -36 0 0 0 -33 0 0 0 -45 0 0 -48 0 0 0 
0 0 26 0 26 47 0 0 0 0 0 0 0 0 0 -3 0 -8 0 -6 0 0 41 0 0 0 0 13 0 0 0 8 -30 0 0 0 0 0 0 0 0 36 0 0 0 0 0 0 0 0 -9 -19 -33 0 0 0 0 0 0 35 0 0 0 0 -9 -43 0 0 0 0 0 -10 0 0 -47 0 0 0 0 0 0 0 0 15 0 -23 -8 0 0 0 43 -10 0 0 0 -6 0 0 0 0 0 13 -4 0 0 0 -33 0 0 21 27 7 0 0 0 0 0 0 0 0 0 0 0 0 38 
19 -10 0 0 0 0 14 -23 0 0 0 0 14 0 -7 0 -49 0 0 0 0 0 0 0 0 0 0 0 0 0 22 0 0 0 -13 0 0 0 0 0 0 0 36 0 0 0 0 0 0 0 0 0 0 20 0 0 0 0 4 0 0 7 0 20 19 -26 0 0 -22 0 0 0 0 0 0 0 0 0 -20 -15 0 0 0 0 -31 0 0 -10 0 0 -2 0 0 0 0 0 0 -35 0 10 -15 0 0 -2 0 0 0 0 0 0 0 0 0 0 -2 15 0 0 0 0 0 0 0 0 0 
0 0 0 0 -10 0 0 0 0 0 0 0 0 30 32 0 13 0 -36 0 0 0 0 0 44 -4 0 7 -40 -14 -8 0 0 -44 0 47 31 0 0 0 0 0 0 51 0 -43 18 0 0 0 0 0 0 0 0 0 48 -18 0 0 0 0 0 0 0 0 0 0 0 0 0 0 0 0 0 11 -41 37 -6 0 0 0 0 0 0 0 0 0 0 0 -13 0 -5 36 0 0 0 -47 0 0 0 0 0 0 0 0 0 0 0 0 12 0 0 15 0 0 0 0 0 0 31 0 0 -39 0 
0 0 0 -8 0 0 0 0 0 0 0 0 0 0 0 0 0 0 27 0 0 0 0 0 0 0 0 0 -40 0 0 -17 -17 0 0 0 0 33 0 50 37 0 0 0 13 0 0 17 0 0 0 -19 35 -30 0 0 44 0 0 0 0 0 0 -19 0 0 0 8 0 0 0 -34 0 0 -13 -16 0 0 0 0 -29 0 0 0 0 3 -18 0 0 0 0 0 0 0 0 -10 13 0 0 0 0 40 0 0 0 0 0 0 0 0 0 0 0 0 0 0 0 0 48 0 0 0 0 0 0 
0 0 39 0 0 -10 33 0 0 0 0 0 0 -49 0 0 0 0 -46 0 0 0 0 0 0 0 0 0 -23 0 0 0 0 0 0 -13 0 0 0 0 0 0 0 -43 0 28 -24 0 6 0 0 0 0 0 0 0 0 0 0 0 0 3 0 0 0 -1 0 0 0 24 0 0 0 0 0 0 0 42 0 0 0 0 3 -49 14 0 0 0 0 0 -21 0 0 0 -21 0 24 0 0 28 0 0 0 0 0 -11 0 0 0 0 0 0 0 34 0 0 14 27 19 -40 0 0 0 -23 0 
0 0 0 0 0 0 0 0 0 0 0 0 0 0 -36 0 2 -23 0 38 0 0 0 0 0 -18 6 0 0 0 0 0 0 0 0 0 0 -1 0 0 -48 0 0 18 0 -24 51 14 0 0 0 0 0 0 0 0 0 -7 0 0 -16 -45 0 -41 0 0 41 0 0 0 0 0 0 -20 0 47 0 26 0 0 0 0 -47 0 3 0 0 0 0 0 0 0 14 29 -42 0 18 0 -35 0 0 36 -1 0 0 0 0 0 0 -34 0 0 0 -49 0 0 -11 0 13 0 0 0 34 0 0 
-31 0 -40 -19 0 0 0 0 0 0 0 -9 0 0 0 0 0 0 0 0 -10 0 0 41 0 0 0 0 0 0 0 0 0 0 0 0 0 0 0 0 0 0 0 0 17 0 14 32 0 0 31 0 0 0 0 0 -25 0 0 0 50 0 0 0 0 0 0 0 0 0 0 0 0 0 0 0 0 0 -24 0 11 24 0 0 36 0 0 0 25 -24 0 0 0 0 36 0 9 0 3 0 -30 15 0 0 0 -31 0 0 12 0 0 -26 -43 0 0 0 0 0 -22 -22 0 0 0 0 0 
0 0 0 0 22 0 -21 46 0 0 0 0 0 0 0 0 0 0 0 -31 -46 -5 0 -1 0 0 0 0 0 0 -31 0 0 0 0 0 0 0 0 0 0 0 0 0 0 6 0 0 25 50 -27 35 27 0 0 0 0 0 0 28 0 0 30 0 0 0 0 0 -9 0 0 0 0 0 0 0 21 0 35 0 11 31 0 -40 0 0 0 3 0 0 0 0 0 0 0 4 0 0 0 0 0 -5 0 0 0 25 0 0 0 -37 46 0 0 -44 35 0 0 20 0 0 0 0 0 0 -23 
0 -1 0 0 0 0 0 0 0 -31 0 0 0 0 0 0 0 0 0 0 34 -15 0 0 0 0 1 0 0 -27 0 0 0 0 0 0 -46 0 0 0 0 0 0 0 0 0 0 0 50 6 -31 -30 0 -2 0 0 0 0 0 0 0 0 0 0 0 0 0 0 0 0 0 -49 0 0 16 0 0 0 0 -15 0 0 0 0 14 0 0 0 -34 0 0 0 0 0 0 0 19 0 0 -23 0 0 0 0 7 0 -49 0 0 0 0 0 0 0 -19 0 0 -1 0 0 0 39 0 0 0 
0 0 -41 0 0 0 0 42 0 0 0 0 16 15 0 0 0 0 0 0 0 0 -32 -31 0 0 0 0 0 0 0 0 0 0 0 -50 0 0 0 17 0 -9 0 0 0 0 0 31 -27 -31 27 0 0 -18 0 38 -11 0 0 0 -14 -9 0 0 0 0 0 0 20 0 0 0 0 -48 0 0 0 -28 0 -12 0 0 -44 0 0 37 0 0 28 0 -36 1 0 0 0 0 0 0 0 0 0 0 21 0 0 5 0 0 6 33 0 0 36 2 0 0 0 35 0 28 29 0 -20 0 0 
0 0 0 27 0 0 0 0 0 0 0 0 0 -34 0 0 0 0 0 0 0 -46 0 0 0 0 -26 0 31 0 0 0 40 -34 0 7 0 0 0 0 0 -19 0 0 -19 0 0 0 35 -30 0 33 29 0 0 16 0 0 0 0 0 -25 0 0 0 3 -11 0 0 0 -33 0 0 0 -29 0 0 0 -38 6 0 0 0 -35 0 0 0 0 0 0 0 0 0 0 0 0 0 0 0 0 0 0 -17 0 0 -45 0 0 0 0 30 0 0 0 0 0 0 0 26 0 -22 0 -47 0 -19 
30 0 0 -29 0 -22 -33 0 -18 0 -11 -1 0 0 10 0 26 0 0 -50 -23 0 0 0 0 -19 0 0 29 0 0 17 48 0 0 0 0 0 0 0 0 -33 0 0 35 0 0 0 27 0 0 29 33 0 -45 0 0 0 -39 0 -34 -29 0 0 0 0 0 0 28 0 0 0 0 0 0 0 -17 0 0 0 -35 30 0 0 17 0 0 0 0 6 -2 -29 -24 0 0 0 3 0 0 0 0 0 0 0 0 -7 0 0 0 0 0 0 4 -19 25 -3 0 0 0 0 0 0 0 0 -12 
0 31 0 0 0 0 0 0 0 0 0 -49 0 0 6 0 0 0 0 0 0 0 0 11 0 0 0 29 0 0 0 0 -2 0 0 0 0 0 0 0 0 0 20 0 -30 0 0 0 0 -2 -18 0 0 48 0 0 0 29 26 0 0 0 0 39 0 -4 32 0 0 0 0 -2 0 0 0 0 0 31 0 0 0 0 35 0 0 -41 -45 -12 0 0 0 0 39 0 0 0 -36 0 -33 0 0 -16 0 0 0 0 -22 0 0 -48 0 0 1 0 0 0 0 36 -44 0 0 0 -5 0 0 
-10 0 0 42 -2 0 -15 0 0 0 0 0 0 0 -9 0 -36 0 34 0 -42 0 -36 0 0 0 0 0 0 0 6 0 0 22 0 0 0 0 0 0 0 0 0 0 0 0 0 0 0 0 0 0 -45 0 51 0 0 0 0 0 0 0 16 1 -49 0 0 -10 -3 5 0 0 0 0 0 0 0 -44 0 -30 0 0 0 14 0 0 0 13 0 0 -4 0 0 37 -41 19 0 0 0 0 0 5 0 49 0 0 0 0 0 0 0 -13 0 0 0 0 0 0 -25 0 0 0 0 12 0 
0 0 35 0 0 -39 0 0 33 -4 0 12 0 23 0 -50 3 0 0 0 0 0 38 0 0 0 -38 0 0 5 0 -34 0 0 0 -4 -50 0 22 0 45 0 0 0 0 0 0 0 0 0 38 16 0 0 0 14 0 0 0 0 0 0 0 -14 0 26 9 0 0 0 0 0 0 0 0 0 0 0 0 0 0 0 0 -39 0 0 -48 0 0 0 0 0 0 0 -14 15 -41 7 0 0 0 0 33 -42 0 0 0 0 0 14 -47 0 0 0 0 0 0 0 0 20 0 0 0 0 0 
0 0 0 0 0 0 0 0 0 -34 0 0 0 -47 -23 0 0 0 0 -32 0 0 0 0 0 32 0 0 0 -36 0 0 0 0 0 0 0 -9 0 45 0 0 0 48 44 0 0 -25 0 0 -11 0 0 0 0 0 32 -39 0 -22 0 0 26 0 -19 45 0 0 0 0 0 26 0 0 0 0 0 50 0 0 0 42 0 -36 0 0 0 0 -48 0 0 0 0 0 0 0 -36 0 42 0 0 0 38 0 0 -41 8 0 0 0 21 0 0 0 0 0 0 24 0 41 0 0 -9 22 9 
31 0 0 0 0 -48 0 0 0 0 0 0 35 0 0 0 0 0 0 0 0 -16 0 0 8 0 0 0 -7 0 0 0 0 0 0 0 0 -32 -32 0 0 0 0 -18 0 0 -7 0 0 0 0 0 0 29 0 0 -39 51 0 0 -24 0 0 0 43 0 0 0 0 0 -34 49 0 0 -35 0 0 0 0 0 0 0 0 0 0 0 0 0 2 0 0 0 20 0 42 0 0 37 0 0 0 -7 -38 0 0 0 -43 11 0 0 -2 24 0 0 0 0 0 31 0 0 0 0 0 0 0 
-33 0 0 0 -4 0 0 0 35 0 0 0 0 0 -47 0 0 -22 0 0 0 0 0 0 0 0 0 0 4 0 0 11 0 0 0 0 0 7 0 0 0 0 4 0 0 0 0 0 0 0 0 0 -39 26 0 0 0 0 40 0 0 27 0 0 0 0 0 42 0 0 -31 0 0 0 0 0 0 0 -18 0 0 0 0 -35 -4 0 0 0 -40 -33 0 -19 0 0 0 -12 0 0 0 0 0 -46 -36 0 0 -12 0 0 0 0 0 0 0 0 0 0 0 0 0 0 -19 44 -1 0 0 
0 0 0 0 46 0 0 -8 0 0 0 0 0 47 0 -46 0 0 0 0 0 0 0 0 -25 0 -4 0 0 -50 0 0 0 0 0 0 0 0 0 -18 0 35 0 0 0 0 0 0 28 0 0 0 0 0 0 0 -22 0 0 18 -43 -4 0 0 0 -7 0 0 0 -12 0 0 47 0 0 0 0 0 0 38 0 0 0 0 0 -23 0 3 0 0 0 0 0 0 0 0 0 0 0 49 -44 0 0 0 0 -25 -3 0 0 0 0 -14 0 0 0 0 0 47 0 0 0 -23 -44 0 0 
0 0 0 0 0 0 0 0 0 0 41 0 -16 0 0 0 0 0 0 0 0 0 0 0 8 0 0 0 0 0 0 0 49 21 0 0 22 50 0 0 0 0 0 0 0 0 -16 50 0 0 -14 0 -34 0 0 0 0 -24 0 -43 51 31 -19 0 0 0 0 0 0 0 0 0 0 -38 0 -12 0 0 0 0 0 0 0 25 -26 0 7 0 0 0 13 46 -24 0 0 0 0 0 0 0 0 0 0 0 0 0 0 0 0 0 0 -47 -26 0 0 0 0 0 0 0 -2 0 0 -16 34 
0 0 0 0 0 0 -21 0 0 0 0 0 0 -15 0 0 -14 0 0 0 0 0 0 0 -4 -27 -14 0 0 0 0 0 0 0 0 0 -31 0 0 0 0 0 7 0 0 3 -45 0 0 0 -9 -25 -29 0 0 0 0 0 27 -4 31 20 0 0 0 -20 0 0 0 0 0 0 0 0 0 -26 0 -28 -6 1 0 0 5 0 6 0 0 0 0 0 -24 28 0 0 0 0 0 0 -36 47 0 0 -39 0 0 16 0 -1 9 -45 -28 0 0 7 34 30 0 0 0 0 0 0 -9 19 0 
44 0 0 0 0 0 16 -2 0 0 26 0 0 0 10 0 0 0 0 0 0 0 25 0 0 46 0 0 -12 0 0 -4 0 0 12 0 -10 0 6 0 0 0 0 0 0 0 0 0 30 0 0 0 0 0 16 0 26 0 0 0 -19 0 44 0 0 0 0 -25 0 0 0 0 0 0 0 0 0 0 0 0 -37 0 -5 0 -18 0 0 0 0 0 7 0 0 11 0 0 0 0 0 0 0 0 0 0 25 0 0 0 48 0 49 -49 0 0 5 0 0 0 19 0 0 0 0 -2 26 
0 0 37 0 0 0 0 0 0 0 41 0 0 0 0 5 -31 0 0 0 0 0 0 0 0 19 0 48 0 0 0 0 32 0 0 0 0 0 0 0 0 0 20 0 -19 0 -41 0 0 0 0 0 0 39 1 -14 0 0 0 0 0 0 0 38 0 0 16 0 0 34 0 0 0 0 0 47 0 0 0 0 0 0 0 36 0 0 0 -29 0 0 0 0 29 0 0 0 0 0 0 0 0 0 0 0 8 0 0 0 0 0 0 0 0 0 0 0 0 0 0 0 0 0 40 0 0 
0 0 0 2 39 -5 0 29 0 13 0 0 19 0 0 0 0 0 0 0 0 0 0 -5 0 0 11 0 0 0 0 0 0 0 0 0 28 0 0 0 0 -9 19 0 0 0 0 0 0 0 0 0 0 0 -49 0 -19 43 0 0 0 0 0 0 44 -34 -38 -37 0 -16 0 37 0 0 22 0 0 0 17 0 21 0 0 43 0 47 0 24 0 29 44 0 0 0 0 0 0 0 0 0 -38 0 0 0 -31 -3 0 0 0 24 -47 -5 -19 0 0 0 0 14 0 0 0 -35 0 0 4 
0 0 0 0 0 0 0 0 0 0 0 0 0 0 0 0 0 0 0 7 0 0 0 0 0 0 -7 0 0 0 -35 0 0 0 0 0 19 0 0 0 0 -43 -26 0 0 -1 0 0 0 0 0 3 0 -4 0 26 45 0 0 -7 0 -20 0 0 -34 7 0 36 0 -45 0 0 0 0 0 18 -18 0 0 0 0 6 0 0 0 0 0 0 0 0 28 0 0 0 0 38 47 0 -12 0 11 0 27 0 0 0 0 0 -16 -3 28 0 0 0 0 0 -37 0 0 0 -50 -2 11 0 0 
0 50 0 -4 0 0 -41 41 0 9 0 10 0 1 0 38 -22 0 0 27 0 4 -14 0 0 0 0 15 0 26 0 0 -20 0 24 0 0 0 0 -32 0 0 0 0 0 0 41 0 0 0 0 -11 0 32 0 9 0 0 0 0 0 0 0 16 -38 0 48 0 0 0 0 0 0 0 6 0 -18 21 0 0 22 0 0 0 0 -16 0 0 0 0 -32 0 42 0 0 26 26 0 -45 0 0 0 0 0 0 0 0 0 0 0 0 14 0 0 32 12 0 0 11 0 0 0 0 8 0 
0 0 -4 0 0 0 23 0 0 0 0 0 0 0 -11 0 0 0 0 0 0 0 0 -14 0 0 0 0 -17 0 -17 0 0 -43 0 0 0 0 0 0 29 0 0 0 8 0 0 0 0 0 0 0 0 0 -10 0 0 0 42 0 0 0 -25 0 -37 36 0 4 0 0 -2 0 0 0 0 33 0 0 0 0 0 0 43 23 0 0 0 0 0 0 0 0 0 0 25 0 -39 0 0 0 0 -21 0 -15 0 0 0 0 0 0 0 0 0 0 0 -16 18 -34 0 0 0 0 0 0 0 
0 0 0 9 0 0 0 -6 0 0 -20 0 0 0 0 0 0 31 0 31 0 0 0 17 0 -1 -47 0 0 0 0 -26 0 0 0 -38 41 35 0 0 0 0 -22 0 0 0 0 0 -9 0 20 0 28 0 -3 0 0 0 0 0 0 0 0 0 0 0 0 0 40 0 -4 46 0 0 0 -40 -28 0 -35 0 36 0 0 42 0 -31 0 0 0 0 0 46 14 0 0 0 0 0 0 0 -18 0 -43 32 0 0 47 0 -29 -50 0 0 0 -26 0 4 0 0 -21 0 -22 -8 16 0 0 
-30 0 10 0 0 0 0 0 0 0 0 0 0 0 0 0 -42 0 0 0 0 -28 10 -44 0 0 0 0 0 0 0 0 0 0 0 0 0 0 0 0 0 0 0 0 0 24 0 0 0 0 0 0 0 0 5 0 0 0 0 -12 0 0 0 34 -16 -45 0 0 0 41 0 -48 -33 0 0 23 -28 0 36 0 0 0 0 0 0 0 31 0 0 -50 0 0 0 0 0 0 0 0 0 0 0 0 0 -20 0 0 0 0 0 0 0 0 23 0 0 0 0 0 0 0 0 0 -35 0 0 
0 0 0 0 0 0 0 0 -29 0 50 0 0 0 0 0 -23 0 38 0 -46 0 0 0 0 0 7 0 -17 0 -35 -12 0 0 25 0 0 0 -42 0 -31 0 0 0 0 0 0 0 0 0 0 -33 0 0 0 0 0 -34 -31 0 0 0 0 0 0 0 0 -2 -4 0 23 0 0 0 -35 0 0 0 0 0 0 0 0 0 0 0 -11 0 0 0 0 -9 0 0 0 0 -6 0 -12 0 0 0 0 0 0 0 30 0 0 7 0 -48 4 0 0 0 14 -19 0 0 0 0 0 0 0 
-37 0 24 0 0 7 -49 0 10 0 0 0 0 0 0 0 0 0 0 0 0 -29 0 0 0 0 0 -7 0 0 0 0 0 -47 0 0 0 43 -13 0 0 -10 0 0 -34 0 0 0 0 -49 0 0 0 -2 0 0 26 49 0 0 0 0 0 0 37 0 0 0 46 -48 0 37 -40 0 -31 -28 23 -8 0 0 0 -22 0 0 0 -22 0 0 32 0 0 0 0 0 0 0 0 0 0 0 0 0 0 0 18 0 0 0 40 -1 0 0 0 0 0 0 -4 14 -6 39 0 0 0 0 0 
-6 0 0 0 0 0 0 0 0 -40 0 -12 0 0 0 0 0 0 -22 0 0 0 0 0 0 0 0 0 0 0 18 0 0 0 0 47 0 0 -2 -49 -10 0 0 0 0 0 0 0 0 0 0 0 0 0 0 0 0 0 0 47 0 0 0 0 0 0 0 0 0 -33 0 -40 21 -19 0 0 0 0 -40 0 29 0 0 30 0 0 0 29 0 0 -33 0 0 0 -9 -14 0 0 0 -39 -28 0 0 50 0 0 0 0 22 0 -33 0 25 0 0 0 0 0 0 1 27 0 0 0 0 
0 0 0 0 0 6 0 0 0 0 0 0 0 40 -13 0 0 0 0 0 0 0 0 0 0 0 0 -3 0 0 0 0 13 28 0 0 0 0 0 0 0 0 0 0 0 0 -20 0 0 0 -48 0 0 0 0 0 0 0 0 0 -38 0 0 0 0 0 0 0 0 0 0 0 -19 50 -7 8 9 0 0 0 0 0 -8 0 0 0 0 0 0 0 0 0 0 0 0 0 0 0 0 0 0 0 0 0 0 0 0 0 0 -3 0 0 0 0 0 0 0 0 0 0 0 0 0 0 0 
0 0 0 -20 0 0 -18 26 10 34 -50 0 0 0 0 0 0 0 0 0 0 0 0 0 0 43 0 -26 0 0 0 48 35 0 0 0 0 -12 22 0 0 -47 0 0 -13 0 0 0 0 16 0 -29 0 0 0 0 0 -35 0 0 0 0 0 0 22 0 6 0 0 0 -35 -31 0 -7 26 -5 -45 0 0 -43 0 0 0 0 0 20 37 0 0 0 0 38 0 0 0 44 0 0 32 0 0 0 -15 -27 -47 0 0 0 0 0 0 0 0 0 0 0 0 0 0 0 0 0 0 0 37 
-28 0 0 0 30 -37 0 0 0 0 0 0 0 -18 0 0 0 4 0 0 0 0 0 20 0 0 0 0 0 0 0 33 0 0 -12 0 -46 -25 0 0 -49 0 0 11 -16 0 47 0 0 0 0 0 0 0 0 0 0 0 0 0 -12 -26 0 47 0 18 0 33 -40 23 0 -28 0 8 -5 27 -8 0 0 0 0 0 0 0 0 -18 -21 0 0 0 0 0 0 0 -13 0 0 0 0 -37 0 0 0 0 2 0 0 0 23 18 0 0 -19 0 0 0 0 0 -42 5 27 0 0 0 0 
0 0 0 -14 0 0 0 -16 0 0 0 0 -16 0 0 0 0 -10 0 0 0 0 0 0 -36 0 0 0 0 0 0 33 0 0 0 0 -39 0 -42 0 13 0 0 -41 0 0 0 0 21 0 0 0 -17 0 0 0 0 0 0 0 0 0 0 0 0 -18 -18 0 -28 -28 0 23 0 9 -45 -8 12 0 0 0 0 0 0 0 -26 0 0 0 -35 0 0 0 0 0 0 0 0 0 27 35 -22 0 0 4 26 0 0 0 0 0 0 0 0 0 0 3 0 0 0 0 0 0 0 0 3 
0 30 0 0 -11 32 18 0 43 0 0 0 0 0 0 0 0 0 0 0 34 0 0 0 0 0 0 3 0 0 4 0 5 0 0 40 0 0 13 0 0 0 0 37 0 42 26 0 0 0 -28 0 0 31 -44 0 50 0 0 0 0 -28 0 0 0 0 21 0 0 0 0 -8 0 0 0 0 0 9 0 -45 36 32 37 0 19 -37 -41 50 -28 0 3 0 28 0 0 0 0 0 0 -30 26 -27 0 17 -27 0 0 0 0 0 -22 0 -23 0 0 0 41 0 19 0 0 0 0 0 0 
8 0 0 0 0 38 0 0 6 -38 0 0 0 -1 -50 0 0 0 0 0 0 -19 0 0 0 0 8 0 -28 0 0 -17 0 0 0 0 0 0 0 0 0 0 -20 -6 0 0 0 -24 35 0 0 -38 0 0 0 0 0 0 -18 0 0 -6 0 0 17 0 0 0 -35 36 0 0 -40 0 0 0 0 0 8 24 0 0 0 0 0 47 0 0 -35 0 0 0 0 -13 0 0 0 0 0 0 0 31 0 0 0 0 -17 0 0 0 0 -45 0 0 0 0 0 -29 4 0 0 0 0 0 0 
-7 -18 0 0 -13 0 0 -47 13 0 0 0 0 0 0 0 4 44 0 22 27 0 -47 0 0 0 0 0 46 0 0 -33 0 0 0 -46 0 -44 0 -12 -32 0 -15 0 0 0 0 0 0 -15 -12 6 0 0 -30 0 0 0 0 38 0 1 0 0 0 0 0 0 0 0 0 0 0 0 -43 0 0 -45 24 32 0 0 0 17 0 0 0 0 0 0 0 0 0 2 0 0 0 -3 0 0 0 25 0 0 29 0 0 0 -14 0 0 0 0 0 0 36 0 0 0 0 4 0 0 -47 0 
-35 0 46 -25 0 0 0 0 39 0 30 0 0 0 0 0 0 0 0 0 0 0 0 11 0 0 0 0 -41 0 0 -5 0 -36 0 0 0 32 0 10 -8 0 0 0 -29 0 0 11 11 0 0 0 -35 0 0 0 0 0 0 0 0 0 -37 0 21 0 22 0 36 0 0 0 29 0 0 0 0 36 0 0 19 0 0 0 0 0 0 0 -27 -50 0 0 0 0 0 0 0 0 0 0 41 0 0 3 35 0 8 0 0 0 0 0 -20 0 0 0 0 0 0 -2 0 0 0 0 0 
0 0 0 0 0 -41 0 0 0 0 0 0 0 0 0 0 -30 0 0 36 0 21 0 0 0 0 -22 0 0 0 0 0 0 2 0 0 0 0 0 9 0 0 0 0 0 0 0 24 31 0 0 0 30 0 0 0 42 0 0 0 0 0 0 0 0 6 0 0 0 0 0 -22 0 0 0 0 0 32 0 0 0 12 0 0 0 0 0 0 -10 0 0 31 0 49 -27 0 0 -38 -31 0 0 0 8 0 0 0 0 0 -19 0 0 0 -6 0 0 0 0 -27 0 0 0 0 0 0 0 
0 34 0 7 0 0 0 0 0 0 0 0 0 0 0 0 0 0 0 0 0 12 0 4 5 0 -18 0 0 0 0 0 0 -30 -3 0 16 0 0 0 0 0 0 0 0 3 -47 0 0 0 -44 0 0 35 0 0 0 0 0 0 0 5 -5 0 0 0 0 43 0 0 0 0 0 -8 0 0 0 37 0 0 0 0 49 0 -17 0 -20 0 0 0 0 -11 -25 0 0 0 11 0 0 0 0 0 0 0 -10 0 0 0 0 0 41 0 0 0 0 0 0 0 0 0 0 6 0 -36 12 
0 0 0 -7 0 0 25 39 0 0 0 9 0 0 0 0 0 0 12 0 -3 13 0 0 0 0 0 0 0 -38 0 7 0 0 0 0 0 0 -7 0 0 15 0 0 0 -49 0 0 -40 0 0 -35 0 0 14 -39 -36 0 -35 0 25 0 0 36 43 0 0 23 42 0 0 0 30 0 0 0 0 0 0 17 0 0 0 12 0 -2 -44 0 0 0 0 0 0 0 0 0 0 0 0 0 0 -35 0 43 0 -32 9 0 -34 0 26 -49 0 0 0 0 0 0 -44 0 0 0 0 0 0 
0 0 0 0 18 -4 0 0 0 -3 0 23 0 0 0 4 0 0 0 7 0 0 0 0 0 0 0 45 0 43 0 0 0 -9 0 0 0 0 0 0 0 0 -31 0 0 14 3 36 0 14 0 0 17 0 0 0 0 0 -4 0 -26 6 -18 0 0 0 0 0 0 0 0 0 0 0 0 0 -26 19 0 0 0 0 -17 0 6 0 -30 0 0 0 0 0 -10 0 0 0 23 0 0 0 0 0 -7 0 0 0 0 0 49 0 -4 0 0 19 -47 0 0 -33 0 4 41 0 42 0 0 
0 35 0 0 0 -23 -3 0 0 -7 0 0 0 -21 0 0 0 0 0 0 0 0 0 0 0 0 0 -17 0 0 0 0 0 0 0 0 0 0 24 0 0 -23 0 0 3 0 0 0 0 0 37 0 0 -41 0 0 0 0 0 -23 0 0 0 0 47 0 -16 0 -31 0 0 -22 0 0 20 -18 0 -37 47 0 0 0 0 -2 0 6 -49 0 -15 0 0 0 0 0 0 -41 0 10 0 0 0 32 0 0 -28 0 0 0 0 0 46 7 0 0 -50 0 0 0 0 -33 -48 35 0 0 -27 
0 32 3 -13 0 3 0 0 0 -36 0 0 0 0 -30 0 22 0 0 0 0 17 42 12 45 0 0 -2 0 0 0 0 0 0 0 5 0 0 0 0 0 -8 0 0 -18 0 0 0 0 0 0 0 0 -45 0 -48 0 0 0 0 7 0 0 0 0 0 0 0 0 31 -11 0 0 0 37 -21 0 -41 0 0 0 0 -20 -44 -30 -49 51 0 27 0 48 0 0 0 0 0 0 0 0 0 0 0 0 0 0 7 0 0 0 0 0 0 0 23 0 0 0 33 34 0 0 0 0 0 0 
49 0 0 0 0 0 0 0 0 0 -27 0 0 0 0 0 0 -23 0 0 0 0 0 -1 0 0 -25 0 0 0 -49 0 -21 0 0 0 0 0 -9 47 0 0 -10 0 0 0 0 0 3 0 0 0 0 -12 13 0 0 0 0 3 0 0 0 -29 24 0 0 0 0 0 0 0 29 0 0 0 0 50 0 0 0 0 0 0 0 0 0 24 -36 0 0 0 -4 0 0 0 0 0 0 0 0 0 0 0 -22 -23 39 -33 0 42 28 0 0 30 0 6 49 0 0 0 0 0 -31 0 0 
0 -14 0 0 0 0 26 0 0 0 0 0 0 -1 0 0 0 0 0 0 -37 0 3 37 24 44 0 0 0 0 0 22 0 -25 0 -21 0 0 0 0 7 0 0 0 0 0 0 25 0 -34 28 0 0 0 0 0 -48 2 -40 0 0 0 0 0 0 0 0 0 0 0 0 32 0 0 0 0 -35 -28 -35 0 -27 -10 0 0 0 -15 27 -36 6 0 0 0 0 -27 0 0 0 0 0 0 0 0 0 0 -28 0 0 0 -33 0 0 0 -24 0 0 0 0 35 0 -28 50 36 0 0 0 
0 0 0 0 0 0 0 0 0 0 0 0 0 -33 12 -48 0 0 0 0 0 0 0 7 0 7 5 -38 42 0 0 4 28 0 0 0 0 0 0 0 0 0 0 0 0 0 0 -24 0 0 0 0 6 0 0 0 0 0 -33 0 0 0 0 0 29 0 0 0 0 -50 0 0 0 0 0 0 0 0 0 0 -50 0 0 0 0 0 0 0 0 14 42 0 0 0 25 0 0 -31 -32 0 0 0 0 0 20 0 -30 0 0 -9 0 0 -27 0 0 -7 0 0 0 0 0 0 0 40 0 
0 0 0 -19 -7 21 -42 0 25 0 6 0 0 0 0 -2 0 0 36 -41 0 0 -3 -49 0 12 0 49 -44 0 0 0 0 0 -15 49 -2 0 0 0 0 43 -2 -13 0 -21 0 0 0 0 -36 0 -2 0 -4 0 0 0 0 0 13 -24 7 0 44 28 -32 0 0 0 0 0 -33 0 0 0 0 3 0 0 0 0 0 0 0 0 48 0 0 42 42 -36 0 0 -21 0 0 0 0 0 0 0 25 -25 0 26 0 46 0 25 0 0 -7 0 35 0 0 0 0 0 0 1 0 17 0 
0 0 0 0 0 -8 0 0 0 -1 0 17 0 0 25 0 0 0 0 0 0 0 0 0 0 0 0 47 0 0 0 48 0 0 0 0 0 0 0 26 0 -10 0 0 0 0 0 0 0 0 1 0 -29 0 0 0 0 0 -19 0 46 28 0 0 0 0 0 0 46 0 -9 0 0 0 38 0 0 0 0 0 0 31 -11 0 0 0 0 0 0 0 -36 23 0 0 0 2 -40 0 0 0 0 22 0 0 0 0 0 0 0 0 0 36 0 -6 0 0 -48 0 0 0 3 -34 0 0 0 
0 11 0 -15 0 0 0 0 -39 0 43 -12 0 0 0 0 0 0 0 0 0 0 0 2 0 0 18 24 -34 0 0 0 0 1 0 0 -49 0 0 0 0 0 0 -5 0 0 14 0 0 0 0 0 -24 39 0 0 0 20 0 0 -24 0 0 29 0 0 42 0 14 0 0 0 0 0 0 0 0 28 0 0 0 0 -25 0 -10 0 0 -4 0 0 0 0 40 0 0 -7 0 -19 39 0 0 0 43 0 0 0 0 0 9 0 0 0 0 0 0 0 0 0 47 0 -36 0 0 0 -50 
0 0 -26 0 0 0 0 -36 0 0 0 0 0 0 0 0 0 0 29 0 0 0 0 0 35 0 -19 0 0 11 0 0 0 -26 0 0 38 7 0 0 0 0 0 36 0 0 29 0 0 0 0 0 0 0 37 0 0 0 0 0 0 0 11 0 0 0 0 0 0 0 0 0 0 0 0 0 0 0 -13 2 0 49 0 0 0 0 0 0 -27 0 0 0 0 21 0 35 0 8 50 0 0 0 0 -37 0 0 0 0 0 0 0 3 0 0 0 0 27 0 -32 0 0 0 0 -33 0 
-35 0 -44 0 0 0 0 30 20 0 0 0 0 0 0 0 0 0 0 15 0 0 0 0 0 46 0 0 31 0 15 -47 0 0 0 0 0 0 0 0 -5 0 0 0 0 -21 -42 36 0 0 0 0 0 0 -41 -14 0 42 0 0 0 0 0 0 0 0 0 25 0 0 0 0 -9 0 0 -13 0 0 0 0 0 -27 0 0 0 0 0 0 0 25 -21 0 0 0 31 -3 0 0 0 0 0 20 -5 0 0 0 0 0 -39 0 0 -43 -34 -36 0 0 0 -9 0 0 22 0 0 0 0 
-24 0 0 0 13 0 44 -33 0 0 0 -7 -29 48 0 0 0 0 0 -39 -41 29 0 -11 0 7 50 0 0 50 -45 0 0 -26 0 0 0 0 0 8 0 -6 0 0 -10 0 0 0 4 0 0 0 0 0 19 15 0 0 -12 0 0 0 0 0 0 38 26 0 0 0 0 0 -14 0 44 0 0 0 0 0 0 0 0 0 0 -41 0 0 0 0 0 2 -7 35 -3 30 0 0 0 25 0 38 0 -46 0 -40 0 31 0 0 45 0 43 0 0 -21 0 -10 0 0 -11 -20 0 0 0 
0 0 0 0 2 0 29 0 0 -47 0 0 0 0 0 0 0 -50 0 0 0 0 -39 1 0 0 0 1 0 0 -31 0 0 0 0 0 0 0 -41 0 0 0 0 0 13 24 18 9 0 19 0 0 3 -36 0 -41 -36 0 0 0 0 0 0 0 0 47 26 -39 0 0 -6 0 0 0 0 0 0 0 0 0 0 0 11 0 23 0 0 0 0 0 0 -40 0 0 0 0 9 0 0 -45 0 0 0 0 -4 0 0 0 0 -38 0 0 7 26 0 0 0 -31 0 47 49 0 0 0 39 
0 0 -14 -41 0 0 0 0 0 0 40 -47 15 0 -36 0 0 -24 10 0 -3 0 0 0 0 0 0 0 0 42 -16 0 0 0 -36 0 0 0 0 0 0 0 -35 -47 0 0 0 0 0 0 0 0 0 0 0 7 0 37 0 0 0 0 0 0 0 0 0 0 0 0 0 0 0 0 0 0 0 0 0 -3 0 -38 0 0 0 10 0 0 0 -31 0 0 -19 8 0 0 0 33 30 16 0 0 0 -20 0 0 0 0 -35 0 0 0 0 0 -33 0 0 0 0 -3 -14 0 0 0 35 
1 0 7 0 0 0 0 -12 -42 0 0 0 0 0 0 0 32 0 10 0 34 0 47 18 0 0 46 -28 0 0 0 -27 0 0 28 -46 0 -34 0 0 0 0 0 0 0 0 -35 3 0 0 0 0 0 -33 0 0 42 0 0 0 0 -36 0 0 0 -12 -45 0 0 0 -12 0 0 0 32 0 27 0 0 0 0 -31 0 0 0 0 0 0 0 -32 0 0 39 50 0 0 0 30 3 0 -28 12 -41 0 -19 -36 0 9 0 0 0 0 0 0 0 0 0 0 0 0 4 0 34 0 0 
0 0 -11 0 -9 0 0 0 0 -21 0 0 7 48 0 -12 0 21 0 -37 0 0 0 -38 0 0 0 0 0 0 0 0 0 49 0 0 0 0 0 0 0 0 10 0 0 28 0 0 0 -23 0 0 0 0 0 0 0 0 0 49 0 47 0 0 0 0 0 0 0 0 0 0 -39 0 0 -37 35 -30 0 0 0 0 0 0 0 0 0 0 0 0 0 0 0 0 0 25 -45 16 0 33 0 0 0 0 0 -34 0 0 0 0 0 0 0 0 0 0 0 -42 0 0 0 0 0 0 0 
33 0 24 0 -24 0 0 0 0 0 24 0 0 0 0 -13 -31 0 0 0 0 0 0 0 0 0 0 -41 0 0 28 0 0 0 17 0 0 0 0 0 0 0 -15 0 0 0 0 -30 0 0 0 0 0 0 0 0 0 0 0 -44 0 0 0 0 -38 11 0 0 -18 0 0 0 -28 0 0 0 -22 26 0 0 41 0 0 0 0 0 0 0 0 0 0 0 0 0 0 0 0 0 -28 0 22 0 0 0 0 19 0 0 0 -39 0 45 0 0 -19 25 0 0 -46 0 0 0 0 0 0 
8 0 0 0 0 -30 0 0 0 0 0 -20 0 0 0 0 0 0 -10 0 0 0 0 0 43 0 0 0 0 0 0 0 0 4 0 0 -8 0 19 -38 0 13 0 0 40 0 36 15 -5 0 0 0 0 -16 5 0 0 -7 -46 0 0 0 0 0 0 0 0 -21 0 0 0 0 0 0 0 0 0 -27 31 25 0 0 0 -35 0 32 0 0 0 0 0 22 0 0 20 38 0 0 12 0 0 37 0 37 0 19 9 0 0 0 0 -24 0 -27 31 42 -27 7 0 0 0 0 0 0 16 
0 0 1 12 0 0 39 0 0 0 0 0 0 0 -14 0 0 0 0 0 -31 0 0 -14 0 0 -35 0 0 0 0 -50 -40 -18 -10 8 0 0 0 -12 0 -4 0 0 0 0 -1 0 0 0 21 -17 0 0 0 33 38 -38 -36 0 0 -39 0 0 0 27 0 0 -43 0 0 0 0 0 -15 0 0 0 0 0 0 8 0 0 -7 0 0 0 0 0 25 0 43 0 -5 0 0 0 -41 0 0 0 9 0 -3 0 0 -10 0 0 0 46 0 0 0 0 38 0 17 0 0 0 0 8 36 
0 0 0 0 0 0 0 0 -35 0 0 0 0 -48 0 -46 0 0 0 0 0 0 0 0 -44 -28 -47 0 -5 -14 0 0 0 0 0 -9 0 0 0 0 0 0 -2 0 0 0 0 0 0 0 0 0 0 0 49 -42 0 0 0 0 0 0 0 0 0 0 0 -15 32 -20 0 0 50 0 -27 0 4 17 0 0 3 0 0 43 0 0 0 0 0 0 -25 0 0 -37 0 -46 0 -20 0 0 0 37 0 33 0 49 0 14 0 0 0 -15 11 0 -34 34 0 15 41 -38 0 0 0 0 -6 
0 0 7 -3 0 0 -25 0 0 -4 0 0 0 -22 0 0 -33 0 0 0 0 0 0 0 -23 0 -50 0 0 0 26 0 30 0 0 0 0 30 0 0 0 0 0 0 0 0 0 0 0 7 0 0 0 0 0 0 0 0 0 0 0 0 25 8 -31 0 0 0 0 0 0 18 0 0 -47 2 26 -27 0 29 35 0 -10 0 0 -28 0 -22 -28 20 0 0 0 0 0 0 -4 0 -19 0 0 0 -3 0 42 0 29 0 0 0 0 0 36 0 0 0 0 0 0 0 47 0 0 0 0 
0 0 0 0 0 -37 0 0 3 0 0 0 0 0 2 0 0 0 0 0 0 0 0 0 0 48 0 0 0 0 0 -9 31 -42 0 5 29 0 34 0 2 0 0 0 0 -11 0 -31 25 0 5 -45 -7 0 0 0 -41 0 -12 -25 0 16 0 0 -3 0 0 0 0 0 0 0 0 0 0 0 0 0 0 0 0 0 0 -32 0 0 7 -23 0 0 26 0 0 0 0 -40 0 0 -36 -34 19 19 0 49 0 46 0 0 0 0 0 0 35 0 0 0 0 0 0 -48 0 -29 0 0 0 
-19 0 7 0 -9 0 3 0 0 0 0 17 0 0 0 0 0 0 0 0 -49 0 0 0 45 0 0 0 0 0 -21 50 20 0 -42 0 0 0 -50 0 0 -33 0 0 0 0 0 0 0 -49 0 0 0 -22 0 0 8 -43 0 -3 0 0 0 0 0 0 0 0 47 0 30 0 0 0 0 0 0 0 -17 0 8 0 0 9 0 0 0 39 0 -30 0 0 0 0 0 0 0 0 0 0 0 9 0 0 29 0 22 0 0 0 0 -26 -1 0 0 0 0 14 -33 27 0 0 0 0 -1 
44 0 -19 0 0 0 0 0 0 20 0 0 49 -30 0 44 0 0 0 34 0 0 0 0 0 0 0 0 0 0 44 0 -43 14 0 0 0 0 0 0 -4 0 0 0 0 0 0 0 0 0 0 0 0 0 0 0 0 11 0 0 0 -1 0 0 0 0 0 0 0 0 0 0 0 0 0 0 0 0 0 0 0 0 0 0 0 0 0 -33 0 0 46 0 0 0 0 31 0 0 9 0 0 0 -10 14 0 0 0 33 50 -4 0 0 0 0 0 0 0 -20 0 0 0 0 0 0 0 
0 33 0 0 -30 0 0 0 0 39 0 7 0 0 0 0 0 0 27 0 0 0 -33 31 0 0 0 24 0 41 0 0 0 -41 0 0 -2 -8 0 0 49 0 0 0 0 0 0 12 0 0 6 0 0 0 0 0 0 0 0 0 0 9 48 0 0 -16 0 0 -29 0 0 40 22 0 0 23 0 0 0 -14 0 -19 0 -34 49 0 0 0 -33 0 0 0 9 0 -39 0 0 -35 0 0 0 0 0 0 0 0 0 50 44 0 0 0 0 0 0 0 -12 0 0 0 0 0 -21 0 0 
50 0 0 -7 22 3 22 0 -40 0 0 0 0 0 0 42 0 0 0 0 36 5 0 -9 0 0 0 0 0 0 3 48 0 -25 -13 0 -34 0 0 0 0 21 0 0 0 0 -34 0 -37 0 33 0 0 -48 0 14 0 0 0 0 0 -45 0 0 24 -3 0 0 -50 0 7 -1 0 -3 0 18 0 0 0 0 0 0 0 0 0 0 0 42 0 -9 25 0 0 0 0 0 -38 0 0 0 -39 0 0 0 0 0 0 -4 0 36 23 0 0 0 0 0 0 37 0 16 0 -9 0 0 0 
0 12 -7 0 -29 0 -22 -2 0 0 0 0 0 -2 0 0 0 0 0 3 0 0 -33 0 0 0 36 0 0 0 0 0 0 -47 0 0 0 -30 -49 0 -36 27 0 12 0 0 0 0 46 0 0 30 0 0 0 -47 21 -2 0 0 0 -28 49 0 -47 28 0 0 0 0 0 0 -33 0 0 0 0 -22 0 0 0 0 41 26 -4 46 0 28 0 0 0 0 0 0 0 45 0 0 0 0 0 0 0 0 0 0 0 0 0 23 32 0 0 0 -43 0 0 0 0 0 0 15 0 0 -8 
0 0 0 7 15 0 0 0 0 0 -32 0 0 0 27 0 0 0 0 0 0 0 0 0 0 0 0 -16 0 -1 -35 0 0 0 0 0 0 0 -4 0 0 7 0 0 0 0 0 -26 0 0 0 0 0 0 -13 0 0 24 0 -14 -47 0 -49 0 -5 0 14 0 0 0 -48 0 0 0 0 0 0 0 -45 0 0 0 0 -49 0 7 0 0 0 0 0 36 0 3 -43 0 0 0 0 0 45 -24 46 -15 0 0 -26 0 0 0 0 33 -16 -10 0 38 0 26 0 -40 0 21 0 31 0 
49 0 0 0 0 0 0 38 0 0 2 0 0 -44 0 0 0 0 -10 -9 0 0 -34 0 0 31 0 0 0 0 0 0 0 0 0 0 0 20 19 0 0 0 0 0 0 0 0 -43 0 0 36 0 4 1 0 0 0 0 0 0 -26 0 0 0 -19 0 0 0 0 23 4 0 25 0 0 -19 0 -23 0 0 -20 -6 0 0 0 0 0 0 -24 -27 -7 0 0 0 -34 43 7 0 0 0 0 0 0 11 36 35 -1 0 0 0 0 -16 1 -36 0 0 10 0 3 5 0 0 50 0 0 
0 0 45 0 0 0 0 29 0 0 0 0 27 0 0 0 0 0 0 0 0 22 0 0 -17 0 21 0 0 0 0 0 0 40 0 0 0 -17 0 0 0 0 0 15 0 34 -49 0 -44 0 2 0 -19 0 0 0 0 0 0 0 0 7 0 0 0 0 0 0 -26 0 0 0 0 0 0 0 0 0 0 0 0 0 0 0 19 0 23 30 0 0 0 -6 0 0 -36 0 26 0 0 0 0 -27 0 0 0 0 0 0 0 0 0 -10 -36 30 4 14 34 0 0 0 0 -36 0 0 0 
0 0 0 0 0 0 0 0 0 0 0 0 0 0 0 -25 0 0 -29 0 0 -28 0 0 0 -13 0 33 0 0 0 0 0 0 -3 0 -15 0 0 0 -33 0 -2 0 0 0 0 0 35 -19 0 0 25 0 0 0 0 0 0 0 0 34 5 0 0 0 32 0 0 0 0 0 0 0 0 0 0 0 0 0 0 0 0 0 -47 -50 0 0 0 0 35 0 0 0 0 0 0 -33 0 0 -19 31 0 -34 0 0 0 0 0 0 -43 0 0 4 32 0 -17 0 0 -36 0 0 7 0 0 
-31 0 43 -44 11 0 0 0 0 0 0 0 0 0 0 0 0 0 0 31 0 27 0 0 0 0 0 0 0 0 0 -8 0 0 0 0 27 0 9 47 0 0 15 0 0 0 0 0 0 0 0 0 -3 0 0 0 0 0 0 0 0 30 0 0 0 0 12 -16 4 0 0 0 0 0 0 0 3 0 0 36 0 0 0 0 0 0 0 6 0 -7 0 0 0 0 0 -21 0 0 0 0 25 42 0 34 0 0 0 0 0 0 0 38 0 14 0 42 37 0 0 0 0 0 0 0 0 
0 0 0 1 0 0 0 0 -2 36 0 0 -35 -14 0 0 0 18 0 0 24 0 0 0 0 0 0 0 0 -40 0 0 0 0 0 0 0 0 0 -1 0 0 0 0 0 14 -11 0 0 0 0 0 0 0 0 0 0 0 0 0 0 0 0 0 0 -37 0 18 0 0 14 -4 0 0 0 0 0 41 0 0 0 0 0 0 0 0 0 49 0 0 0 -48 0 27 0 0 0 0 0 0 0 -27 38 0 0 0 0 0 -12 0 0 0 10 34 -17 37 38 0 -18 0 0 0 8 0 0 
0 0 0 2 0 0 -25 0 0 0 0 0 -13 0 0 0 0 0 0 0 49 17 -49 45 0 0 -1 0 -4 0 0 46 0 0 0 0 0 0 -39 5 0 0 0 0 0 27 0 0 20 -1 35 0 0 36 0 0 24 31 0 47 0 0 0 0 14 0 0 -34 0 0 -19 14 0 0 0 0 0 0 -29 0 0 -27 0 0 -33 0 33 0 35 0 0 0 0 0 -9 -10 -31 0 0 -42 0 7 0 15 0 0 14 -20 0 37 0 26 0 0 0 0 0 24 0 -36 0 0 0 0 0 
0 0 0 0 0 0 -22 0 0 0 0 0 -18 0 0 37 0 -25 8 0 0 0 33 0 44 0 0 0 -26 0 21 0 0 0 0 0 0 0 45 0 -45 0 0 0 48 19 13 -22 0 0 0 26 0 -44 -25 0 0 0 0 0 0 0 19 0 0 0 11 0 -21 0 0 -6 0 0 0 -42 0 19 4 0 0 0 0 -44 0 0 34 0 0 0 0 0 47 -32 0 0 0 0 0 0 -46 0 17 41 0 0 -33 0 0 0 0 0 3 0 0 0 -18 0 35 0 0 0 0 0 0 
0 0 0 0 0 43 0 0 -39 0 0 0 13 -39 0 0 0 0 0 0 0 0 0 -44 0 0 0 0 0 -44 0 13 2 0 0 0 0 -6 0 -27 0 0 0 0 0 -40 0 -22 0 0 28 0 0 0 0 20 41 0 0 0 0 0 0 0 0 0 0 0 0 0 0 39 1 0 0 5 0 0 0 0 -2 0 0 0 4 -33 0 0 -28 0 0 0 0 0 0 0 47 -3 0 0 0 0 0 -38 0 -48 27 0 0 16 0 -40 5 0 -36 0 0 -36 0 27 0 0 17 0 0 
0 0 0 0 0 0 0 0 -50 0 0 0 29 46 0 0 0 0 0 -15 34 0 32 0 -35 0 14 10 -36 0 49 40 0 0 0 0 0 0 -5 0 0 0 0 31 0 0 0 0 0 0 29 -22 0 0 0 0 0 0 -19 0 -2 0 0 0 0 -50 0 0 -22 0 0 0 27 0 0 27 0 0 0 4 0 0 0 0 41 -48 0 0 50 0 0 3 -36 0 22 -11 49 -14 4 0 0 0 0 0 47 0 0 0 0 0 0 0 0 0 0 0 0 0 0 0 46 0 0 0 0 
21 39 -2 0 0 0 0 50 0 0 0 0 0 -36 -11 0 0 30 0 40 0 0 0 0 26 0 0 0 0 0 0 0 0 0 0 -22 0 0 0 35 -48 0 0 0 0 0 0 0 0 39 0 0 0 0 0 0 0 0 44 -23 0 0 0 0 -35 -2 0 0 -8 0 0 0 0 0 0 0 0 0 0 0 0 0 6 0 0 35 0 0 36 0 1 -34 0 0 0 -20 0 0 0 0 0 0 0 0 0 -29 0 0 0 -9 15 21 0 -36 0 0 0 0 0 0 0 13 0 0 0 
0 0 0 -8 31 0 0 1 0 0 0 -12 0 -18 -4 0 0 -40 0 0 0 0 0 0 0 -45 0 0 0 0 48 0 0 0 22 42 -9 15 0 35 0 0 0 0 0 0 34 0 0 0 -20 -47 0 -5 0 0 -9 0 -1 -44 0 -9 0 40 0 11 0 0 16 -35 0 0 0 0 0 0 0 0 0 0 0 0 0 0 42 0 0 -31 0 0 0 0 0 0 0 0 0 0 34 0 0 0 0 0 0 0 0 0 -21 0 0 0 50 0 7 0 8 0 0 17 0 0 36 21 0 
0 23 -29 0 -21 0 0 12 -21 0 0 10 0 0 -17 25 -17 0 2 45 0 0 0 0 -37 13 0 0 0 42 45 -14 0 0 0 0 0 0 0 0 0 0 0 -39 0 -23 0 0 0 0 0 0 0 0 12 0 22 0 0 0 -16 19 -2 0 0 0 8 0 0 0 0 0 0 0 0 0 0 0 0 -47 0 0 -36 0 0 0 0 0 0 40 17 0 0 -33 0 0 0 0 0 0 0 0 8 0 0 0 0 0 0 0 0 31 0 0 0 0 0 0 0 0 0 0 21 22 0 
0 -48 0 0 0 0 0 0 0 0 -37 0 0 0 0 0 0 0 0 0 0 0 0 0 0 0 0 0 0 -35 0 0 0 0 0 0 0 48 0 0 0 38 0 0 0 0 0 0 -23 0 0 -19 -12 0 0 0 9 0 0 0 34 0 26 0 4 0 0 0 0 0 0 0 0 0 37 0 3 0 0 0 0 0 12 0 0 -27 0 0 0 0 0 0 -50 0 0 0 39 35 0 0 0 16 36 -6 0 0 -1 0 0 0 -8 0 0 0 0 0 0 0 0 0 0 0 0 0 12 
