70
-24 9 25 -21 -8 12 -49 -41 3 44 22 -25 -38 -31 4 30 19 -46 0 -50 -25 0 -48 9 -49 34 -38 11 -48 -47 -34 26 -35 -36 -1 -47 -35 -18 -48 -29 16 -24 30 -23 31 31 17 19 28 25 -22 18 -4 40 -29 17 23 2 -28 40 31 7 16 13 24 -44 -9 43 -8 -28 
33 5 40 7 0 14 12 7 32 7 24 46 0 0 -10 -12 -36 0 -27 -23 30 -44 0 0 -16 -33 22 -16 0 47 3 -7 -17 -18 0 -47 -11 -44 44 30 16 30 24 31 -29 -49 -40 -35 44 0 46 21 47 26 -5 -15 -20 -22 0 29 37 27 -48 21 0 0 8 -15 -35 9 
5 10 0 0 0 45 0 49 34 2 0 -8 -40 -14 -32 33 -15 0 -45 -31 0 -28 50 0 -22 46 32 14 0 0 -50 42 -2 1 -19 0 45 -33 -41 8 44 49 27 -27 -31 0 44 47 26 -46 0 -2 3 46 -35 8 -48 0 45 -10 30 6 -19 6 19 41 0 33 0 41 
40 0 42 -42 0 -9 -14 -29 48 8 8 -49 0 -33 0 38 0 38 -49 -46 9 -37 -40 -23 -39 -34 0 -7 0 -26 -44 23 0 -41 0 0 22 0 0 0 0 -46 0 -31 -34 6 -36 45 -25 19 -20 22 -45 -35 0 26 36 11 -18 -29 -20 -34 41 -4 -41 -18 -28 0 24 -40 
7 0 -42 16 0 28 20 15 48 0 7 16 50 -45 -1 30 0 35 0 0 0 -39 0 40 20 0 0 -43 40 -34 44 8 -35 44 6 36 0 31 0 0 -1 -10 0 17 -2 0 0 -4 3 7 40 50 28 -24 -36 -7 -7 -6 0 0 -29 0 -21 -40 34 0 32 -21 0 0 
0 0 0 0 47 7 17 -3 24 17 46 12 37 -49 -25 46 41 -49 -42 2 46 48 19 5 45 41 0 0 38 0 36 0 32 18 -8 0 -8 7 -45 -36 -10 27 48 46 -18 12 17 -50 -11 35 -37 0 0 0 30 11 -50 44 -9 50 8 48 42 -42 0 0 -17 -37 -1 0 
14 45 -9 28 7 15 -29 -34 -22 22 35 -37 12 0 -7 -29 5 -36 17 8 32 0 23 -5 15 16 -17 23 49 -5 0 0 -28 -49 -49 13 -13 48 -34 0 -22 21 0 27 -48 0 0 -39 7 22 -23 -8 -9 17 0 0 48 -46 28 -2 -7 -2 36 36 0 34 -10 -45 22 6 
12 0 -14 20 17 -29 4 16 -21 -32 -20 7 35 -16 20 0 47 0 -8 0 0 -34 0 -25 9 -43 -44 -39 0 28 11 27 21 21 -42 0 15 29 0 2 41 0 9 0 -41 0 46 20 34 0 -4 0 -25 37 19 -35 0 29 0 11 -38 -49 -38 -7 -16 48 0 -39 -41 30 
7 49 -29 15 -3 -34 16 14 -18 -48 0 8 0 0 -32 -25 -26 0 36 -47 0 -1 -12 -19 0 -26 -7 -10 0 0 23 -36 -19 38 47 0 0 -11 39 -23 12 48 50 -4 33 0 -39 45 -11 38 0 0 -29 0 37 24 47 47 0 0 -8 -10 20 0 0 0 0 14 48 34 
32 34 48 48 24 -22 -21 -18 1 0 38 15 -9 -47 -44 2 -49 -13 -23 1 13 0 25 3 20 -44 28 -47 -14 -7 32 0 -17 -47 0 -38 0 0 0 -47 0 38 24 -7 0 -1 22 -20 31 -47 -43 0 -22 15 -4 49 -20 42 33 -23 2 39 0 -28 28 0 0 0 21 -47 
7 2 8 0 17 22 -32 -48 0 39 39 40 20 12 -5 -30 0 33 -45 18 -44 29 -33 0 0 41 0 -39 0 0 42 -1 32 46 -50 -50 0 -38 0 0 0 24 0 -8 10 11 0 23 -9 -19 -23 -16 0 -22 0 -37 41 -3 -30 -26 27 -7 -15 15 0 -21 0 -30 0 -48 
24 0 8 7 46 35 -20 0 38 39 9 -6 22 -26 40 -13 29 1 -24 -37 -24 -26 -20 43 -17 40 -40 21 -22 0 -21 7 48 -40 0 46 0 28 0 0 39 0 -31 20 0 0 22 -13 17 -22 28 50 40 -19 0 10 0 -39 -39 0 -47 0 19 -33 -16 3 11 0 22 10 
46 -8 -49 16 12 -37 7 8 15 40 -6 51 0 0 0 -22 9 -41 19 46 0 -26 0 0 0 3 25 46 -39 -35 -8 0 -21 -4 -32 14 -13 42 -47 15 0 0 25 -34 26 0 0 12 -48 23 0 24 27 41 -17 5 21 24 -19 -32 40 -18 23 0 45 24 -48 0 -27 43 
0 -40 0 50 37 12 35 0 -9 20 22 0 19 4 16 37 -1 0 -22 41 46 2 0 -25 -6 50 0 37 -46 -43 -40 0 -16 -9 -40 45 6 26 -16 -40 11 6 22 0 0 -35 1 0 10 29 19 -14 -4 0 0 0 -40 -37 -19 10 -33 0 37 -37 0 4 -44 34 0 35 
0 -14 -33 -45 -49 0 -16 0 -47 12 -26 0 4 8 -48 2 0 0 -32 -4 -14 6 0 -40 20 -3 0 4 0 -40 0 -10 2 -26 48 -17 -22 7 0 -34 4 43 0 0 0 0 5 38 19 0 0 0 31 -13 -41 -43 5 36 0 0 0 0 -19 0 -41 -29 35 38 0 17 
-10 -32 0 -1 -25 -7 20 -32 -44 -5 40 0 16 -48 12 22 0 0 0 0 -32 21 37 24 -27 48 0 2 -32 -26 39 31 0 26 2 0 -10 0 0 -18 0 49 42 -12 -50 47 43 16 0 0 14 -34 0 0 38 -26 32 -33 0 42 -13 0 0 -19 4 -23 18 0 13 0 
-12 33 38 30 46 -29 0 -25 2 -30 -13 -22 37 2 22 24 47 0 20 23 43 -14 0 12 12 -17 -12 -31 -42 -39 -9 -29 0 12 28 -11 45 0 0 0 49 0 -20 0 -23 0 39 29 -37 -8 -18 12 44 5 -49 11 -27 0 -20 0 -24 6 17 -18 0 -30 -24 1 29 30 
-36 -15 0 0 41 5 47 -26 -49 0 29 9 -1 0 0 47 1 0 0 41 45 0 0 -30 0 -44 19 2 0 0 2 38 12 45 47 19 0 0 -46 0 0 -1 0 0 -12 -40 -44 -2 0 0 0 0 0 -31 50 -1 30 0 0 7 -10 13 -32 20 -19 0 35 0 0 30 
0 0 38 35 -49 -36 0 0 -13 33 1 -41 0 0 0 0 0 8 0 20 0 0 47 18 -37 -2 37 0 47 0 0 0 -4 0 0 -10 0 39 0 12 32 24 0 -28 -15 -19 -22 0 24 -42 35 0 41 16 0 -5 20 0 20 -30 0 0 39 -18 1 11 6 16 15 0 
-27 -45 -49 0 -42 17 -8 36 -23 -45 -24 19 -22 -32 0 20 0 0 6 26 -18 -27 0 0 0 -26 0 -28 -20 -26 -50 -17 -19 0 -46 1 -16 -7 6 0 0 0 16 -7 -19 -20 -15 0 47 -15 -14 -24 -9 37 42 0 47 0 46 -4 0 0 -28 0 -36 13 -38 -23 0 0 
-23 -31 -46 0 2 8 0 -47 1 18 -37 46 41 -4 0 23 41 20 26 16 12 32 -43 -22 0 -13 -26 -42 44 -2 42 -39 23 -32 42 21 32 27 0 0 -18 0 15 33 0 0 8 2 21 0 4 -50 16 0 0 26 0 9 0 -35 -34 -41 -50 0 28 46 -17 0 36 48 
30 0 9 0 46 32 0 0 13 -44 -24 0 46 -14 -32 43 45 0 -18 12 47 0 -35 21 43 -16 36 -40 -24 14 -33 0 38 0 -15 14 30 29 17 0 17 0 0 0 0 0 -23 11 -11 11 2 -28 -2 0 9 3 -49 7 -42 -12 0 0 0 -40 0 11 10 -19 -9 12 
-44 -28 -37 -39 48 0 -34 -1 0 29 -26 -26 2 6 21 -14 0 0 -27 32 0 43 -37 -13 43 0 -3 -44 0 -12 -36 49 -33 -3 26 -23 32 30 27 -14 0 -37 -8 -26 29 10 -45 8 -16 -21 28 -25 32 34 35 0 -31 -35 0 33 5 -21 10 13 0 37 27 11 33 -27 
0 50 -40 0 19 23 0 -12 25 -33 -20 0 0 0 37 0 0 47 0 -43 -35 -37 50 43 0 -41 -4 36 -50 0 44 37 0 45 0 0 0 30 -27 -1 14 -2 -11 -31 39 41 -32 -34 0 0 47 0 26 19 28 -4 44 0 0 25 0 -1 34 33 -11 0 -18 -20 0 -44 
0 0 -23 40 5 -5 -25 -19 3 0 43 0 -25 -40 24 12 -30 18 0 -22 21 -13 43 5 0 9 0 6 -18 46 0 -13 50 0 26 0 13 -3 -24 0 40 37 39 0 17 20 43 -7 -26 0 -24 43 6 -33 16 -32 0 0 19 39 -49 0 -50 0 33 42 10 -43 40 36 
-16 -22 -39 20 45 15 9 0 20 0 -17 0 -6 20 -27 12 0 -37 0 0 43 43 0 0 41 -10 36 0 0 40 -16 26 4 -15 47 33 -33 -48 21 0 -3 -15 0 0 48 0 -41 -37 -24 0 7 0 -41 0 0 0 -20 -20 -28 0 0 0 42 -36 27 26 -6 1 -41 -18 
-33 46 -34 0 41 16 -43 -26 -44 41 40 3 50 -3 48 -17 -44 -2 -26 -13 -16 0 -41 9 -10 6 -23 -35 -6 0 47 16 -20 -24 5 14 28 -21 0 -48 -36 0 -32 49 35 -30 0 -48 34 7 0 -28 -12 12 -34 45 -4 0 10 -42 0 -15 0 40 42 34 13 -45 20 -14 
22 32 0 0 0 -17 -44 -7 28 0 -40 25 0 0 0 -12 19 37 0 -26 36 -3 -4 0 36 -23 36 -7 38 12 -25 -2 43 3 43 0 49 0 28 0 33 0 -31 40 -2 28 0 -4 -7 35 -22 28 0 0 -43 -17 0 33 -44 0 -35 -50 -21 46 -39 -44 17 24 -24 -16 
-16 14 -7 -43 0 23 -39 -10 -47 -39 21 46 37 4 2 -31 2 0 -28 -42 -40 -44 36 6 0 -35 -7 18 0 38 0 0 0 -19 33 -7 0 -17 -13 -30 -21 0 1 -34 3 11 -46 -3 5 4 -5 -12 8 -39 46 -7 35 26 18 -31 44 44 0 0 -42 50 -23 -24 12 -13 
0 0 0 40 38 49 0 0 -14 0 -22 -39 -46 0 -32 -42 0 47 -20 44 -24 0 -50 -18 0 -6 38 0 15 -29 40 33 6 23 0 0 0 -17 19 15 46 0 23 -39 26 -2 -12 0 0 4 32 8 38 0 0 -41 23 -30 -17 0 0 -40 0 12 7 -34 -32 -35 0 -30 
47 0 -26 -34 0 -5 28 0 -7 0 0 -35 -43 -40 -26 -39 0 0 -26 -2 14 -12 0 46 40 0 12 38 -29 40 3 -47 0 -7 0 -49 44 45 -20 -24 47 -38 0 -8 -33 -18 0 -32 24 46 0 0 -43 49 9 34 0 0 0 0 26 23 0 -40 13 0 -49 0 1 -3 
3 -50 -44 44 36 0 11 23 32 42 -21 -8 -40 0 39 -9 2 0 -50 42 -33 -36 44 0 -16 47 -25 0 40 3 37 0 38 36 -44 -7 -4 0 31 -29 31 0 0 40 -18 -6 33 8 0 47 19 -15 -9 0 4 -30 19 -36 -24 35 49 -20 33 0 0 -44 0 46 -30 0 
-7 42 23 8 0 0 27 -36 0 -1 7 0 0 -10 31 -29 38 0 -17 -39 0 49 37 -13 26 16 -2 0 33 -47 0 42 0 47 -6 0 0 -48 -43 -31 -15 -15 35 0 35 0 -4 0 -15 0 0 -14 -48 0 24 41 -21 0 -2 0 48 38 -4 12 0 -46 2 -25 -12 16 
-17 -2 0 -35 32 -28 21 -19 -17 32 48 -21 -16 2 0 0 12 -4 -19 23 38 -33 0 50 4 -20 43 0 6 0 38 0 6 -49 -8 0 7 0 -13 -46 16 0 0 0 0 -10 -44 -23 -32 1 -21 -14 0 26 47 -32 0 0 -35 7 -21 6 -27 -12 -41 0 -40 0 36 38 
-18 1 -41 44 18 -49 21 38 -47 46 -40 -4 -9 -26 26 12 45 0 0 -32 0 -3 45 0 -15 -24 3 -19 23 -7 36 47 -49 26 -34 -11 -40 -35 0 -37 40 0 38 -19 48 45 45 32 -32 39 9 0 0 0 -44 0 -40 -21 -24 -20 23 0 0 0 0 2 2 -23 -39 20 
0 -19 0 6 -8 -49 -42 47 0 -50 0 -32 -40 48 2 28 47 0 -46 42 -15 26 0 26 47 5 43 33 0 0 -44 -6 -8 -34 39 9 -14 0 21 -20 0 19 -50 -8 27 42 23 7 0 -39 0 -13 -49 -3 50 -38 -5 17 24 -26 37 -17 -30 -46 0 0 0 -45 -22 4 
-47 0 0 36 0 13 0 0 -38 -50 46 14 45 -17 0 -11 19 -10 1 21 14 -23 0 0 33 14 0 -7 0 -49 -7 0 0 -11 9 37 -8 37 0 25 -31 1 -4 -19 -13 -2 -32 0 17 26 41 0 48 20 -19 -7 0 0 0 -9 47 0 32 -25 -4 -33 0 0 12 0 
-11 45 22 0 -8 -13 15 0 0 0 0 -13 6 -22 -10 45 0 0 -16 32 30 32 0 13 -33 28 49 0 0 44 -4 0 7 -40 -14 -8 44 -7 5 0 -46 -16 -40 0 29 -29 -50 -36 0 14 -49 2 -34 0 43 0 0 -1 0 12 0 0 0 0 21 37 -48 0 0 0 
-44 -33 0 31 7 48 29 -11 0 -38 28 42 26 7 0 0 0 39 -7 27 29 30 30 -3 -48 -21 0 -17 -17 45 0 -48 0 -35 0 37 -7 2 24 45 -5 -27 30 -15 34 -5 45 0 -18 -12 23 0 47 -19 0 -41 0 -47 9 0 46 21 -49 -49 31 -5 -42 30 -22 3 
44 -41 0 0 -45 -34 0 39 0 0 0 -47 -16 0 0 0 -46 0 6 0 17 27 -27 -24 21 0 28 -13 19 -20 31 -43 -13 0 21 0 5 24 24 -40 0 -7 -9 35 -45 0 22 0 -11 15 48 -4 -48 -43 -18 41 0 37 -9 -36 -48 40 0 7 -46 -45 49 0 0 -47 
30 8 0 0 -36 0 2 -23 -47 0 0 15 -40 -34 -18 0 0 12 0 0 0 -14 -1 0 0 -48 0 -30 15 -24 -29 -31 -46 -37 -20 25 0 45 -40 43 -1 22 -5 -30 0 0 8 0 -7 0 -18 -27 -23 -8 -8 -35 22 38 -37 -41 0 -13 35 -38 31 4 0 7 -5 49 
16 44 0 -1 -10 -22 41 12 0 0 39 0 11 4 0 49 0 32 0 -18 17 0 14 40 -3 -36 33 -21 46 47 31 -15 16 40 0 -31 -46 -5 0 -1 23 -17 0 39 41 37 38 48 0 12 0 -14 -10 -9 16 4 -43 -26 34 10 0 -24 0 -26 13 -22 -13 -24 -9 -43 
30 49 -46 -10 27 21 0 48 38 24 0 0 6 43 49 0 -1 24 0 0 0 -37 -2 37 -15 0 0 0 0 -38 0 -15 0 0 19 1 -16 -27 -7 22 -17 34 0 30 6 -15 0 10 -17 46 18 45 -49 48 29 10 20 0 29 0 -6 5 0 -9 11 -31 27 -3 -35 -19 
24 27 0 0 48 0 9 50 24 0 -31 25 22 0 42 -20 0 0 16 15 0 -8 -11 39 0 -32 -31 1 23 0 0 35 0 38 -50 -4 -40 30 -9 -5 0 0 7 0 0 -9 0 -9 0 30 0 -3 1 0 1 -26 37 11 29 0 36 -15 0 47 12 16 -47 41 -24 -50 
31 -27 -31 17 46 27 0 -4 -7 -8 20 -34 0 0 -12 0 0 -28 -7 33 0 -26 -31 0 0 49 40 -34 -39 -8 40 0 0 -19 -8 -19 0 -15 35 -30 39 30 0 47 5 -46 -28 -26 -14 -8 -8 0 0 39 0 -21 0 -38 25 6 28 32 -27 0 26 0 13 0 -10 0 
-29 -31 -34 -2 -18 -48 -41 33 0 10 0 26 0 0 -50 -23 -12 -15 -19 0 0 29 39 17 48 35 -2 3 26 -33 -18 35 0 48 27 -13 29 34 -45 0 41 6 0 5 10 10 47 0 29 -24 8 0 5 1 47 38 -17 41 -42 0 15 0 -30 -24 -3 3 35 0 0 50 
-49 0 6 0 12 0 0 0 -1 11 0 0 -35 0 47 0 -40 -19 -20 0 0 10 41 20 0 -30 28 11 -2 -18 -6 0 -10 45 42 -2 -29 -5 0 0 37 -15 -9 -46 10 39 0 -21 43 0 0 0 40 -14 0 -22 0 35 -5 10 24 4 33 0 -29 -40 -1 0 0 0 
-40 44 -36 0 17 0 46 -39 22 0 22 0 1 5 43 39 -44 -22 -15 8 -23 -45 -32 43 -41 0 0 -46 -12 0 33 -4 -44 45 23 -32 -50 45 22 8 38 0 0 -28 47 0 19 0 -39 -6 41 -1 10 -8 0 -23 -17 30 40 -2 -40 -42 -32 0 -45 -35 5 11 9 13 
-35 47 45 -4 -50 -39 20 45 -20 23 -13 12 0 38 16 29 -2 0 0 2 11 8 -34 -7 -37 -48 -4 -3 0 -32 8 0 -23 32 7 0 -36 0 0 0 48 10 -9 -26 0 -21 0 48 -30 47 12 -31 -46 0 0 27 30 -23 -47 -4 -44 36 8 -4 -11 23 -35 17 1 -20 
44 26 -25 3 -11 7 34 -11 31 -9 17 -48 10 19 0 -37 0 24 47 21 -11 -16 0 -26 -24 34 -7 5 0 24 0 -15 -32 -32 0 17 0 -18 -11 -7 0 -17 0 -14 29 43 -39 -30 8 0 0 24 0 45 8 -39 -43 -22 -8 -7 -11 45 -30 28 -28 0 -36 -8 0 5 
0 -46 19 7 35 22 0 38 -47 -19 -22 23 29 0 0 -8 0 -42 -15 0 11 -21 0 0 0 7 35 4 4 46 47 0 1 39 -39 26 14 -12 15 0 12 46 30 -8 -24 0 -6 47 0 4 -41 39 17 31 18 -38 -10 32 0 -37 0 -41 4 16 -28 -10 0 -41 -18 -5 
46 0 -20 40 -37 -23 -4 0 -43 -23 28 0 19 0 14 -18 0 35 -14 4 2 28 47 -24 7 0 -22 -5 32 0 19 0 -21 9 0 41 -49 23 48 -18 0 18 0 -8 8 0 41 12 0 -41 47 0 20 -16 0 39 -24 48 0 -26 21 -41 -2 21 -36 38 -33 8 -18 29 
21 -2 22 50 0 -8 0 0 0 -16 50 24 -14 0 -34 12 0 0 -24 -50 -28 -25 0 43 0 -28 28 -12 8 0 -15 -14 -14 0 -13 0 2 0 -4 -27 -14 45 -3 0 0 0 -1 -31 24 39 0 37 -31 -9 -21 13 0 -48 34 22 0 0 0 -12 -16 0 -40 -5 24 41 
47 3 -45 28 0 -9 -25 -29 -22 0 40 27 -4 31 0 44 0 41 -9 16 -2 32 26 6 -41 -12 0 8 38 -43 -9 -48 0 0 -49 48 -34 47 -48 -23 -10 -49 1 0 5 40 10 -46 0 17 20 -31 18 2 0 -37 0 19 -16 -41 -50 4 16 -26 9 0 0 -49 31 43 
26 46 -35 -24 0 17 37 0 15 -22 -19 41 0 -13 0 5 -31 16 37 0 0 34 19 -33 0 12 0 -39 0 49 0 0 26 0 -3 20 0 -19 -43 -8 -9 48 0 39 1 -14 -8 0 45 31 -16 -9 2 12 0 36 29 20 -45 -42 32 0 0 0 -45 6 -37 13 0 -38 
-5 -35 0 -36 30 0 19 37 -4 0 0 -17 0 -41 38 -49 50 0 42 0 9 35 28 16 0 -34 -43 46 0 9 4 24 47 -44 50 -19 43 0 -18 -8 16 29 1 0 47 0 0 0 8 18 0 -21 0 0 4 26 0 -48 43 -15 0 0 -29 47 -8 -38 50 0 32 -23 
-15 8 26 -7 11 0 -35 24 49 -37 10 5 0 -43 -26 11 -1 -5 0 26 3 0 -4 -32 0 45 -17 -7 -41 34 -30 41 -32 0 -38 -7 0 -41 41 -35 4 10 -26 -21 38 -22 -23 27 -39 -38 39 13 -37 36 26 32 0 0 35 10 -21 48 0 -45 14 0 46 -38 30 15 
-20 -48 36 -7 -50 48 0 47 -20 41 0 21 -40 5 32 -27 30 20 47 0 -49 -31 44 0 -20 -4 0 35 23 0 19 -21 0 -40 -5 0 0 0 0 22 -43 20 37 0 -17 0 -17 30 -43 -10 -24 0 0 29 0 0 28 -42 0 0 0 -22 50 -23 30 0 0 0 0 -8 
-22 0 11 -6 44 -46 29 47 42 -3 -39 24 -37 36 -33 0 0 0 0 9 7 -35 0 0 -20 0 33 26 -30 0 -36 0 0 -21 17 0 -1 -47 37 38 -26 0 11 -38 41 35 30 -23 -22 32 48 -48 19 20 -48 0 -42 37 48 27 15 25 43 33 18 -29 46 -42 -25 0 
0 45 -18 0 -9 28 0 0 33 -30 -39 -19 -19 0 0 -20 0 20 46 0 -42 0 0 19 -28 10 -44 18 -17 0 -24 -2 -35 -24 24 0 0 9 -9 -37 34 29 29 25 -42 -5 40 -47 -8 0 0 34 -16 -45 43 35 0 48 5 0 -41 -8 -35 -40 -11 -45 2 -27 42 25 
29 -10 -29 0 50 -2 11 0 -23 -26 0 -32 10 0 42 0 7 -30 -4 -35 -12 33 25 39 0 -42 0 -31 0 0 35 0 7 -20 -26 -9 12 0 -36 -41 10 0 0 6 0 10 -2 -4 -7 -37 -26 22 -41 -42 -15 10 0 27 0 22 43 -20 -8 23 32 38 -33 -18 0 37 
37 30 -20 -29 8 -7 -38 -8 2 27 -47 40 -33 0 -13 -24 -10 0 0 -34 0 5 0 -49 0 0 -35 44 0 26 49 48 -21 23 37 47 0 46 -48 0 0 -6 36 28 15 24 -40 -44 -11 0 21 0 -50 32 0 -21 0 15 -41 43 29 0 0 -50 18 41 -14 -7 -7 45 
27 6 -34 0 48 -2 -49 -10 39 -7 0 -18 0 0 0 6 13 0 0 -41 0 -21 -1 0 0 -15 -50 44 -40 23 -20 38 6 0 -17 0 0 21 40 -13 -24 5 -15 32 0 4 -42 36 45 -41 -41 0 4 0 0 48 -22 25 -8 -20 0 19 22 21 -37 -7 -43 -29 0 27 
-48 -19 41 -21 42 36 -38 20 0 -15 19 23 37 -19 0 17 -32 39 -28 -50 0 10 34 -50 42 0 -21 0 0 0 33 -4 -27 0 -30 32 0 -49 0 35 0 0 0 -27 -30 33 -32 8 -30 4 -2 0 16 0 -29 0 50 43 -35 -8 0 22 3 8 0 -42 1 29 0 0 
21 6 -4 -40 -42 36 -7 0 -28 15 -33 0 -37 0 -19 -18 20 -18 0 0 -40 13 33 0 -36 40 46 0 12 -40 0 12 -12 0 -46 -25 0 -49 7 -38 -26 -9 47 0 -24 0 0 -4 28 16 21 -12 -26 0 47 -45 -23 33 -40 23 -50 21 8 13 39 11 -44 11 46 8 
0 19 -41 34 0 0 -16 0 28 0 -16 45 0 -41 4 0 -19 1 -36 28 0 0 -11 33 27 42 -39 -42 7 13 0 0 -41 0 0 -4 21 31 -46 31 13 11 12 26 -3 -29 -45 -11 -28 -28 -36 -16 9 -45 -8 14 30 18 -11 32 18 -37 0 39 31 0 -44 11 6 -46 
0 41 -18 0 0 34 48 0 0 -21 3 24 4 -29 -23 -30 0 11 13 46 11 37 0 42 26 34 -44 50 -34 0 -44 -46 0 2 0 -33 37 -5 -45 4 -22 -31 16 0 3 -40 -35 23 0 -10 38 0 0 6 -38 0 0 -29 -45 38 41 -7 -42 11 0 46 -26 0 22 -9 
8 0 -28 32 -17 -10 0 0 0 0 11 -48 -44 35 18 -24 35 6 -38 -17 10 27 -18 10 -6 13 17 -23 -32 -49 0 2 -40 2 0 0 -48 -42 49 0 -13 27 -47 13 35 -1 5 -35 -36 0 -33 -40 0 -37 50 46 0 46 2 -33 -14 -43 1 -44 -44 -26 34 0 0 0 
-15 33 0 -21 -37 -45 -39 14 0 -30 0 0 34 38 0 1 0 16 -23 0 -19 11 -20 -43 1 -45 24 -24 -35 0 46 -25 0 -23 -45 0 0 30 0 7 -24 -3 41 0 0 0 11 17 -8 -41 8 -5 -49 13 0 -38 0 -42 -27 -18 -7 -29 29 11 11 0 0 30 39 25 
-35 0 24 0 -1 22 -41 48 21 0 22 -27 0 0 13 29 0 15 0 36 -9 33 0 40 -41 20 -24 12 0 1 -30 -12 36 -39 -22 12 0 -22 0 -5 -9 -35 -24 -10 0 0 9 1 0 -18 -18 24 31 0 32 30 0 -25 42 0 -7 0 0 46 6 22 0 39 11 39 
9 41 -40 0 0 6 30 34 -47 -48 10 43 35 17 0 30 30 0 0 48 12 -27 -44 36 -18 -14 -16 -13 -30 -3 0 16 38 20 4 0 0 3 -47 49 -43 -19 -50 0 50 0 13 -20 5 -5 29 41 43 -38 -23 15 -8 0 25 37 45 27 0 8 -46 -9 0 25 39 10 
