80
36 45 28 16 23 9 46 45 -4 19 45 47 29 23 -42 -22 -16 -46 -12 9 13 -28 -43 43 23 -41 34 8 22 29 37 32 -41 -29 -32 -13 -46 27 40 -25 -46 44 -18 -28 -18 -41 -5 16 -15 42 31 -15 -28 32 -28 16 46 -7 16 -32 7 -15 -49 -22 30 38 -2 14 -32 -10 -19 -20 -38 -5 22 13 -48 -49 24 49 
9 -7 12 1 1 -3 39 -48 49 -15 30 -23 30 3 43 0 49 49 23 -21 0 -35 0 20 -21 -50 -36 -22 10 45 -7 13 0 49 0 -16 -32 14 -34 23 -39 -23 19 0 -3 -29 -50 -3 -8 37 0 -3 19 0 18 -50 0 34 -28 7 3 39 -42 -13 0 -19 -42 0 -11 23 0 -24 -24 -15 0 22 18 29 34 10 
-7 35 -24 29 -7 14 7 -44 0 48 -28 13 -27 -34 42 23 29 0 -25 -29 0 -12 13 -45 -26 -42 0 33 0 -13 22 -48 42 10 34 0 -24 -9 0 -10 -50 31 0 -20 -31 37 -46 -39 34 -42 -37 39 0 -29 39 -47 0 -10 -24 -42 -23 0 0 -46 29 -47 29 0 -8 3 -8 -12 27 2 -16 -49 -50 12 35 -30 
12 -24 4 0 -38 1 -6 0 -24 -19 0 -32 -42 21 0 0 0 0 0 -39 -31 7 -7 -14 0 49 12 0 0 41 9 17 42 18 22 -46 -25 48 -4 -48 0 0 -37 -16 -11 16 -8 -40 0 0 20 -7 -37 43 -26 -36 50 0 8 -11 31 8 -2 0 -4 41 0 -10 12 28 32 -41 29 19 -12 -47 40 -36 3 3 
1 29 0 51 -28 30 0 0 34 24 -16 -22 -14 0 -28 -40 34 24 0 15 -19 41 44 -24 -50 0 28 0 -43 0 0 -44 -4 0 0 44 0 42 50 -26 -20 -30 34 -48 0 46 44 0 -48 25 0 -37 0 37 44 0 7 -43 -34 0 -23 -11 0 43 0 17 4 -39 0 -44 0 23 -15 24 0 0 0 0 0 3 
1 -7 -38 -28 24 -34 46 0 -12 -29 42 -22 -45 0 -8 -28 -38 0 47 38 32 34 36 -21 20 0 -18 -16 0 -13 0 -14 40 0 -5 0 -40 0 0 20 0 -13 -26 -32 0 -19 36 0 10 0 19 -32 -41 -26 -49 17 0 24 2 29 -15 30 -34 -26 2 -11 28 19 10 -34 -33 6 -13 11 -7 -6 33 -49 19 -33 
-3 14 1 30 -34 9 -42 27 30 15 4 5 -46 46 38 0 -21 0 0 11 -28 42 38 0 0 -4 -39 49 30 0 -43 -46 -10 7 28 0 -5 42 0 -10 0 -27 0 0 26 0 0 39 -44 29 -31 0 -16 42 -12 0 0 3 34 0 -27 0 0 0 -22 0 0 24 46 32 -3 -24 49 -45 19 21 17 49 0 0 
39 7 -6 0 46 -42 12 -21 8 -33 33 0 17 -2 35 22 -42 0 -16 -18 47 46 43 0 0 -16 3 21 41 0 39 -22 42 32 8 0 48 22 0 0 -43 0 -22 0 -13 -12 -41 0 -18 28 0 19 -8 33 -46 0 15 -27 -6 0 0 -5 -9 23 49 35 9 0 -24 13 -9 -36 24 -9 -34 0 0 31 -44 -38 
-48 -44 0 0 0 27 -21 35 16 0 -33 0 38 36 0 0 -7 -43 0 0 -34 -48 0 0 -30 0 0 -26 -19 21 0 -50 0 0 -2 40 -32 25 6 27 0 0 24 22 43 0 -47 0 -42 0 0 -10 -22 30 18 0 0 0 0 0 0 27 0 -28 -20 0 0 25 -7 37 -12 20 -36 -42 -10 -15 0 14 42 33 
49 0 -24 34 -12 30 8 16 6 0 -1 -27 12 35 0 -27 -42 -15 3 0 -36 37 -44 28 -4 0 -21 -21 0 0 24 -49 17 8 13 38 0 26 -30 -45 40 -46 48 37 29 -39 0 19 29 -37 0 17 0 44 0 45 -49 48 5 46 11 -40 -12 -19 -35 -22 0 12 0 -11 41 48 -25 35 0 -47 13 0 44 -34 
-15 48 -19 24 -29 15 -33 0 0 2 20 -34 12 22 0 -9 -40 40 -25 0 31 47 9 25 -7 0 -27 32 -29 15 -23 41 11 -23 -30 -45 47 38 35 0 -48 0 -44 44 0 45 22 36 -46 3 -8 -38 -2 0 14 -12 19 0 -37 0 0 5 3 0 0 4 -4 45 0 -45 -41 -11 0 0 -16 27 -40 0 -15 27 
30 -28 0 -16 42 4 33 -33 -1 20 35 0 0 -48 -15 0 22 0 0 0 10 24 -7 35 -42 8 0 0 -9 10 -22 14 0 -31 0 0 -43 36 0 -16 29 -45 -10 -40 -13 0 -18 0 -25 0 0 7 41 3 20 14 25 50 -23 29 0 31 0 -23 0 -39 44 0 -4 -13 -12 22 -34 -36 -18 -46 39 0 27 12 
-23 13 -32 -22 -22 5 0 0 -27 -34 0 29 -30 0 37 -11 0 -4 -14 -1 -24 45 0 32 0 -12 0 -33 42 -38 -30 43 0 0 48 -6 48 0 0 0 0 -35 -11 -9 0 37 -28 0 -13 -48 0 28 -5 0 17 -11 -11 0 31 -43 23 -28 5 0 24 43 26 17 0 -27 -41 -21 0 0 -15 0 -35 -23 -23 13 
30 -27 -42 -14 -45 -46 17 38 12 12 0 -30 39 16 0 0 0 -24 -25 0 -21 4 44 35 -3 -31 -5 -8 46 -5 -5 -30 7 0 -28 -22 -2 -39 -42 45 0 0 50 2 -15 -10 -15 -26 0 0 -47 23 0 -32 7 -16 24 36 14 -47 -18 18 -11 1 50 41 -10 -32 35 0 -25 -38 0 0 13 -25 44 -11 31 0 
3 -34 21 0 0 46 -2 36 35 22 -48 0 16 48 7 -32 -2 -6 -33 -26 0 0 -32 -36 44 -37 9 11 -3 20 -49 0 0 -36 -18 -1 0 0 -35 -31 32 25 35 0 -6 -37 21 0 0 19 2 -44 -48 33 20 -2 -22 36 29 -1 0 -29 -9 28 15 -18 44 0 23 18 -23 29 10 -44 -8 0 -14 -5 39 0 
43 42 0 -28 -8 38 35 0 0 0 -15 37 0 7 13 0 6 40 -30 18 -41 3 0 21 -32 -17 -27 -41 0 0 -47 -37 -25 -34 0 0 30 0 -22 49 5 -43 8 -38 0 2 -27 -39 -45 43 26 0 11 17 39 -47 -10 -3 -13 0 21 41 -14 0 -25 -2 42 0 -45 -7 -1 16 -38 0 28 -16 -22 44 -5 40 
0 23 0 -40 -28 0 22 0 -27 -9 0 -11 0 -32 0 10 1 -13 -41 -20 -28 5 0 -27 0 -12 18 -30 0 -42 -42 -20 13 -32 7 41 -19 14 -35 23 22 11 4 35 2 13 -6 -25 -1 12 -14 3 0 38 -13 0 40 -9 49 -3 -32 -38 1 -28 -19 -12 9 49 -30 -44 0 0 0 -42 39 23 47 11 -41 0 
49 29 0 34 -38 -21 -42 -7 -42 -40 22 0 0 -2 6 1 45 -31 -43 0 4 -13 27 20 -22 40 5 -34 -3 -28 42 0 -12 12 -33 0 48 -45 -13 1 -40 34 0 3 -40 14 1 31 0 0 45 -43 45 40 10 37 -46 -18 -20 0 0 -30 11 17 5 -3 -43 -16 22 0 0 24 0 37 30 19 20 -1 41 0 
49 0 0 24 0 0 0 -43 -15 40 0 -4 -24 -6 40 -13 -31 49 0 29 -20 6 -32 -44 -6 -18 30 -1 0 9 0 15 13 19 -21 -8 -22 0 48 0 -7 11 15 4 21 0 -31 6 0 0 17 0 -2 0 16 -1 -32 9 0 14 19 0 2 0 -33 -6 0 0 14 -32 0 16 50 32 -41 0 -46 45 -34 -5 
23 -25 0 0 47 0 -16 0 3 -25 0 -14 -25 -33 -30 -41 -43 0 51 13 29 5 16 0 -14 0 -3 0 -6 -9 -16 0 0 13 0 -25 0 -44 -21 -46 -14 25 0 -37 0 47 6 0 12 0 0 -45 50 43 26 -28 48 0 23 9 0 -36 0 -44 0 -27 0 -25 -40 -39 -13 -16 -44 29 0 19 -34 15 0 37 
-21 -29 -39 15 38 11 -18 0 0 0 0 -1 0 -26 18 -20 0 29 13 18 0 -16 4 -26 13 50 -40 -27 0 40 15 0 0 8 46 48 -15 -9 0 0 0 32 4 12 50 -3 42 -46 0 -5 0 1 29 18 0 -50 0 38 6 -39 -1 48 -50 -26 12 -11 -33 0 -43 0 13 -3 0 26 14 19 -29 0 0 -1 
0 0 -31 -19 32 -28 47 -34 -36 31 10 -24 -21 0 -41 -28 4 -20 29 0 40 -44 21 1 18 -39 0 0 -38 -25 -11 0 -24 10 4 29 18 0 0 0 38 -4 0 30 -5 16 -35 43 29 0 27 -37 0 41 -15 28 -10 -28 0 -30 18 -33 -6 32 29 45 12 26 0 -14 -47 8 20 -32 0 -17 -50 -21 14 -22 
-35 -12 7 41 34 42 46 -48 37 47 24 45 4 0 3 5 -13 6 5 -16 -44 6 0 0 -18 25 -3 33 0 0 -32 -20 19 47 -20 0 0 0 0 0 -11 -50 0 -18 0 0 18 -15 -15 -44 8 0 -1 0 -41 -12 7 -25 0 32 0 0 11 -2 0 -17 0 47 -37 -30 0 4 -29 8 -38 -9 35 36 31 -16 
0 13 -7 44 36 38 43 0 -44 9 -7 0 44 -32 0 0 27 -32 16 4 21 0 18 0 0 -29 -23 0 -14 -8 -5 -33 45 -43 0 36 38 27 -27 -34 0 0 -11 -17 0 -19 39 4 -20 16 -47 22 15 0 0 23 9 0 -23 25 0 0 -27 36 -50 -36 0 50 0 32 46 -17 0 -45 28 -12 44 -6 -20 -48 
20 -45 -14 -24 -21 0 0 0 28 25 35 32 35 -36 21 -27 20 -44 0 -26 1 0 0 19 27 3 3 24 0 -28 34 0 0 19 27 43 -35 -7 31 -29 23 0 0 -39 49 0 0 -1 0 0 -46 23 24 7 0 0 -11 1 47 0 33 10 30 0 -12 -10 -24 48 0 -4 1 0 -2 31 33 -10 -44 48 -42 -20 
-21 -26 0 -50 20 0 0 -30 -4 -7 -42 0 -3 44 -32 0 -22 -6 -14 13 18 -18 0 27 17 0 -14 44 45 20 -35 -40 0 0 -30 -22 -45 -9 0 -19 0 -16 0 0 0 8 -12 15 47 -4 0 17 0 0 0 -38 8 46 -15 -48 8 0 -20 -3 14 12 0 33 -50 -20 -48 -20 -6 3 -43 12 43 -30 34 -29 
-50 -42 49 0 0 -4 -16 0 0 0 8 -12 -31 -37 -17 -12 40 -18 0 50 -39 25 -29 3 0 18 41 0 -43 -6 0 0 3 0 0 0 0 26 19 8 -38 39 7 17 29 4 -16 7 -1 -29 0 -8 0 43 0 -34 0 -45 6 -3 -40 -29 25 0 0 0 20 0 -30 -45 -6 10 0 -35 0 0 11 0 23 34 
-36 0 12 28 -18 -39 3 0 -21 -27 0 0 -5 9 -27 18 5 30 -3 -40 0 -3 -23 3 -14 41 22 32 0 -33 -26 -33 -32 34 41 -28 -28 0 0 0 -24 39 29 0 -20 -15 0 0 -50 0 19 37 24 1 0 -11 -29 0 14 23 0 6 47 12 -5 -43 7 28 -10 8 -24 -3 -32 20 -35 0 11 21 -36 -20 
-22 33 0 0 -16 49 21 -26 -21 32 0 -33 -8 11 -41 -30 -34 -1 0 -27 0 33 0 24 44 0 32 46 -32 0 -16 -10 -32 -41 0 18 26 0 8 -35 11 -17 -17 -32 -2 -10 43 -21 -44 38 11 -13 0 0 -33 -40 -15 1 -2 -14 0 39 3 0 13 -15 0 -6 -42 0 4 -7 8 0 4 0 -5 0 29 43 
10 0 0 -43 0 30 41 -19 0 -29 -9 42 46 -3 0 0 -3 0 -6 0 -38 0 -14 0 45 -43 0 -32 12 0 -22 13 -45 29 21 -35 -35 -44 43 -31 37 -14 22 30 27 0 -29 -42 33 13 -45 0 -12 -20 0 0 -29 0 17 0 -29 -17 20 0 0 12 -2 21 26 0 0 -42 0 -18 -35 0 0 19 0 0 
45 -13 41 0 -13 0 0 21 0 15 10 -38 -5 20 0 -42 -28 9 -9 40 -25 0 -8 -28 20 -6 -33 0 0 4 -3 -23 -31 -37 14 2 -42 0 -37 0 31 16 -31 34 47 -23 17 -17 35 0 0 -8 25 0 25 17 0 43 -27 3 -25 0 -31 -1 0 36 0 -25 31 -1 19 -22 18 -17 39 23 0 -31 -7 -34 
-7 22 9 0 0 -43 39 0 24 -23 -22 -30 -5 -49 -47 -42 42 0 -16 15 -11 -32 -5 34 -35 0 -26 -16 -22 -3 11 0 4 26 -28 42 0 -37 -22 14 0 -7 0 0 21 -15 14 25 -15 0 0 24 0 0 41 -33 33 30 0 44 -20 43 22 0 -42 0 30 0 -1 0 35 -49 0 43 23 -8 -14 0 -34 0 
13 -48 17 -44 -14 -46 -22 -50 -49 41 14 43 -30 0 -37 -20 0 15 0 0 0 -20 -33 0 -40 0 -33 -10 13 -23 0 27 15 17 -1 12 -10 9 -20 -32 32 -9 33 40 34 0 0 45 0 0 6 -29 41 -46 13 43 -26 -5 9 -49 -37 33 0 0 -44 20 41 16 40 -3 -19 30 -13 3 27 -47 -36 45 -30 -11 
0 42 42 -4 40 -10 42 0 17 11 0 0 7 0 -25 13 -12 13 0 0 -24 19 45 0 0 3 -32 -32 -45 -31 4 15 5 -43 0 20 0 21 -5 10 0 32 14 -12 -47 47 -45 -36 27 16 -40 14 6 -5 -6 41 -39 -49 -3 15 -32 0 39 32 -21 0 15 43 14 9 -15 13 22 14 14 -3 39 16 0 43 
49 10 18 0 0 7 32 0 8 -23 -31 0 0 -36 -34 -32 12 19 13 8 10 47 -43 19 0 0 34 -41 29 -37 26 17 -43 26 0 -43 0 -49 2 17 -17 0 -37 0 18 -3 -19 40 -5 24 37 24 7 9 38 10 -48 35 21 28 -34 40 37 33 32 -38 -45 -2 0 44 43 -39 19 -49 0 0 -27 34 -21 5 
0 34 22 0 -5 28 8 -2 13 -30 0 48 -28 -18 0 7 -33 -21 0 46 4 -20 0 27 -30 0 41 0 21 14 -28 -1 0 0 39 0 0 0 0 -28 -20 8 27 -41 0 7 -6 0 14 -28 -1 46 0 -1 -3 -8 -25 -20 0 32 -41 -19 -2 -14 15 0 -24 42 20 32 0 -42 -44 -50 -4 26 40 42 9 21 
-16 0 -46 44 0 0 0 40 38 -45 0 -6 -22 -1 0 41 0 -8 -25 48 29 0 36 43 -22 0 -28 18 -35 2 42 12 20 -43 0 45 0 -16 28 22 -10 -7 0 -17 8 4 -41 47 0 -45 18 0 6 -38 38 -22 11 0 14 -24 -9 14 0 3 -23 23 14 -21 4 46 43 0 -38 14 -10 -33 49 0 48 -28 
-32 -24 -25 0 -40 -5 48 -32 0 47 -43 48 -2 0 30 -19 48 -22 0 -15 18 0 38 -35 -45 0 -28 26 -35 -42 0 -10 0 0 0 0 20 39 23 40 -39 23 2 25 33 -25 -38 20 50 23 -10 49 0 42 47 20 -10 0 -2 15 48 21 14 25 0 49 -26 0 37 15 -10 32 -17 0 26 -14 36 0 -42 0 
14 -9 48 42 0 42 22 25 26 38 36 0 -39 0 0 14 -45 0 -44 -9 0 0 27 -7 -9 26 0 0 -44 0 -37 9 21 -49 0 -16 39 26 0 47 -36 18 41 -48 -33 4 10 0 -36 -12 -28 0 15 25 0 -17 -6 48 -26 4 12 29 -6 16 0 5 14 1 30 0 0 -29 44 2 0 -22 36 -17 -7 0 
-34 0 -4 50 0 0 0 6 -30 35 0 0 -42 -35 -22 -35 -13 48 -21 0 0 0 -27 31 0 19 0 8 43 -37 -22 -20 -5 2 0 28 23 0 12 49 -40 9 18 0 -3 47 -21 0 -32 -8 0 -3 36 47 -13 -49 -18 -14 -10 0 -26 -10 0 46 43 46 -15 0 -49 -12 3 28 -50 2 15 -29 -30 -39 -8 11 
23 -10 -48 -26 20 -10 0 27 -45 0 -16 0 45 -31 49 23 1 0 -46 0 0 0 -34 -29 -19 8 0 -35 -31 0 14 -32 10 17 -28 22 40 47 49 9 4 -10 -32 0 45 0 -24 -29 0 0 22 22 11 6 49 -45 40 20 22 -24 -50 48 38 8 0 0 28 44 -40 33 18 0 0 48 11 0 -1 0 46 -47 
-39 -50 0 -20 0 0 -43 0 40 -48 29 0 0 32 5 22 -40 -7 -14 0 38 -11 0 23 0 -38 -24 11 37 31 0 32 0 -17 -20 -10 -39 -36 -40 4 31 0 36 31 -34 -22 -6 0 39 24 0 -50 -13 0 31 39 19 0 0 0 0 -1 0 48 -49 -4 14 20 -15 49 -1 20 0 0 -9 50 0 0 -25 31 
-23 31 0 -30 -13 -27 0 0 -46 0 -45 -35 0 25 -43 11 34 11 25 32 -4 -50 0 0 -16 39 39 -17 -14 16 -7 -9 32 0 8 -7 23 18 9 -10 0 25 46 -2 21 19 35 0 2 44 45 -7 3 0 36 49 6 -41 12 -6 0 38 -7 -10 15 45 9 -37 0 46 0 0 31 7 -36 32 -16 27 -21 -44 
19 0 -37 34 -26 0 -22 24 48 -44 -10 -11 50 35 8 4 0 15 0 4 0 0 -11 0 0 7 29 -17 22 -31 0 33 14 -37 27 0 2 41 18 -32 36 46 5 0 -40 -43 39 -40 27 46 6 46 8 -27 0 0 0 33 -36 0 0 -39 0 17 -38 30 3 -34 18 27 42 0 -32 -26 -41 39 -12 0 -13 41 
0 -20 -16 -48 -32 0 0 22 37 44 -40 -9 2 0 -38 35 3 4 -37 12 30 -18 -17 -39 0 17 0 -32 30 34 0 40 -12 0 -41 -17 25 -48 0 0 31 -2 0 50 -25 5 -9 0 0 -50 -37 -23 11 41 -30 15 41 0 -21 -49 38 30 15 -48 18 22 24 0 -38 30 0 0 -42 0 2 15 -45 28 0 -44 
-3 -31 -11 0 0 26 -13 43 29 0 -13 0 -15 -6 0 2 -40 21 0 50 -5 0 0 49 0 29 -20 -2 27 47 21 34 -47 18 0 8 33 -33 -3 45 -34 21 -40 -25 19 -39 0 0 -8 -33 0 0 -24 -20 44 -37 -21 0 0 -22 29 0 0 47 -23 6 46 34 -3 30 40 3 -38 15 0 0 0 0 -8 0 
-29 37 16 46 -19 0 -12 0 -39 45 0 37 -10 -37 2 13 14 0 47 -3 16 0 -19 0 8 4 -15 -10 0 -23 -15 0 47 -3 7 4 -25 4 47 0 -22 19 -43 5 -39 19 17 -50 -46 -48 -41 -43 24 0 -50 -47 0 -9 4 -39 -47 40 29 -32 0 30 22 48 -14 -3 -29 35 44 0 32 -13 44 48 15 -5 
-50 -46 -8 44 36 0 -41 -47 0 22 -18 -28 -15 21 -27 -6 1 -31 6 42 -35 18 39 0 -12 -16 0 43 -29 17 14 0 -45 -19 -6 -41 -38 10 -21 -24 -6 35 39 -9 0 17 34 45 4 46 -41 15 -37 0 -11 0 -15 32 0 0 -39 0 0 0 36 -40 13 0 0 38 0 -36 0 -27 41 0 -46 -16 -32 0 
-3 -39 -40 0 0 39 0 0 19 36 0 0 -26 0 -39 -25 31 6 0 -46 43 -15 4 -1 15 7 0 -21 -42 -17 25 45 -36 40 0 47 20 0 0 -29 0 0 -40 0 0 -50 45 19 -24 9 -11 15 37 -36 45 -6 -28 25 30 -19 0 50 -30 -46 8 -24 -22 -40 -18 45 34 16 -10 34 -42 0 -45 0 -25 -36 
-8 34 0 -48 10 -44 -18 -42 29 -46 -25 -13 0 0 -45 -1 0 0 12 0 29 -15 -20 0 47 -1 -50 -44 33 35 -15 0 27 -5 14 0 50 -36 -32 0 39 2 27 0 -8 -46 4 -24 32 22 -26 0 6 0 -40 0 4 39 47 -18 35 33 0 -20 0 0 -9 0 31 -43 -21 -11 -14 -12 0 -9 13 32 -2 11 
37 -42 0 25 0 29 28 0 -37 3 0 -48 0 19 43 12 0 0 0 -5 0 -44 16 0 -4 -29 0 38 13 0 0 0 16 24 -28 -45 23 -12 -8 0 24 44 46 -50 -33 -48 46 9 22 27 45 40 34 38 2 28 -11 6 0 21 -23 -44 0 33 0 -5 0 20 45 21 -34 -2 -1 0 0 16 28 4 44 36 
0 -37 20 0 19 -31 0 0 0 -8 0 0 -47 2 26 -14 45 17 0 0 27 8 -47 -46 0 0 19 11 -45 0 0 6 -40 37 -1 18 -10 -28 0 22 0 45 6 -37 0 -41 -41 -11 -26 45 8 0 -8 7 48 6 50 1 0 -40 39 18 0 0 45 -5 -29 0 -18 46 0 -19 -37 0 30 0 28 27 0 50 
-3 39 -7 -37 -32 0 19 -10 17 -38 7 28 23 -44 0 3 -43 0 -45 1 -37 0 22 23 17 -8 37 -13 0 -8 24 -29 14 24 46 0 49 0 -3 22 -50 -7 46 -23 0 -43 15 15 0 40 0 34 -20 17 -24 0 0 -30 -46 39 -34 30 -35 -9 -37 50 -21 45 -42 0 39 17 -48 49 0 33 -15 9 28 42 
19 0 -37 0 -41 -16 -8 -22 0 -2 41 -5 0 -48 11 0 45 -2 50 29 0 -1 15 24 0 0 24 0 -12 25 0 41 6 7 0 6 0 15 36 11 -13 3 8 11 -24 24 -37 37 6 34 -8 -20 5 0 32 0 0 29 -7 -27 28 -28 23 -18 -17 0 -41 -27 22 -14 50 -28 -25 42 -1 0 -46 -35 -4 26 
0 -29 43 37 -26 42 33 30 44 0 3 0 -32 33 17 38 40 0 43 18 41 0 0 7 0 43 1 0 -20 0 0 -46 -5 9 -1 -38 42 25 47 6 0 0 -27 41 -20 0 0 -36 0 38 7 17 0 44 -8 -30 20 19 20 -18 25 0 12 -6 11 -9 37 7 0 -41 0 -15 -5 0 0 -32 47 44 4 0 
18 39 -26 44 -49 -12 -46 18 0 14 20 17 7 20 39 -13 10 16 26 0 -15 -41 0 0 0 0 0 -33 0 25 41 13 -6 38 -3 38 47 0 -13 49 31 36 0 -30 44 -50 -11 45 -40 2 48 -24 32 -8 22 49 -7 0 1 7 7 38 3 33 11 37 0 31 -19 48 20 -8 -36 50 46 -1 -13 -7 0 -5 
-50 -47 -36 0 17 0 0 0 45 -12 14 -11 -16 -2 -47 0 37 -1 -28 -50 28 -12 23 0 -38 -34 -11 -40 0 17 -33 43 41 10 -8 -22 20 -17 -49 -45 39 49 0 15 -37 -47 0 -6 0 28 6 0 0 -30 49 47 -21 -11 0 0 -31 -27 50 42 -27 -19 -26 3 0 40 1 21 28 1 -28 -6 20 0 -21 32 
0 0 50 7 0 0 15 0 -49 19 25 -11 24 -22 -10 40 -46 -32 48 0 -10 7 9 -11 8 0 -29 -15 -29 0 33 -26 -39 -48 -25 11 -10 -6 -18 40 19 6 0 41 -21 0 -15 -28 4 -11 50 0 0 20 -7 -21 18 36 50 42 44 0 30 2 -46 32 -22 -1 16 -28 -11 0 13 15 28 3 -40 -44 8 23 
34 -10 0 -43 24 3 -27 0 48 0 50 0 36 36 -3 -9 -18 9 0 38 -28 -25 0 1 46 -45 0 1 0 43 30 -5 -49 35 -20 0 0 48 -14 20 0 -41 33 0 0 -9 32 25 39 6 1 -30 29 19 0 -11 36 39 -31 -22 0 0 29 25 0 0 22 -28 14 34 0 14 -11 0 -37 36 -35 35 -42 0 
-28 -24 8 -34 2 34 -6 0 5 -37 -23 31 14 29 -13 49 -20 0 23 6 0 0 -23 47 -15 6 14 -2 17 -27 0 9 -3 21 0 14 -2 -26 -10 22 0 12 -36 -21 0 4 0 30 47 0 0 -46 -7 20 1 0 50 -31 15 49 44 11 13 19 -22 0 0 -37 24 -27 29 37 0 -23 9 -31 10 0 0 -20 
7 -42 -11 0 29 0 0 0 46 0 29 -43 -47 -1 0 -3 0 14 9 -39 -30 32 25 0 -48 -3 23 -14 0 3 44 -49 15 28 32 -24 15 4 0 -24 0 -6 0 -49 -22 -39 0 -19 -18 21 -40 39 -27 -18 7 0 42 -22 49 29 2 -21 0 28 40 -31 0 -15 0 -27 -28 0 -39 0 -47 6 -17 32 -21 29 
3 -23 31 -23 -15 -27 0 0 11 0 0 23 -18 0 21 -32 0 19 0 -1 18 0 0 33 8 -40 0 0 -29 -25 -20 -37 -32 -34 -41 -9 48 12 -26 -50 0 0 0 38 29 -47 -39 0 35 -23 39 -34 28 25 7 -31 44 0 44 2 31 6 0 0 24 0 -43 -29 28 0 19 0 35 32 22 0 -25 34 -47 30 
39 0 8 -11 30 0 -5 27 -40 5 31 -28 18 -29 41 -38 -30 0 -36 48 -33 0 0 10 0 -29 6 39 -17 0 43 33 0 40 -19 14 21 29 -10 48 -1 38 -39 30 0 40 0 50 33 -44 18 30 -28 0 38 -27 0 0 11 -21 6 2 48 24 -7 0 0 0 -7 45 -29 -13 0 18 0 14 38 23 39 19 
-42 0 -2 0 -34 0 -9 0 -12 3 0 5 -11 -9 -14 1 11 2 0 -50 -6 11 -27 30 -20 25 47 3 20 -31 22 0 39 37 -2 0 14 -6 0 38 0 -7 0 15 0 29 0 -30 0 0 0 -35 23 12 3 50 30 29 13 0 0 48 3 7 -45 -14 11 1 -34 0 -21 0 -33 -41 0 -26 28 0 -49 0 
-13 -46 0 43 -26 0 23 -28 -19 0 -23 0 1 28 0 -28 17 0 -44 -26 32 -2 36 0 -3 0 12 0 0 -1 0 0 32 33 -14 3 25 16 46 8 48 -10 17 -48 47 -32 0 -46 -20 33 0 -9 -18 -6 33 42 2 25 19 28 0 24 7 2 17 -21 -2 24 19 20 0 49 -32 0 -14 9 41 0 -17 25 
0 29 -4 0 2 -22 49 -20 -35 0 0 24 50 15 -25 -19 5 -33 0 12 29 0 -50 -12 14 0 -5 13 0 0 -42 -44 -21 32 15 -23 0 0 43 0 -49 15 -38 18 -23 0 36 8 0 0 45 -37 -17 11 11 -27 -46 0 -22 40 24 -7 -45 17 15 -18 -3 15 -40 -1 0 44 46 -24 3 41 49 0 0 40 
-19 -47 41 17 -11 0 35 0 -22 4 -39 43 41 -18 -2 -12 -3 -6 -27 -11 45 -17 -36 -10 12 0 -43 -15 12 36 0 20 0 -38 0 23 49 5 46 0 -4 45 30 22 6 30 -40 -24 0 -5 -5 50 0 -9 37 -19 32 0 0 -31 0 0 -14 -21 -18 35 21 -2 0 3 -29 20 21 0 0 -32 -41 -2 -25 0 
-42 29 0 4 28 0 9 0 0 -4 44 26 -10 44 42 9 -43 0 0 -33 12 0 0 -24 0 20 7 0 -2 0 30 41 15 -45 -24 14 -26 14 -15 28 14 9 3 24 46 22 13 -22 -9 0 -29 -21 -41 37 0 -26 -22 22 0 0 -43 0 11 -2 -3 21 6 -41 -2 -7 0 -14 48 -14 0 0 45 -46 -47 0 
0 0 -10 -39 19 24 0 25 12 45 0 17 -32 0 0 49 -16 0 -25 0 26 47 50 48 33 0 28 -6 21 -25 0 16 43 -2 42 -21 0 1 0 44 20 -37 -34 0 34 48 0 -40 0 20 0 45 -27 7 31 3 -1 -28 -37 -15 -29 0 1 24 15 -2 -41 42 0 39 33 -36 0 22 21 0 0 21 0 -22 
-11 -8 12 0 10 46 -24 -7 0 0 -4 0 35 23 -45 -30 22 14 -40 -43 0 -37 0 0 -50 -30 -10 -42 26 31 -1 40 14 0 20 4 37 30 -49 -40 -15 0 18 -38 -3 -14 0 -18 31 45 -18 -42 22 0 -19 0 16 14 24 0 28 -7 -34 19 -40 0 -2 0 42 50 -25 -30 38 40 -12 22 -5 0 14 0 
23 3 28 -44 -34 32 13 37 -11 -45 -13 -27 0 18 -7 -44 0 -32 -39 0 -14 -30 32 -4 -20 -45 8 0 0 -1 0 -3 9 44 32 46 15 0 -12 33 49 46 27 30 30 -3 38 45 -43 21 46 0 -14 -41 48 40 -28 34 -27 -27 0 45 0 20 -1 3 -7 39 50 36 -47 -6 15 33 42 -34 -29 48 0 -17 
0 -8 32 0 -33 -3 -9 -12 41 -41 -12 -41 -25 -23 -1 0 0 0 -13 13 -47 0 46 1 -48 -6 -24 4 0 19 35 -19 -15 43 0 43 -10 0 3 18 -1 0 42 0 40 -29 0 34 -21 -34 0 39 50 0 20 1 -11 0 29 -28 19 -29 -21 0 0 -29 0 33 -25 -47 37 -4 0 19 -46 0 -34 -38 -26 -36 
-24 -12 -41 23 6 -24 -36 20 48 -11 22 -21 -38 29 16 0 24 16 -16 -3 8 4 -17 0 -20 10 -3 -7 -42 -22 -49 30 13 -39 -42 0 32 -29 28 0 20 0 0 0 3 35 -36 16 -11 -2 -19 17 -28 -15 -8 21 0 14 37 0 0 -13 0 49 44 20 -14 -36 -30 -6 -4 37 37 0 -2 0 -41 23 0 -3 
-24 27 29 -15 -13 49 24 -36 -25 0 -34 0 0 10 -38 0 0 50 -44 0 20 -29 0 -2 -6 0 -32 8 0 18 0 -13 22 19 -44 -38 -17 44 -50 0 0 31 -32 -42 -38 44 0 -10 -14 -1 -37 -48 -25 -5 -36 28 13 -11 0 -39 35 0 -33 -32 46 21 48 0 38 15 0 37 2 -5 0 0 -26 -24 17 0 
-15 2 19 24 11 -45 -9 -42 35 0 -36 0 0 -44 0 -42 37 32 29 26 -32 8 -45 31 3 -35 20 0 -18 -17 43 3 14 -49 -50 14 0 2 2 48 0 7 -26 0 15 0 -27 34 -12 0 0 49 42 0 50 1 15 0 -23 0 32 18 -41 0 -24 0 -14 22 40 33 19 0 -5 3 -41 33 -46 6 -21 1 
0 -16 -12 0 -7 19 -34 -10 0 -16 -18 -15 13 -8 28 39 30 -41 0 14 0 -38 28 33 -43 0 -35 4 -35 39 23 27 14 0 -4 -10 26 0 15 11 -9 -36 -41 2 0 32 41 -42 0 0 30 0 -1 0 46 -28 28 -37 9 -47 22 0 0 -14 3 0 0 21 -12 42 -46 -2 0 -41 4 22 0 50 0 26 
22 -49 -47 0 -6 21 0 -15 -47 27 -46 0 -25 0 -16 23 19 0 19 19 -17 -9 -12 -10 12 0 0 0 0 23 -8 -47 -3 0 26 -33 -14 -22 -29 0 50 32 39 15 0 -13 0 0 -9 16 0 33 0 -32 -1 -6 3 36 -31 6 0 14 -26 9 41 -32 0 0 22 -34 0 0 0 33 22 50 28 30 -31 -22 
18 -50 40 0 33 17 0 0 13 -40 39 -35 44 -14 -22 47 20 -46 -34 -29 -50 35 44 -44 43 11 11 -5 0 0 -14 -36 39 -27 40 49 36 36 -30 -1 0 -16 -12 -45 0 44 -46 -45 13 28 28 -15 -46 47 -13 20 -40 -35 10 -17 -25 38 28 41 49 -41 45 0 -5 -29 -34 -41 -26 -46 0 28 21 13 24 0 
29 12 -36 0 -49 49 31 14 0 0 0 -23 -11 -5 44 11 -1 45 15 0 -21 36 -6 48 -30 0 21 0 19 -31 0 45 16 34 42 0 0 -17 -39 0 0 27 0 28 0 48 -16 0 32 4 27 9 -35 44 -7 0 -44 35 0 32 34 23 0 0 0 -2 -46 21 0 48 -38 23 -24 6 50 30 13 35 12 0 
34 35 3 0 19 0 -44 42 44 -15 27 -23 31 39 -5 -41 41 -34 0 0 14 31 -20 -42 34 23 -36 29 0 -7 -34 -30 0 -21 9 48 -42 -7 -8 46 -25 -21 -13 0 -8 15 -32 -25 -2 44 0 28 -4 4 0 -21 8 -42 0 -21 -47 39 -49 -17 0 -25 -47 0 14 0 -26 0 17 -21 0 -31 24 12 41 0 
10 -30 3 3 -33 0 -38 33 -34 27 12 13 0 0 40 0 0 -5 37 -1 -22 -16 -48 -20 -29 34 -20 43 0 -34 0 -11 43 5 21 -28 0 0 11 -47 31 -44 41 -44 0 -5 0 -36 11 36 50 42 26 0 -5 32 23 0 -20 29 30 19 0 25 40 0 0 -22 0 -17 -36 -3 0 1 26 -22 0 0 0 45 
