150
-37 10 -30 -19 -14 14 -25 31 10 41 -21 -3 3 -26 -10 47 -3 -46 -1 1 -12 46 -42 25 -7 48 -27 -30 -39 -40 -15 -1 -19 41 32 36 -44 0 -18 48 -7 32 29 20 -33 -32 21 -35 46 -40 -20 10 14 -1 -23 7 17 20 39 39 -41 21 -21 7 -41 17 10 -45 -29 15 47 -43 29 42 17 -4 -16 -47 13 35 26 -3 -40 2 3 35 15 14 -35 1 -33 30 28 32 -7 -9 -19 -36 -13 4 -13 -36 -5 -33 -27 17 32 7 -22 25 20 46 41 -35 -11 34 49 -3 -16 44 47 28 -6 -31 48 -22 28 11 8 -25 -49 -38 -48 -27 -9 48 32 24 -2 32 47 6 2 -47 -30 26 15 -35 -27 34 
0 0 0 -6 0 0 0 -21 0 0 0 0 -9 0 -30 47 0 -28 37 0 -29 49 0 0 -12 -8 -1 35 33 43 -33 0 0 0 28 0 0 -14 0 0 0 0 -31 -37 26 -50 -33 -21 0 0 0 0 6 0 5 35 -43 0 -13 0 0 0 -14 0 -36 30 0 0 0 0 39 0 0 14 0 34 0 0 44 -11 0 0 -4 0 0 32 26 32 39 0 0 0 0 0 -9 -25 0 0 -24 -19 0 -16 -46 0 0 0 0 18 45 38 0 1 32 0 0 5 -38 28 29 -23 -41 22 40 0 0 -41 0 0 -4 -45 0 -23 4 0 0 10 23 -29 27 -35 0 0 26 0 0 0 -38 2 44 0 
0 1 0 -4 6 0 0 36 0 0 43 0 -29 0 33 0 0 0 0 0 2 0 39 -5 0 0 0 -36 0 -9 1 21 0 0 0 0 -38 0 42 9 -25 -35 -16 -33 0 -46 -26 16 0 33 0 0 -17 0 -8 -6 11 48 0 37 0 0 0 29 0 0 -7 -9 36 -49 0 0 0 10 0 12 -38 0 0 0 0 0 36 -22 0 0 -25 -46 -11 15 0 0 3 17 -39 0 -21 -40 -35 0 -15 0 0 -47 -23 -21 0 0 -15 0 0 -19 0 2 0 -19 0 -37 0 0 0 0 0 0 -25 0 0 40 0 -48 20 0 -46 0 -19 0 0 -3 0 0 0 0 48 -2 -35 0 0 0 -35 0 
0 0 -30 0 -9 -28 -41 0 0 10 0 0 0 -44 0 45 0 -9 17 0 0 -46 -12 -21 29 0 -21 0 -4 49 -18 0 0 0 0 -24 8 0 0 0 -21 5 14 49 12 38 0 0 0 24 0 -16 -20 0 0 0 -26 36 0 0 0 33 12 0 2 0 -1 -10 0 36 0 -41 50 44 0 15 -43 -24 0 46 38 5 46 0 -18 45 0 0 0 0 -14 0 24 0 -11 0 0 0 31 0 0 7 0 5 -30 0 50 0 0 0 27 0 0 0 0 -10 0 -49 32 0 0 0 -4 0 -49 -38 0 0 4 8 -16 0 -50 30 25 0 18 44 0 -24 0 0 0 1 -40 -17 0 16 0 12 
-6 -4 0 18 20 44 0 -22 17 -43 0 0 0 0 0 0 12 0 28 26 0 -31 0 17 -43 0 -11 30 0 15 0 0 -31 -40 43 34 -47 0 0 0 0 15 -12 25 0 0 5 0 -6 -23 14 0 0 -46 0 0 29 28 -29 0 6 0 -46 0 0 42 0 0 12 -19 0 0 49 0 0 0 9 0 -7 26 -49 20 0 0 -30 0 0 -30 -3 -9 32 0 -11 1 -36 -50 -7 8 0 0 0 24 8 -31 0 0 0 0 0 0 0 3 -42 0 13 0 1 48 -38 12 0 0 0 -37 -4 0 0 16 0 -27 0 0 -38 0 0 0 0 0 0 -38 33 0 -24 0 0 0 0 -4 0 0 
0 6 -9 20 -35 0 0 -30 7 -35 35 0 -23 24 -22 0 -23 -36 1 3 40 0 22 0 0 0 0 0 0 0 0 24 0 0 0 0 -22 -10 16 46 0 -48 -11 -27 44 -48 49 -12 -50 0 -13 0 -17 45 21 31 0 20 -8 33 0 -40 7 0 47 0 21 -49 -19 -16 -24 43 0 50 39 0 0 0 -40 0 12 39 -6 -39 0 9 0 26 42 -19 6 -17 0 40 12 0 28 -14 0 -27 0 -34 4 0 35 0 0 0 -8 0 -3 23 0 -2 -20 0 44 -50 0 0 0 0 0 19 4 0 22 -25 0 26 0 -3 0 34 -38 -45 0 40 -29 0 46 0 -37 0 0 10 -43 -30 0 -4 
0 0 -28 44 0 0 -28 1 -6 -37 0 -1 0 20 0 -45 0 0 0 -43 25 0 42 -48 -40 34 0 0 0 14 0 0 29 0 0 0 -18 26 0 -47 0 0 0 0 0 50 0 -24 0 0 0 0 0 0 34 4 45 13 0 -19 0 -30 -46 -50 0 10 -13 5 -13 -3 29 0 0 0 0 0 -16 23 0 0 35 0 -14 38 0 0 50 21 0 0 0 -21 0 0 0 43 0 -23 0 0 0 -13 1 -44 4 0 0 0 0 -27 29 20 0 -33 32 40 0 -43 30 6 -30 0 0 -47 0 -11 0 49 0 0 0 33 0 9 27 0 0 40 13 0 46 0 0 0 0 0 -39 34 40 0 
0 0 -41 0 0 -28 -3 -2 -26 0 0 0 0 0 0 0 -28 0 0 0 0 0 0 0 36 3 0 0 -18 0 0 0 0 0 0 -12 0 -38 -36 0 25 0 26 0 0 9 -29 -19 0 43 0 -19 46 -10 -31 0 -2 -49 31 -12 0 -40 0 -20 0 0 -47 -25 -32 0 0 0 -40 18 22 -38 -9 34 0 4 -41 -49 0 4 -28 0 -37 0 0 0 0 0 29 0 -12 -9 0 0 0 0 -20 0 -43 4 0 0 0 -32 -36 7 0 0 8 3 0 0 0 35 -9 0 0 0 0 0 -30 -48 8 18 -13 -41 0 0 0 0 0 -32 0 38 4 0 0 43 0 14 -33 0 0 0 -37 0 
-21 36 0 -22 -30 1 -2 21 0 46 0 0 -43 0 -29 2 -2 0 -25 18 0 -50 -42 1 29 0 0 -37 0 0 16 43 0 -48 0 19 0 -36 -29 -18 0 -22 0 -12 0 0 0 0 0 -10 6 -29 0 17 0 40 0 0 0 0 18 0 -21 -23 0 0 0 -50 0 11 41 -38 0 0 32 0 26 0 0 0 0 0 10 -25 24 -48 22 0 0 -27 0 -14 0 -6 0 30 8 0 3 0 0 12 0 -28 9 -15 -29 -33 7 18 -34 0 0 -37 0 0 43 0 0 -37 -34 0 -4 0 -33 -21 -40 0 0 0 -24 26 -30 23 -24 0 0 0 -16 41 0 0 0 -33 29 0 0 0 0 0 
0 0 0 17 7 -6 -26 0 19 0 0 -5 -42 23 0 48 -47 -8 0 0 44 50 -1 -33 0 0 0 -50 22 30 -14 0 0 0 8 25 0 0 0 0 0 0 0 0 43 0 -40 38 29 12 0 30 0 11 35 -18 0 -48 34 0 0 -1 0 0 -16 0 49 0 -18 0 0 0 -36 -30 0 0 0 46 -4 0 -12 -3 -4 29 5 0 8 0 -9 -23 0 16 -6 -39 -14 34 16 0 8 -35 0 42 4 0 0 0 0 23 3 -50 0 23 0 0 32 -27 18 0 25 22 0 0 0 36 -23 0 -10 24 -25 -10 0 0 -48 -14 0 29 0 4 -26 -17 10 43 -18 45 0 -38 0 16 -47 0 
0 0 10 -43 -35 -37 0 46 0 0 5 -33 0 -19 0 0 -34 -26 -45 0 0 0 3 0 -7 23 -7 0 0 36 0 12 -21 -4 0 0 44 -27 0 0 -10 0 48 -20 6 0 0 49 -36 -25 0 0 0 0 0 0 36 0 0 -43 0 0 0 -20 0 -28 49 0 -36 0 -12 47 0 23 -40 0 40 0 0 -13 40 28 0 0 0 39 13 0 0 0 0 20 0 0 0 0 -29 0 0 12 -20 0 0 9 37 0 0 0 0 0 0 0 0 0 0 -20 0 14 0 -8 0 0 -24 0 0 0 -19 0 0 0 35 -34 0 -45 -29 0 0 -38 11 33 0 0 -13 42 25 -36 0 11 0 18 
0 43 0 0 35 0 0 0 0 5 -31 40 0 38 -22 0 0 0 0 13 4 0 -1 0 0 0 0 -32 -40 0 0 0 -12 -37 0 0 -8 0 0 0 -6 -10 -31 -20 -14 0 -43 13 -22 0 -44 0 -9 48 0 0 -29 0 -16 -9 0 -40 0 0 0 0 26 0 0 23 40 0 0 0 41 0 0 0 -50 10 11 0 0 0 0 0 45 41 0 -40 0 37 -40 10 36 -42 30 0 32 0 0 -12 0 27 -48 0 0 0 0 -12 0 0 22 0 0 48 0 0 45 0 -36 0 -9 0 0 0 0 0 0 -12 29 0 -29 0 -29 -23 45 0 0 -21 0 0 -12 0 15 0 0 -44 0 0 
0 0 0 0 0 -1 0 0 -5 -33 40 0 0 38 4 -2 0 -21 24 0 0 42 0 0 37 0 0 -9 0 25 -43 6 0 0 0 -24 27 31 0 0 44 0 0 50 28 -5 0 -28 -29 20 0 0 39 49 -25 0 -26 -26 5 0 0 0 0 25 0 -12 0 0 0 40 -22 43 -31 -34 3 0 0 0 0 0 0 0 0 37 12 -26 0 0 5 0 0 0 -9 0 43 -8 0 3 45 0 0 0 0 -22 0 0 0 35 2 -24 -42 0 0 21 0 -13 0 0 39 0 0 0 0 -15 0 0 7 0 0 -32 0 0 2 -33 35 0 -14 0 42 46 0 0 -14 0 0 -25 12 0 22 0 
-9 -29 0 0 -23 0 0 -43 -42 0 0 0 -24 0 34 39 0 0 0 0 -20 12 0 0 13 38 0 0 7 0 0 0 47 0 0 0 0 0 26 49 0 -38 0 0 0 0 0 0 20 0 0 0 0 -4 0 -37 39 0 0 0 -5 -32 33 -14 0 33 0 0 0 0 0 0 38 -34 28 3 0 0 -22 0 -36 0 0 0 0 0 -45 -13 0 0 0 0 0 0 0 -35 -32 -31 0 -33 0 1 0 -28 0 23 0 0 0 22 0 -31 0 0 -42 18 0 -11 -9 0 -48 37 0 -17 0 0 0 -45 0 6 -21 -39 12 -45 0 -1 -49 0 45 17 -21 -4 0 0 43 0 0 0 24 33 
0 0 -44 0 24 20 0 0 23 -19 38 38 0 0 0 -44 0 0 -21 0 0 -17 0 12 35 18 -36 0 -36 14 0 0 0 -45 0 0 -16 0 0 0 0 -44 -41 0 -44 0 36 0 0 0 -44 23 -33 0 0 0 36 -9 0 32 8 0 36 0 33 -17 -35 46 0 0 -6 0 0 28 -26 45 31 33 0 -42 0 5 13 0 0 0 0 -35 0 17 -25 0 -14 -47 0 0 0 0 0 0 0 -1 0 0 -36 0 5 38 0 0 0 0 1 0 26 29 0 0 0 25 -37 0 -42 -25 0 0 -33 41 -14 0 0 0 -47 25 13 20 19 0 -21 -46 -37 -32 32 17 0 16 0 -6 -22 22 
-30 33 0 0 -22 0 0 -29 0 0 -22 4 34 0 0 4 -46 24 0 0 25 -11 0 1 0 0 0 -16 17 -47 0 1 10 49 -28 15 -25 -12 25 0 28 -3 0 0 0 -30 0 -44 0 0 22 16 4 0 0 21 0 0 0 0 1 -39 11 19 0 29 0 0 -19 0 -21 0 0 -2 0 0 0 0 6 10 10 46 -30 0 0 0 47 0 -17 35 0 0 0 0 0 -30 -50 0 48 -47 0 0 -7 0 0 0 -12 33 19 40 -16 0 -29 0 17 -50 -48 0 0 -9 35 -40 34 -26 13 0 0 0 0 -13 -20 -13 0 0 0 0 34 0 6 0 10 0 -16 3 14 -31 14 -24 27 30 
47 0 45 0 0 -45 0 2 48 0 0 -2 39 -44 4 -32 -13 0 0 0 0 16 -4 48 0 3 48 24 28 0 29 0 0 43 0 0 -17 21 0 37 35 0 36 13 0 0 0 0 -27 0 0 0 -14 -19 0 11 -13 0 50 0 0 0 0 15 0 0 0 0 22 5 0 -13 0 14 0 -33 -28 -7 6 16 0 0 -46 -20 0 0 -12 0 -4 0 -34 -18 49 0 -1 14 0 0 -13 -37 18 0 0 0 -9 0 31 37 0 -9 0 -11 0 -42 0 -19 44 0 0 28 27 0 0 -29 47 -15 -38 13 0 0 0 32 0 0 -45 0 -50 6 0 0 0 23 46 26 0 1 0 -41 -35 0 
0 0 0 12 -23 0 -28 -2 -47 -34 0 0 0 0 -46 -13 0 36 0 4 0 10 0 0 -15 0 49 12 0 -22 0 0 0 0 0 0 15 -27 0 -10 0 0 4 0 0 22 -15 0 49 -2 0 22 -31 -13 0 7 0 0 0 -32 0 -39 49 0 48 0 -5 -48 0 0 0 0 0 -4 31 0 7 -37 14 -26 44 0 0 26 49 0 9 0 34 -24 0 35 -16 0 0 0 -24 10 0 0 0 1 -13 0 0 0 0 0 -39 34 0 -46 8 47 39 0 0 12 -25 -11 15 23 0 6 0 29 0 -30 7 0 0 0 42 0 -13 0 0 0 35 -35 0 -34 9 0 0 -44 0 42 4 -17 
-28 0 -9 0 -36 0 0 0 -8 -26 0 -21 0 0 24 0 36 33 0 0 0 0 24 20 0 -26 31 0 0 22 -34 0 35 0 -17 0 0 0 0 0 -6 0 45 6 0 10 0 -14 -33 39 10 -2 0 -38 24 0 0 5 -30 45 -26 0 0 -40 0 0 0 0 -35 -34 0 -33 0 37 34 0 -16 26 0 0 1 0 -49 -8 -20 0 29 -8 30 1 18 21 3 41 0 -26 50 -45 -18 0 -19 0 0 4 -42 0 0 22 -4 0 -45 0 23 0 -27 0 -7 0 0 2 0 12 0 12 0 0 -40 -38 0 40 -44 -6 0 0 15 0 -35 -4 -5 0 0 0 0 0 0 0 0 -33 -31 -23 
37 0 17 28 1 0 0 -25 0 -45 0 24 0 -21 0 0 0 0 42 -7 0 0 0 0 1 -34 -6 0 0 0 0 0 0 0 -32 0 -2 0 0 44 28 19 0 0 0 -46 -20 0 0 0 0 -9 0 0 0 3 -32 0 0 0 -27 0 -32 0 42 -42 -22 -45 0 0 -48 0 13 -10 33 0 0 0 0 0 -11 0 35 17 32 0 0 0 0 0 31 0 0 0 2 0 -50 0 -21 45 1 0 0 34 14 -41 41 -42 0 0 1 -25 -41 0 0 14 24 0 0 0 0 42 0 -47 19 0 0 13 50 0 18 0 0 0 0 0 0 -40 0 44 0 38 -48 0 0 0 0 -11 0 0 
0 0 0 26 3 -43 0 18 0 0 13 0 0 0 0 0 4 0 -7 -37 8 -21 0 0 -16 -21 20 -25 -40 32 0 0 0 -4 0 -29 46 0 34 0 0 27 0 48 0 -20 35 -42 12 0 0 0 -21 2 -25 43 -2 0 0 0 0 -33 0 0 0 2 -9 -7 0 0 0 0 -13 -15 -4 -22 46 0 -44 0 -45 -22 32 -43 -47 0 -12 0 -45 24 0 -30 0 23 0 0 -42 0 0 -28 -39 0 0 0 6 0 0 0 -49 9 -14 -19 0 -49 -33 42 41 0 -42 -22 0 3 15 -14 -47 -25 -50 35 0 10 0 50 -1 0 0 30 0 0 0 15 0 0 0 23 16 0 0 0 0 0 
-29 2 0 0 40 25 0 0 44 0 4 0 -20 0 25 0 0 0 0 8 5 0 0 0 34 0 0 -23 -38 -12 0 0 0 0 -18 0 0 -28 42 -28 41 16 0 7 44 -6 -36 0 12 0 0 0 -35 0 28 0 0 0 47 0 -43 -48 0 -21 0 0 39 15 -49 0 -42 36 0 8 0 -45 0 0 0 0 -18 -37 46 0 23 -48 0 0 -37 0 0 0 -32 14 -8 0 0 0 0 46 49 -26 0 0 -24 -47 -6 0 0 -13 0 6 0 0 0 0 0 -8 0 29 0 0 28 0 -13 28 0 -4 0 0 -3 33 0 0 0 0 -48 0 -16 0 0 31 0 0 34 50 -12 -25 0 0 
49 0 -46 -31 0 0 0 -50 50 0 0 42 12 -17 -11 16 10 0 0 -21 0 -35 12 31 -27 0 21 48 26 -21 22 36 19 -30 0 -40 0 0 0 50 0 -1 0 2 0 0 0 0 0 -15 12 16 0 15 0 48 0 0 48 31 0 9 28 0 0 0 32 -36 0 -8 1 -22 0 0 0 10 22 0 0 23 0 -25 0 -6 -23 0 48 0 -39 -39 -26 0 -30 -36 0 -39 0 6 0 0 -35 41 0 0 5 -28 0 27 0 49 49 19 0 3 0 0 0 0 0 0 27 3 0 30 -3 20 28 -29 0 0 -25 0 37 -7 28 0 1 -1 -38 0 0 -33 -38 0 27 0 37 0 37 18 
0 39 -12 0 22 42 0 -42 -1 3 -1 0 0 0 0 -4 0 24 0 0 0 12 0 0 -49 0 0 0 36 0 14 0 15 24 45 0 0 24 0 0 24 11 0 38 -48 15 -46 -46 -34 -45 0 0 8 0 4 0 -22 0 10 0 0 -11 0 0 -17 0 0 0 0 26 14 -25 -20 0 0 -35 49 0 22 41 15 -22 0 0 -8 0 -26 0 0 0 37 0 46 -2 6 0 0 30 0 0 0 24 0 0 0 0 0 0 43 0 0 0 0 0 -10 -20 45 43 32 -36 2 -9 0 37 0 6 0 8 -3 0 0 0 0 -35 0 -10 16 46 0 -29 19 -22 -31 46 0 -50 0 0 -6 -3 
0 -5 -21 17 0 -48 0 1 -33 0 0 0 0 12 1 48 0 20 0 0 0 31 0 0 35 0 6 0 -34 -44 -47 32 30 -32 33 -31 9 0 0 -2 16 -32 -17 39 -16 0 15 28 7 4 0 -43 29 9 27 0 26 -46 0 -37 2 0 0 -15 0 29 0 14 15 0 28 0 0 16 36 0 0 4 0 0 -14 0 -14 -9 0 -40 0 36 16 0 0 47 -24 13 16 -7 0 0 0 46 18 -14 -25 0 0 0 0 35 0 0 9 0 -29 0 -5 47 0 0 41 22 47 41 -15 -32 -49 0 0 -34 0 50 0 -23 0 20 0 0 -23 0 0 0 20 26 0 0 0 42 0 1 50 -50 
-12 0 29 -43 0 -40 36 29 0 -7 0 37 13 35 0 0 -15 0 1 -16 34 -27 -49 35 0 0 0 0 0 0 0 0 47 49 0 0 45 0 0 0 -48 0 0 35 0 -4 0 0 35 0 -26 0 -24 0 0 0 -5 0 -10 0 -35 0 -15 0 0 -27 -26 46 4 0 0 -28 0 0 -50 -6 0 -36 36 0 0 -24 0 50 30 23 0 -36 0 -20 0 0 0 0 41 0 -14 0 0 0 0 0 0 -12 3 -9 40 0 -39 0 4 -45 0 0 -44 0 20 0 26 27 -16 32 -21 0 18 46 -37 0 0 0 14 0 -3 0 0 0 0 22 11 0 0 -43 9 0 0 0 6 0 0 0 
-8 0 0 0 0 34 3 0 0 23 0 0 38 18 0 3 0 -26 -34 -21 0 0 0 0 0 5 0 45 -17 -11 0 0 22 0 0 50 0 0 3 -49 4 0 -8 0 0 -47 0 0 0 0 -24 -37 -47 0 -34 0 0 0 36 4 0 23 0 0 0 0 -24 -22 0 0 0 -32 0 -22 22 0 -18 0 0 19 12 0 -46 -23 -9 0 14 0 -45 -20 27 0 -28 0 -7 34 -48 0 0 0 -43 0 0 0 0 0 0 0 17 0 39 0 4 50 40 -44 0 0 8 0 0 0 0 0 0 0 0 0 25 0 32 -49 -20 0 26 -10 0 44 -31 0 0 0 9 -38 20 28 -37 0 0 0 
-1 0 -21 -11 0 0 0 0 0 -7 0 0 0 -36 0 48 49 31 -6 20 0 21 0 6 0 0 38 -32 0 -46 0 21 0 -28 16 -44 0 0 47 0 38 46 0 0 0 -7 34 0 28 37 41 13 9 0 22 0 -42 0 0 5 -6 0 0 -17 11 0 0 0 46 -4 -16 -5 -43 0 0 0 20 0 0 -3 -7 0 -44 5 -50 -36 -48 27 -4 40 49 8 40 0 23 0 -39 0 -37 47 0 0 -42 0 -33 0 0 0 -26 0 0 0 0 0 42 0 -1 0 0 0 0 0 -22 -49 0 16 -37 0 0 -27 0 42 27 40 0 25 0 0 0 -39 -25 0 30 0 -33 0 0 0 0 0 
35 -36 0 30 0 0 0 -37 -50 0 -32 -9 0 0 -16 24 12 0 0 -25 -23 48 0 0 0 45 -32 0 0 0 0 32 0 39 -19 0 0 0 12 0 1 -11 8 -5 24 -14 0 0 0 0 0 0 0 19 0 0 17 8 0 -2 0 -40 -7 43 0 -19 0 -30 33 0 -8 -28 0 17 42 0 -29 35 0 0 18 -45 14 -2 11 23 31 -17 0 -11 -5 -19 0 0 0 0 -3 25 4 -19 8 -44 0 -16 -20 0 7 15 0 0 0 0 0 -21 0 0 -10 -40 40 -44 -4 -28 0 0 0 -3 0 49 0 0 0 43 0 0 0 -27 41 28 46 -37 45 -19 46 37 32 26 0 0 12 0 
33 0 -4 0 0 0 -18 0 22 0 -40 0 7 -36 17 28 0 0 0 -40 -38 26 36 -34 0 -17 0 0 0 44 15 -17 0 0 0 43 -19 -26 0 -40 0 47 -36 0 -22 4 39 18 0 0 0 -46 -28 -28 36 -29 -13 23 0 0 -49 0 0 28 0 0 -38 0 0 0 48 28 44 46 0 -23 50 0 11 0 10 -33 0 0 0 -46 -20 0 -22 21 0 -41 21 -45 0 30 0 0 0 8 0 -50 -17 0 35 0 0 -41 -46 0 15 0 -32 14 0 0 -10 0 0 0 0 0 -45 0 46 0 -31 0 -11 32 0 0 38 0 0 -49 0 0 0 0 0 0 0 0 0 0 -24 -13 44 -34 
43 -9 49 15 0 14 0 0 30 36 0 25 0 14 -47 0 -22 22 0 32 -12 -21 0 -44 0 -11 -46 0 44 33 16 -49 0 0 0 20 0 12 20 29 0 12 0 -44 0 0 -14 0 0 0 0 0 8 -31 36 0 0 -5 0 -41 21 0 0 0 31 0 0 0 0 -5 0 0 0 31 3 12 0 49 22 0 0 0 0 29 14 -23 0 0 0 -12 0 11 0 0 0 -14 -21 0 7 0 2 0 -2 0 37 5 -26 44 0 0 -26 -28 0 0 0 0 4 0 -15 12 -32 -47 25 4 -20 0 -21 0 0 0 0 0 18 26 0 -3 -29 0 0 0 0 0 0 0 31 -17 0 0 0 0 
-33 1 -18 0 0 0 0 16 -14 0 0 -43 0 0 0 29 0 -34 0 0 0 22 14 -47 0 0 0 0 15 16 0 20 36 0 -9 -24 0 0 0 -48 0 0 0 0 38 0 0 -23 -41 0 -5 -29 0 1 20 0 -17 0 0 -36 -20 39 -44 31 -37 0 0 0 0 -36 2 -22 -13 7 -4 0 0 0 -8 -30 0 0 -48 -49 -48 41 49 26 0 0 -1 0 13 4 0 0 0 -7 0 -16 49 0 18 0 0 0 0 -24 -31 -5 0 0 0 -16 0 0 0 0 0 0 0 39 12 5 0 0 0 -16 0 -9 0 0 0 0 0 43 -42 46 11 0 0 0 0 0 -47 17 0 -22 0 0 
0 21 0 0 24 0 0 43 0 12 0 6 0 0 1 0 0 0 0 0 0 36 0 32 0 0 21 32 -17 -49 20 -20 0 0 -34 0 0 0 46 0 0 0 44 0 -2 -19 0 0 31 0 -23 0 0 -49 -39 -4 0 -16 27 0 0 30 0 0 0 42 18 0 0 -16 -16 4 42 31 0 6 0 0 0 0 28 0 23 0 -3 -32 46 0 -30 0 0 5 0 40 0 0 0 0 20 0 -42 0 0 -43 0 12 0 0 0 0 0 -15 -31 10 37 -11 -47 -1 0 35 0 0 0 -42 0 0 13 0 -30 -31 -2 0 0 41 0 0 13 0 -17 -9 35 50 38 49 2 17 0 18 0 0 
0 0 0 -31 0 29 0 0 0 -21 -12 0 47 0 10 0 0 35 0 0 0 19 15 30 47 22 0 0 0 0 36 0 0 0 0 0 16 20 13 5 0 49 0 -29 0 4 -30 0 7 -31 0 -42 23 -9 26 38 -45 -7 0 21 14 0 0 33 8 0 7 0 0 0 0 0 -19 -13 0 -11 0 0 2 -34 0 35 20 -6 -18 0 -1 0 -40 0 -5 0 -40 -1 0 49 -38 0 0 0 0 15 0 0 10 0 0 44 -42 0 0 0 0 0 0 23 49 0 -33 0 40 25 13 0 18 -2 45 -24 -42 1 0 44 0 0 -8 0 0 0 1 0 19 5 0 0 0 0 0 0 12 0 
0 0 0 -40 0 0 0 -48 0 -4 -37 0 0 -45 49 43 0 0 0 -4 0 -30 24 -32 49 0 -28 39 0 0 0 0 0 0 0 0 0 0 0 -31 0 31 38 0 8 -11 0 0 0 0 10 42 -46 -46 0 23 0 0 -43 0 0 35 0 0 0 -31 0 0 0 -32 0 -47 0 0 24 0 -21 26 26 -34 0 35 -5 23 24 0 -4 37 0 0 9 0 0 10 0 36 21 -18 0 0 0 0 -2 -40 0 20 9 0 0 -6 -41 -34 5 0 14 0 0 43 8 -48 -36 0 0 -1 -30 -14 -15 0 0 -11 0 -27 9 16 47 28 -29 0 0 0 29 0 22 4 0 0 0 0 0 29 
28 0 0 43 0 0 0 0 8 0 0 0 0 0 -28 0 0 -17 -32 0 -18 0 45 33 0 0 16 -19 0 0 -9 -34 0 0 16 0 0 5 19 -23 0 22 -25 -43 0 0 0 -8 0 0 -50 0 0 -9 0 0 0 24 0 0 -8 0 0 0 26 0 -44 0 -29 0 -37 0 -22 0 0 -47 0 0 0 16 0 31 0 -46 9 0 -22 0 33 0 0 -35 0 0 0 16 0 0 -44 -23 8 25 15 0 0 0 0 0 -29 0 0 0 0 0 0 0 42 0 9 29 0 -21 -21 37 0 0 -17 0 -20 0 0 0 0 0 26 45 0 0 15 0 -47 24 0 19 0 12 44 0 0 -43 
0 0 -24 34 0 0 -12 19 25 0 0 -24 0 0 15 0 0 0 0 -29 0 -40 0 -31 0 50 -44 0 43 20 -24 0 0 0 0 0 0 10 0 0 0 -31 0 0 -24 0 1 24 0 -19 -40 -23 -36 -15 32 50 4 0 -8 0 0 0 38 9 -32 50 0 -49 -43 0 0 26 -20 -15 0 0 0 0 0 0 0 -6 0 15 -39 0 0 15 26 0 0 15 0 17 42 -37 40 37 0 17 0 23 -48 -22 -49 0 0 -1 -18 0 -4 29 0 0 11 0 0 0 0 0 -44 -14 0 0 0 0 0 0 0 0 -17 0 -43 0 0 0 0 -28 49 0 0 0 0 0 -25 0 0 -27 0 -6 
0 -38 8 -47 -22 -18 0 0 0 44 -8 27 0 -16 -25 -17 15 0 -2 46 0 0 0 9 45 0 0 0 -19 0 0 0 16 0 0 0 49 -15 -2 50 49 -33 0 -11 0 0 0 0 3 0 0 1 0 0 -32 0 -20 35 0 -34 29 0 0 32 0 -1 -15 33 17 0 0 45 0 23 39 0 34 0 0 -12 0 -44 44 0 37 -17 32 46 -12 0 1 0 0 0 0 0 42 0 -10 0 6 -48 0 0 0 9 0 0 0 0 36 -41 22 0 31 0 0 4 -18 0 0 0 0 24 -24 0 0 0 0 0 0 -10 1 -4 0 20 0 12 0 0 -9 30 0 8 18 0 0 -10 -15 0 
-14 0 0 0 -10 26 -38 -36 0 -27 0 31 0 0 -12 21 -27 0 0 0 -28 0 24 0 0 0 0 0 -26 12 0 0 20 0 5 10 -15 0 0 0 -27 0 -20 0 0 17 0 -5 37 0 0 0 0 20 0 -11 0 -29 -17 -33 0 0 0 0 40 0 45 18 0 -44 0 0 17 38 31 -32 0 45 -14 38 0 10 8 0 0 0 33 0 -37 -19 0 0 0 -29 0 -13 23 -1 0 -49 11 0 14 0 32 43 0 42 -3 -12 0 0 0 0 0 0 22 0 26 -49 0 0 0 -1 0 -20 27 -44 0 0 0 0 0 -17 16 0 0 -24 0 0 0 25 0 0 -45 0 21 0 13 23 
0 42 0 0 16 0 -36 -29 0 0 0 0 26 0 25 0 0 0 0 34 42 0 0 0 0 3 47 12 0 20 0 46 13 0 19 0 -2 0 -17 0 0 -19 -33 -28 19 -18 0 0 0 0 0 0 -11 0 0 43 -11 42 -38 0 -39 0 -31 -50 0 19 19 0 0 0 -22 43 0 0 0 0 -34 0 0 0 0 49 27 9 -9 0 0 8 0 0 0 0 -8 10 -1 -2 32 -46 50 -39 10 -40 0 -43 17 -26 47 0 -1 0 0 -14 7 -25 33 -9 43 0 0 13 0 3 0 -32 15 0 -15 0 0 0 0 30 11 0 0 8 0 41 0 0 -44 0 38 0 0 -9 -9 0 0 0 
0 9 0 0 46 -47 0 -18 0 0 0 0 49 0 0 37 -10 0 44 0 -28 50 0 -2 0 -49 0 0 -40 29 -48 0 5 -31 -23 0 50 0 0 46 0 0 0 0 -11 39 34 0 25 0 0 44 8 5 0 49 -34 0 0 18 -39 19 40 0 0 0 0 27 0 -41 0 20 0 0 50 -40 -14 -34 40 45 0 0 -47 0 34 -21 0 0 46 0 0 5 -18 0 30 0 -26 0 -20 0 -21 -19 40 11 0 0 0 0 0 0 0 46 -30 0 0 -17 0 0 0 0 -9 43 0 -27 -37 0 -27 -29 0 -15 0 0 0 -13 0 -14 -27 -12 0 -41 0 0 -23 0 3 -39 0 0 13 -39 
0 -25 -21 0 0 0 25 0 0 -10 -6 44 0 0 28 35 0 -6 28 0 41 0 24 16 -48 4 38 1 0 0 0 0 0 0 0 0 49 -27 0 0 0 0 24 40 0 33 -17 0 0 0 35 -5 -37 -31 0 13 -50 0 -42 0 0 24 0 0 -33 0 0 25 0 0 37 0 -38 0 36 -17 0 0 41 -20 -3 34 0 26 0 -17 0 32 -17 26 -20 0 -23 0 0 38 46 0 0 0 -39 -29 -35 13 0 -32 0 12 -36 0 -7 0 -47 0 0 -13 -9 0 8 -35 0 0 0 0 0 32 -37 0 0 4 0 49 -21 0 0 0 16 0 10 7 0 -12 0 19 -20 0 3 0 32 0 
0 -35 5 15 -48 0 0 -22 0 0 -10 0 -38 -44 -3 0 0 0 19 27 16 -1 11 -32 0 0 46 -11 47 12 0 0 49 31 22 -31 -33 0 -19 0 0 0 -36 -35 42 36 0 -8 0 -11 5 0 33 5 -20 21 0 -7 0 0 -43 0 0 35 3 0 -10 -12 0 -26 -20 0 -5 0 32 -37 -30 -1 0 -24 0 -28 0 -50 0 0 34 0 0 0 -19 37 46 -8 -3 15 28 43 -5 -29 -41 0 0 0 -36 -49 -11 0 0 0 0 -46 11 35 0 0 0 -2 -44 0 0 1 31 -30 46 0 0 0 -5 -42 -9 8 -37 -37 21 15 0 0 0 -28 36 -5 41 -26 38 42 0 37 48 -15 
-31 -16 14 -12 -11 0 26 0 0 48 -31 0 0 -41 0 36 4 45 0 0 0 0 0 -17 0 -8 0 8 -36 0 0 44 0 38 -25 0 0 -20 -33 0 24 -36 0 -31 31 -46 0 0 0 0 -21 0 -32 -7 0 0 0 0 -1 43 29 0 0 0 37 0 0 0 0 0 0 35 0 -40 46 -4 -49 -30 0 0 0 0 0 0 0 5 0 0 0 -35 0 50 0 44 -22 6 -50 0 0 -43 0 0 31 0 -22 0 0 0 -42 20 0 0 0 -23 0 -37 27 -22 15 0 15 0 0 0 48 12 48 0 12 0 0 0 -26 35 -15 13 -48 0 39 0 0 0 31 -31 0 0 0 0 6 -46 
-37 -33 49 25 -27 0 0 -12 0 -20 -20 50 0 0 0 13 0 6 0 48 7 2 38 39 35 0 0 -5 0 -44 0 0 -29 0 -43 0 -11 0 -28 0 40 -35 -31 0 20 12 0 0 0 0 0 6 23 22 25 0 -41 -24 0 12 -1 0 35 0 -17 0 1 -48 -17 0 0 0 0 5 0 0 0 48 -10 16 -33 0 26 -13 0 0 28 5 10 0 0 -27 0 -13 0 35 0 44 -35 -33 30 0 0 0 -30 0 -16 0 0 0 0 0 -9 0 -32 0 0 12 -8 -46 0 0 30 37 0 0 0 0 3 0 0 17 0 21 -2 -48 1 0 -34 -27 0 9 -38 -15 0 0 0 0 21 -9 
26 0 12 0 44 0 0 0 43 6 -14 28 0 -44 0 0 0 0 0 0 44 0 -48 -16 0 0 0 24 -22 0 38 -2 0 8 0 -24 0 0 19 -11 0 42 31 20 -33 0 0 -35 0 -14 19 0 0 0 0 -22 0 -10 0 0 50 14 -4 41 0 -37 0 0 31 -13 0 -34 0 -15 40 -25 0 -45 45 -44 0 12 11 15 0 0 -7 48 -19 0 0 0 1 0 4 -32 43 -48 -12 -34 0 -36 0 0 26 11 0 0 0 0 -33 39 0 -43 0 -35 0 43 0 24 -9 25 18 0 0 34 -46 16 0 30 0 0 0 0 0 0 0 0 1 48 17 -42 11 0 -50 37 0 -33 0 -30 
-50 -46 38 0 -48 50 9 0 0 0 0 -5 0 0 -30 0 22 10 -46 -20 -6 0 15 0 -4 -47 -7 -14 4 0 0 -19 4 -11 0 0 0 17 -18 39 33 36 -46 12 0 14 0 -43 0 17 0 38 0 0 33 0 0 -27 8 0 0 24 -17 -40 0 0 0 0 44 -29 0 -50 0 0 -37 50 0 0 -13 47 40 0 -34 19 0 0 0 0 0 0 -37 34 0 -17 -28 36 36 0 17 0 10 -17 0 0 0 0 0 0 0 -21 21 -24 -22 -39 0 0 0 11 -22 18 0 0 -29 -5 0 -12 48 17 -37 -13 33 0 -27 0 11 49 31 0 0 29 0 49 -36 9 0 0 -31 38 -15 13 
-33 -26 0 5 49 0 -29 0 -40 0 -43 0 0 36 0 0 -15 0 -20 35 -36 0 -46 15 0 0 34 0 39 -14 0 0 -30 0 0 1 0 0 0 34 -17 0 0 0 0 0 -1 0 37 0 0 -7 -26 0 0 12 50 -1 0 38 -31 0 0 18 0 43 -38 0 0 0 0 13 34 0 0 0 0 -4 0 0 17 0 1 -2 -28 0 0 -10 0 -22 -36 -28 0 -9 0 27 42 16 -45 0 0 1 -45 0 -34 17 -1 46 0 0 0 0 -19 -5 0 0 0 0 0 0 0 0 0 0 -40 0 47 24 0 -20 0 0 39 15 -43 24 0 -50 -43 0 0 0 0 0 -39 0 -42 0 -30 39 
-21 16 0 0 -12 -24 -19 0 38 49 13 -28 0 0 -44 0 0 -14 0 -42 0 0 -46 28 0 0 0 0 18 0 -23 0 0 0 -8 24 0 -5 0 0 0 -8 0 0 -35 -43 0 0 0 0 -49 32 -26 -49 0 38 0 -29 0 0 -22 0 0 0 0 0 0 -44 31 0 43 0 0 0 0 -32 0 0 0 0 15 -2 0 -5 -26 -25 -18 1 0 -27 -38 0 0 0 -39 -36 0 21 0 0 38 -16 0 19 0 0 0 -17 0 -26 0 26 0 -22 25 0 0 21 0 0 14 0 36 0 0 0 -15 -17 42 0 0 30 -36 50 45 0 0 -18 -34 22 0 0 22 -21 0 0 0 26 0 43 
0 0 0 -6 -50 0 0 0 29 -36 -22 -29 20 0 0 -27 49 -33 0 12 12 0 -34 7 35 0 28 0 0 0 -41 31 7 0 0 0 3 37 0 25 0 0 0 0 0 0 37 0 -13 0 0 45 -18 0 49 0 -39 -7 -26 0 0 39 0 -25 0 26 0 10 0 33 0 -28 0 26 0 -14 0 0 7 43 0 -43 -49 -9 3 0 -39 0 -39 49 21 -30 0 -38 -34 49 0 9 0 48 0 48 0 0 0 16 0 15 8 25 -3 0 40 0 0 31 39 31 -14 0 0 39 -47 -10 45 0 0 0 -22 0 -8 0 0 0 0 0 0 0 0 0 24 0 0 0 -45 0 0 -37 8 0 
0 33 24 -23 0 0 43 -10 12 -25 0 20 0 0 0 0 -2 39 0 0 0 -15 -45 4 0 0 37 0 0 0 0 0 -31 0 0 -19 0 0 0 0 0 -11 0 0 -14 17 0 0 0 0 0 0 0 42 0 0 -21 5 -2 0 38 0 -3 0 19 0 13 34 0 46 0 0 0 0 48 48 0 -14 0 0 0 0 0 0 0 0 0 0 8 0 0 0 0 0 0 0 46 -25 0 -10 0 0 16 30 0 38 28 0 29 0 0 -41 0 0 0 1 3 0 6 0 0 0 35 44 0 -42 0 0 -36 31 0 17 -8 -25 0 -8 0 12 0 0 0 0 -43 -48 0 16 0 0 0 0 
0 0 0 14 -13 0 0 6 0 0 -44 0 0 -44 22 0 0 10 0 0 0 12 0 0 -26 -24 41 0 0 0 -5 -23 0 10 -50 -40 0 0 0 0 35 5 -21 0 19 0 0 -49 0 0 0 0 -35 0 0 0 -8 -49 0 0 0 -32 0 -36 0 0 -45 0 0 -29 -14 23 0 0 0 0 -35 -31 -19 0 0 -33 -18 12 29 18 -9 23 0 42 0 0 0 0 0 36 2 6 0 3 0 -37 0 26 -37 34 0 0 20 0 0 25 0 0 -22 -50 0 0 0 0 16 11 0 0 0 13 0 0 0 -22 0 0 29 9 4 -17 18 0 0 0 0 -6 -13 0 0 0 0 0 0 0 
0 0 -16 0 0 0 -19 -29 30 0 0 0 0 23 16 0 22 -2 -9 0 0 16 0 -43 0 -37 13 0 -46 0 -29 0 -42 42 0 -23 1 0 0 44 -5 0 0 6 0 38 -7 32 45 0 0 0 0 -13 0 -32 0 -5 0 0 -48 27 41 0 13 0 -22 0 0 0 0 45 0 -8 49 -1 0 0 -47 0 0 0 36 0 1 0 46 0 0 0 -9 38 0 0 0 0 0 23 0 -39 0 42 -31 0 0 46 0 8 40 0 4 44 0 16 0 -38 0 -34 0 43 0 -10 25 0 34 -49 0 0 -41 -11 0 -11 23 26 0 7 -18 0 0 32 0 0 0 1 5 0 0 17 31 0 
6 -17 -20 0 -17 0 46 0 0 0 -9 39 0 -33 4 -14 -31 0 0 -21 -35 0 8 29 -24 -47 9 0 -28 8 0 0 23 -46 0 -36 0 0 -11 8 -37 33 -32 23 0 0 -26 -26 -18 0 -35 0 6 0 0 0 -21 0 0 0 -47 0 0 0 21 21 -23 0 0 0 0 7 42 0 0 0 24 -25 0 -16 18 0 0 0 -45 4 7 4 0 49 0 -44 0 0 -21 0 0 -43 0 33 0 -26 0 0 28 12 0 0 0 0 23 -35 0 1 0 0 0 0 -39 -48 0 -37 0 0 0 0 0 16 0 -11 0 0 -34 0 0 -30 0 20 -46 -19 0 31 30 0 0 0 0 0 32 0 
0 0 0 -46 45 0 -10 17 11 0 48 49 -4 0 0 -19 -13 -38 0 2 0 15 0 9 0 0 0 19 -28 -31 1 -49 -9 -46 -9 -15 0 20 0 5 -31 5 -7 22 0 0 0 -49 0 42 0 -13 0 28 -38 -20 0 35 0 0 0 15 38 39 0 24 0 0 22 0 27 0 0 26 3 34 7 -32 14 -38 0 -6 9 0 -1 0 -20 28 -24 13 0 0 0 -2 6 0 -23 21 41 -13 0 -20 0 0 0 11 0 0 0 0 34 0 0 0 -38 0 0 0 0 0 0 0 0 -33 0 -39 0 42 31 0 0 -36 0 14 0 0 0 -30 -35 0 34 0 -47 27 0 -13 39 0 0 11 
5 -8 0 0 21 34 -31 0 35 0 0 -25 0 0 0 0 0 24 0 -25 28 0 4 27 0 -34 22 0 36 36 20 -39 26 0 0 32 -32 0 0 0 0 -20 0 25 0 33 0 0 49 0 0 0 0 -38 43 4 0 5 47 0 0 0 0 0 0 0 -45 23 -14 -15 -22 0 0 0 -15 22 45 11 2 -7 -9 0 0 45 0 -32 -18 0 38 -25 -32 -42 0 -30 -17 0 -39 0 -43 0 -23 36 20 0 0 0 0 0 -10 0 0 0 0 0 30 0 0 0 0 -33 0 0 0 0 -33 19 0 19 0 0 31 0 0 48 0 0 -49 -38 0 0 0 0 29 0 6 0 0 0 43 0 
35 -6 0 0 31 4 0 40 -18 0 0 0 -37 0 21 11 7 0 3 43 0 48 0 0 0 0 0 0 -29 0 0 -4 38 23 0 50 0 -11 43 49 13 21 0 0 -22 0 12 38 0 0 0 -32 0 -20 4 0 0 0 -12 39 47 0 0 31 -6 -19 0 26 -13 0 0 -4 -3 0 46 0 0 0 1 0 19 0 0 -36 0 0 0 -6 34 -6 0 0 -21 -39 -41 43 0 -49 1 0 -13 -24 0 0 -28 0 0 0 0 5 28 0 5 24 24 0 -42 0 -23 32 0 0 -1 0 0 0 -44 0 0 -25 -39 -10 -40 0 19 0 0 0 0 28 0 33 41 -46 0 26 31 0 0 0 
-43 11 -26 29 0 45 -2 0 0 36 -29 -26 39 36 0 -13 0 0 -32 -2 0 0 -22 26 -5 0 -42 17 -13 0 -17 0 -45 0 0 4 -20 0 -11 -34 -50 0 0 -41 0 0 50 0 -39 -21 -8 0 -21 0 0 0 -20 0 -27 6 0 -29 0 0 0 11 0 -44 40 -47 0 0 0 0 41 -39 0 -39 0 -36 -25 0 0 0 8 0 46 18 0 -18 -37 -35 19 19 0 50 0 0 -37 29 0 39 23 40 -1 9 -3 0 -11 0 -48 0 -1 9 0 0 13 0 -18 0 8 0 -45 -45 -22 0 -30 4 8 0 0 0 0 0 1 43 -14 35 0 -5 11 -7 -32 -22 0 0 0 42 -38 0 
0 48 36 28 20 13 -49 0 -48 0 0 -26 0 -9 0 0 0 5 0 0 0 0 0 -46 0 0 0 8 23 -5 0 -16 -7 0 24 0 35 -29 42 0 0 -7 0 -24 -10 -27 -1 -29 -7 5 -49 -5 0 35 5 0 0 31 -8 -41 0 13 3 0 0 49 0 4 22 -2 -4 -40 -43 -23 0 -37 0 0 11 4 0 0 0 26 -17 0 -30 44 -15 0 0 26 0 0 0 0 0 0 -18 0 27 0 -8 0 0 0 -19 0 -41 0 0 0 0 46 0 0 21 50 0 0 -38 -20 0 -50 15 34 0 0 -5 0 -28 -19 -14 -32 -47 -14 30 0 0 -41 0 0 -8 0 38 0 0 -27 0 0 
-13 0 0 -29 -8 0 31 0 34 0 -16 5 0 0 0 50 0 -30 0 0 47 48 10 0 -10 36 0 0 0 0 0 27 0 -43 0 -8 0 -17 -38 0 -42 0 -1 0 0 8 0 0 -26 -2 0 0 0 0 47 -12 -27 -8 0 13 0 0 0 11 18 -9 32 0 31 -48 0 0 32 0 0 -16 0 0 7 -19 0 0 0 29 0 21 38 -17 28 0 0 -26 0 0 0 0 0 22 0 0 -29 0 0 0 0 0 0 9 0 -31 -37 0 1 22 -14 0 0 -18 0 0 0 39 0 0 0 8 0 0 -6 0 46 -26 0 -22 0 -17 46 0 24 0 -22 -8 0 28 0 0 0 0 -49 0 
0 37 0 0 33 -19 -12 0 0 -43 -9 0 0 32 0 0 -32 45 0 0 0 31 0 -37 0 4 5 -2 0 -41 -36 0 21 0 0 0 -34 -33 0 18 0 0 43 12 0 0 38 0 0 0 0 0 0 0 0 39 6 -41 13 0 0 12 0 0 0 0 24 0 0 0 0 -36 0 0 4 26 0 0 34 0 30 43 0 0 0 -43 0 0 0 13 0 0 43 -7 -6 -46 32 0 28 0 0 0 30 -11 0 -30 20 -45 44 -1 20 -44 0 -26 0 0 0 0 0 0 0 -10 0 0 -12 0 -7 32 0 0 -9 0 0 0 0 -33 0 0 0 30 -49 0 0 17 -24 0 0 -34 40 -42 
0 0 0 6 0 0 0 18 0 0 0 0 -5 8 1 0 0 -26 -27 0 -43 0 0 2 -35 0 -6 0 -49 21 -20 0 14 0 -8 0 29 0 -39 -39 0 -43 29 -1 50 0 -31 -22 0 38 0 -48 -47 0 0 47 0 0 0 0 0 0 -1 -48 -8 -30 2 20 0 0 26 16 0 0 -39 0 3 7 24 43 0 0 0 9 0 34 0 0 -46 0 0 0 0 8 -39 0 -14 0 33 0 0 10 30 -9 37 -31 0 -14 0 0 0 45 29 -19 0 46 41 0 0 0 0 -27 0 11 37 -32 23 0 34 0 0 0 0 0 0 -13 0 -10 -7 0 0 36 0 0 -2 3 0 -8 -14 45 
0 0 33 0 -40 -30 -40 0 -1 0 -40 0 -32 0 -39 0 -39 0 0 -33 -48 9 -11 0 0 23 0 -40 0 0 39 30 0 35 0 0 0 0 0 19 24 0 0 0 14 24 0 0 39 0 -32 27 0 15 0 0 -29 13 0 12 0 0 0 0 0 -23 0 8 0 15 0 0 0 0 0 0 0 0 0 40 36 0 0 0 0 48 -39 6 -1 0 16 0 0 -12 -33 -35 -49 0 17 27 -39 4 0 0 0 0 0 -41 0 0 24 -22 0 47 -21 0 -32 0 44 6 32 0 19 0 28 0 -41 0 -34 -28 0 0 -35 2 -9 -43 0 0 32 0 0 0 38 0 10 0 38 0 0 -47 
-14 0 12 -46 7 -46 0 -21 0 0 0 0 33 36 11 0 49 0 -32 0 0 28 0 0 -15 0 0 -7 0 0 -44 0 0 0 0 38 0 0 -31 40 0 0 0 35 -4 -17 0 0 0 -3 0 41 0 38 0 0 0 3 0 0 -1 0 0 -1 0 -6 33 -34 -25 -24 0 -14 40 -35 -3 0 1 0 37 0 -41 8 38 42 0 6 50 -48 47 37 0 0 29 49 -21 0 -26 0 34 -3 -49 -12 5 1 -39 -5 0 -24 14 50 -40 0 -34 -44 0 0 -22 -19 17 0 0 -23 0 30 -50 0 -23 -40 0 29 0 43 -33 0 36 9 0 0 0 0 -4 0 -24 -6 0 -12 0 0 0 0 
0 29 0 0 0 -50 -20 -23 0 -20 0 25 -14 0 19 15 0 -40 0 0 -21 0 0 -15 0 0 -17 43 28 0 31 0 33 0 0 9 32 0 -50 0 0 35 0 0 41 -40 18 0 -25 0 -36 0 0 39 0 31 0 0 11 0 -48 0 -1 -33 -4 -49 34 26 -41 12 24 0 28 0 31 0 0 0 -35 0 0 0 0 0 30 0 -11 22 48 0 0 0 -44 31 -38 -31 10 27 0 0 40 0 0 13 -30 0 0 0 -23 0 21 -28 44 5 26 0 41 46 29 0 0 -31 0 23 0 -16 0 0 0 20 0 0 39 0 0 -48 0 0 39 0 0 22 0 0 5 24 0 0 3 9 
-36 0 2 0 47 0 0 0 -16 0 0 0 0 33 0 0 48 0 42 0 0 0 -17 0 0 0 11 0 0 31 -37 0 8 0 26 -32 0 40 0 0 -33 3 37 -17 0 0 0 0 0 19 0 13 21 0 0 -6 0 0 18 0 -8 0 0 -4 43 0 17 0 23 0 0 -24 -3 6 0 0 0 0 25 -16 0 -6 -38 0 0 0 32 0 0 -34 24 4 0 -50 0 0 0 0 -13 0 0 22 0 5 0 0 37 0 2 0 12 0 0 -5 -2 0 -17 -42 0 0 -37 0 -10 39 -12 0 23 -12 0 0 0 0 0 0 0 0 -47 0 -2 40 0 34 0 0 0 0 -43 -39 0 0 
30 0 0 42 0 10 0 0 0 -28 0 -12 33 -17 29 0 0 0 -42 2 0 0 0 29 -27 0 0 -19 0 0 0 42 0 -31 0 50 -1 0 19 0 0 0 0 0 -37 0 43 0 26 0 0 0 21 24 0 -19 11 49 -9 0 -30 -23 -6 -49 0 0 0 33 -25 16 0 20 5 0 0 -32 49 0 0 -26 14 0 0 37 29 0 0 16 21 39 -46 -4 0 -30 -24 44 14 -1 0 41 48 0 0 0 43 14 0 -17 -17 5 46 -9 -45 32 -25 0 0 0 40 0 -31 19 0 0 0 7 14 -17 0 16 0 0 0 0 0 21 0 -25 0 -13 0 -19 0 -5 0 0 0 -37 0 20 
0 -7 -1 0 21 -13 -47 0 49 49 26 0 0 -35 0 0 -5 0 -22 -9 39 32 0 0 -26 -24 0 0 -38 0 0 18 7 0 -44 0 -15 45 19 0 0 -10 0 1 0 0 -38 0 0 13 -45 -22 -23 0 -45 0 0 0 32 24 2 0 33 34 17 0 0 0 -3 0 -1 -39 -37 -32 0 -14 0 -25 0 0 -46 0 50 0 -27 0 -35 -22 -28 0 -50 -29 0 0 0 -46 0 0 -24 0 -3 9 47 0 0 0 -39 0 0 0 0 0 -35 0 42 46 0 0 -42 -42 1 0 0 0 17 27 0 0 0 -39 0 0 0 27 34 0 0 0 -22 0 -41 0 -31 0 0 0 0 0 0 0 
0 -9 -10 0 -49 5 -25 -50 0 0 0 0 0 46 0 0 -48 0 -45 -7 15 -36 0 14 46 -22 0 -30 0 0 0 0 0 0 0 -49 33 18 0 27 25 -12 0 -48 0 0 0 -44 10 34 0 0 0 0 23 26 -44 4 0 0 20 8 -34 26 0 33 0 -26 0 0 0 -23 0 0 0 0 -2 0 2 0 0 0 -39 0 0 0 0 0 26 0 46 -34 0 0 0 32 7 30 -25 29 0 0 25 -43 2 27 14 17 7 47 -23 0 8 0 25 -6 0 13 -50 0 -34 -27 21 0 5 -17 0 30 0 0 46 0 -33 -36 30 0 -37 50 0 13 0 -36 0 0 -5 0 0 -24 13 0 
0 36 0 12 -19 -13 -32 0 -18 -36 0 0 0 0 -19 22 0 -35 0 0 -49 0 0 15 4 0 46 33 0 0 0 0 0 0 -29 -43 17 0 0 0 0 0 0 -17 31 44 0 31 0 0 0 0 0 22 -14 -13 40 22 31 0 0 0 -25 -41 23 -25 -3 0 0 0 0 0 0 29 0 0 -25 -32 13 18 -30 7 0 0 -43 18 -35 0 43 -43 -24 0 13 0 27 49 -32 28 0 0 36 0 19 -26 0 -27 -26 -42 0 0 0 -15 0 -24 0 36 -45 -2 0 -23 0 -46 0 0 0 -48 0 0 -37 0 -46 6 0 0 -43 0 0 0 42 0 -22 0 7 0 0 21 0 0 0 17 
0 -49 36 -19 -16 -3 0 11 0 0 23 40 0 0 0 5 0 -34 0 0 0 -8 26 0 0 0 -4 0 0 -5 -36 -16 0 -32 0 0 0 -44 0 -41 0 -26 0 0 -13 -29 0 0 33 46 -29 0 0 0 -15 0 -47 -2 -48 0 0 15 -24 12 0 16 0 0 0 0 0 0 -16 0 -16 0 0 0 -48 -19 -3 12 -50 -36 0 0 0 48 0 0 0 8 -47 0 -11 32 0 29 -8 5 0 0 -33 33 -2 0 10 -40 0 46 45 33 43 40 13 -32 19 0 42 0 -49 0 43 0 11 -44 0 -30 -10 -34 -7 0 0 -25 -15 9 45 46 -48 -49 8 0 -15 0 0 0 0 21 0 0 
39 0 0 0 -24 29 0 41 0 -12 40 -22 0 -6 -21 0 0 0 -48 0 -42 1 14 28 0 0 -16 -8 48 0 2 -16 0 0 -37 0 0 0 -22 0 37 -20 0 0 0 0 0 43 0 0 -14 0 0 27 -22 0 0 -4 0 0 26 0 0 24 0 0 -1 0 0 0 28 0 8 26 0 -32 28 0 0 0 28 31 20 0 -13 0 0 -27 -24 0 0 0 3 0 -30 0 0 0 0 0 -43 0 0 0 -22 -4 -19 11 0 0 0 19 -17 -2 43 -16 8 0 15 11 -14 0 7 0 5 0 0 0 0 0 0 0 4 0 16 9 13 0 28 -17 0 50 0 0 0 -20 18 0 0 -38 
0 0 -41 0 43 0 0 -38 0 47 0 43 0 0 0 -13 0 -33 0 0 36 -22 -25 0 -28 -32 -5 -28 28 0 -22 4 0 -47 0 26 45 0 43 20 0 0 35 0 -34 -50 13 0 -28 0 23 45 7 0 0 -4 0 -40 0 -36 16 0 -14 0 -24 20 -39 -23 0 0 0 0 35 0 -30 -10 -45 0 0 0 -30 0 0 0 -50 9 0 17 42 31 0 26 42 -24 -29 0 -6 0 0 0 -37 -33 -47 5 0 0 0 0 44 -22 -49 0 -26 0 0 0 32 31 0 16 30 -45 2 0 47 15 0 6 -30 16 7 0 0 19 0 0 27 0 0 -43 -9 -43 43 0 26 11 1 0 -41 -2 
0 0 50 49 0 0 -40 0 -36 0 0 -31 38 0 0 0 0 0 13 -13 0 0 -20 0 0 0 -43 0 44 0 -13 42 -19 0 -22 -20 0 17 0 0 -38 -5 0 0 0 0 34 0 0 0 0 0 42 0 0 -3 0 -43 32 0 0 0 40 28 -3 5 -37 0 0 -16 8 35 47 -36 11 22 0 -45 0 0 40 0 8 -50 -23 0 36 20 0 0 -40 0 0 0 0 -24 44 0 0 0 0 0 5 14 0 0 0 0 0 0 0 0 -26 0 31 0 41 0 1 31 0 24 -13 29 0 0 -9 -12 0 -5 0 -23 0 -43 30 0 0 0 0 0 37 0 34 18 0 -50 0 0 4 16 
14 10 44 0 50 0 18 0 -30 23 0 -34 -34 28 -2 14 -4 37 -10 -15 8 0 0 16 0 -22 0 17 46 31 7 31 -13 0 0 -15 23 38 0 0 0 0 -40 5 -15 0 0 0 26 0 0 -8 0 26 0 0 0 -23 0 0 0 0 -35 0 6 0 -32 0 29 0 26 0 -36 0 0 31 0 0 -35 0 0 33 0 0 16 2 1 0 0 0 33 -12 -16 0 0 -38 0 0 0 36 0 0 2 33 -32 -38 -34 0 0 0 15 25 40 0 0 -15 27 -39 -29 0 -38 0 38 0 -23 0 0 -45 0 28 -7 0 0 0 16 -1 0 -10 0 0 28 0 0 0 0 0 -6 -30 19 -11 
0 0 0 0 39 0 22 32 0 -40 41 3 28 -26 0 0 31 34 33 -4 0 0 0 36 -50 22 0 42 0 3 -4 0 0 24 0 0 39 31 0 50 36 32 46 0 40 -37 0 0 0 48 0 49 0 3 -15 46 41 0 0 4 -39 0 -3 31 0 0 0 0 0 -16 0 -30 11 0 0 0 43 0 0 -15 0 0 0 18 31 0 -32 0 -7 38 0 0 -38 0 -30 -26 0 -50 -22 0 0 0 0 0 -48 0 14 8 -25 0 0 0 0 0 -8 0 0 27 0 -6 42 -49 -11 0 7 9 -19 0 49 11 0 24 0 0 25 0 0 -46 0 0 0 34 0 0 39 -16 -41 0 0 46 
34 12 15 0 0 0 -38 0 0 0 0 0 3 45 0 -33 0 0 0 -22 -45 10 -35 0 -6 0 0 0 -23 12 0 6 -11 0 -47 0 0 -32 0 -40 -17 -37 -4 0 -25 50 0 -32 -14 48 0 -1 0 34 22 0 -39 -37 -16 26 0 0 0 0 0 -32 -14 0 0 0 -32 -10 22 31 0 -43 -46 0 0 -41 -27 -25 15 -47 24 22 -1 -14 0 -26 -36 0 -13 0 0 0 0 0 0 -37 -24 -39 5 0 0 0 -28 0 -31 0 0 32 0 0 -13 0 0 0 0 0 -36 47 -25 -18 -4 0 0 0 0 0 28 -23 -42 0 0 -32 18 -27 15 0 0 0 0 0 0 0 0 30 0 10 
0 -38 -43 9 0 -16 -9 26 0 40 0 0 0 31 0 -28 7 -16 0 46 0 22 49 0 0 -18 20 -29 50 0 0 0 0 -21 0 0 34 0 -34 -14 0 -30 -49 0 0 0 0 0 0 0 -35 0 24 7 45 0 0 0 0 0 3 0 1 0 0 49 0 -2 -25 0 28 -45 0 0 43 -46 0 3 0 11 8 22 47 1 -3 34 0 39 0 33 -44 0 16 18 0 0 0 36 16 0 0 0 0 0 -18 0 0 5 -25 27 5 -25 -35 -2 -26 43 41 0 -49 0 0 -24 -13 7 0 34 -39 0 0 0 41 0 28 22 -40 0 0 0 40 49 38 0 29 -18 12 0 0 -28 17 0 
0 0 -24 0 0 23 34 0 46 0 0 0 0 33 0 -7 -37 26 0 0 0 0 0 4 -36 0 0 35 0 49 0 0 0 26 0 0 0 45 0 -34 0 -1 -30 48 -45 0 -4 0 0 -14 -31 0 -25 -32 11 0 -39 0 0 0 7 0 0 0 0 0 -25 0 -32 0 0 0 -45 0 0 0 3 0 0 0 -44 -24 18 -21 0 0 -25 -10 0 -17 -33 -35 0 0 19 0 32 -28 34 41 0 18 -15 -37 45 33 26 -25 0 0 0 -7 0 -32 0 0 -18 0 17 -2 -22 0 -18 0 0 0 0 0 19 42 -27 0 -25 24 41 0 0 13 12 -9 0 0 0 15 0 0 0 43 -26 42 
44 0 0 -7 -40 0 0 0 -4 0 -50 0 -22 0 6 6 14 0 0 -44 0 0 22 0 36 0 0 0 11 22 -8 0 2 26 0 0 0 -14 0 40 41 0 0 -10 45 -13 0 0 7 0 -19 -47 0 14 2 1 0 11 7 34 24 0 37 -35 25 0 0 2 13 -48 0 0 0 -35 0 0 0 0 21 0 -14 -42 6 0 0 40 34 8 0 21 -23 0 -44 -38 6 22 22 -23 0 0 50 0 0 -12 28 0 -33 0 0 0 0 0 0 -3 -11 33 0 0 1 0 -27 26 0 24 -40 -13 0 0 0 0 -19 -26 22 -26 0 0 0 -43 0 27 0 -35 0 -37 0 -21 0 -1 22 0 
-11 0 46 26 0 0 4 0 0 -13 10 0 0 -42 10 16 -26 0 0 0 0 23 41 0 0 19 -3 0 0 0 -30 0 -34 -34 16 0 -12 38 0 45 -20 -24 0 16 -44 47 0 0 43 0 0 0 -16 -38 -7 0 -36 4 -19 0 43 40 0 0 -16 -26 0 0 18 -19 0 0 0 0 -15 -41 11 0 0 0 25 0 19 0 0 -47 0 32 0 14 -12 6 -16 0 0 27 0 -50 -8 0 0 0 0 -16 -17 43 0 0 -25 0 -38 0 0 0 -42 0 -3 -46 0 17 0 -37 0 -30 12 -17 5 -21 21 0 0 0 0 0 -8 10 37 30 43 37 0 15 0 0 0 10 0 0 0 0 
0 0 38 -49 12 35 -41 0 -12 40 11 0 -36 0 10 0 44 1 -11 -45 -18 0 15 -14 0 12 -7 18 10 0 0 28 0 0 0 0 0 0 0 0 -3 0 0 -33 0 40 17 15 0 0 0 0 18 0 -9 19 -25 0 0 30 0 36 -41 0 0 14 -46 0 -30 -3 28 -30 40 0 0 -27 8 -44 -14 25 20 0 13 0 -10 -17 36 43 0 0 -33 -32 -30 21 2 -49 -17 0 0 -40 -14 -29 35 0 15 0 8 0 0 0 -18 -24 -40 0 45 10 0 0 -14 0 0 29 0 0 -29 36 -36 0 0 0 -43 0 28 0 0 -37 -28 0 16 23 18 -10 44 0 0 0 -11 16 0 0 
0 0 5 20 39 0 -49 0 -3 28 0 0 0 5 46 0 0 0 0 -22 -37 -25 -22 0 -24 0 0 -45 -33 0 0 0 35 35 31 -6 -44 10 49 0 34 -28 0 0 12 0 0 -2 -43 0 -33 0 0 -6 0 0 0 0 0 43 0 0 8 0 -6 0 0 0 7 12 31 0 0 33 0 -25 22 -24 -42 0 0 36 -31 -11 0 11 0 0 25 0 0 0 -32 0 0 0 0 0 0 0 0 0 0 23 0 0 0 -26 -39 -31 0 28 -35 0 -16 0 14 0 0 46 0 0 10 -42 0 39 0 0 -33 0 0 0 0 50 0 -39 35 -38 33 0 -7 -42 0 41 25 0 0 -35 0 -15 
-4 36 46 0 -6 -14 0 10 -4 0 0 0 0 13 -30 -46 0 -49 35 32 46 0 0 -14 0 -46 -44 14 0 0 -48 23 20 -5 0 0 44 8 27 -47 0 0 0 26 11 -34 1 0 -49 0 -18 36 0 9 0 0 0 0 0 0 0 0 38 0 -38 0 50 -39 0 -50 20 0 8 0 0 15 47 18 6 19 13 -31 -46 31 41 0 -30 -13 0 0 -19 0 0 0 0 -33 20 0 -44 -12 4 0 0 -6 0 50 -45 -14 0 0 -30 -49 0 -3 20 10 -25 5 -8 -6 0 0 -19 0 15 40 0 -14 -24 0 0 0 0 0 19 0 11 0 48 0 27 0 0 22 -39 -2 0 0 0 0 
0 -22 0 0 -39 38 4 -25 29 0 0 37 0 0 0 -20 26 -8 17 -43 0 -6 0 -9 50 -23 5 -2 0 29 -49 0 -6 23 -46 15 0 0 9 0 26 -50 0 -13 15 19 -2 -5 -9 0 12 0 0 0 45 -36 0 26 29 0 9 0 42 0 0 37 0 0 0 -36 0 0 -50 0 18 -47 1 -21 0 0 0 -11 31 -40 -5 0 -4 0 -28 0 0 0 0 3 9 0 38 0 0 -50 35 20 0 45 3 -7 -5 0 0 44 0 0 39 -5 -7 -6 0 0 43 -14 0 -43 0 -37 0 0 -44 30 9 39 50 0 21 -4 6 34 36 0 0 0 6 0 -49 27 -44 0 0 -13 -21 -46 
0 0 -18 -30 0 0 -28 24 5 0 0 12 0 0 0 0 49 -20 32 -47 23 -23 -8 0 30 -9 -50 11 0 14 -48 -3 -18 24 9 -39 37 0 -9 34 0 0 0 0 0 0 -28 -26 3 0 29 1 -45 -1 0 0 8 -17 0 0 0 0 0 30 0 29 -27 0 -43 0 -13 -50 -23 16 31 24 -3 0 0 0 -10 0 41 -5 -44 0 26 15 0 0 0 0 -31 0 0 -7 -26 0 0 0 -15 0 0 3 0 0 0 -43 0 -11 50 0 0 -2 48 0 0 -28 -45 19 0 -15 0 -29 0 13 29 28 0 0 0 -21 -25 0 -27 10 0 0 0 0 -50 27 -4 0 0 -34 0 -22 0 0 
32 0 45 0 9 0 0 -48 0 39 0 -26 0 0 0 0 0 0 0 0 -48 0 0 -40 23 0 -36 23 -46 -23 41 -32 0 0 0 0 -17 0 0 -21 -17 0 5 0 0 0 0 -25 0 0 18 0 4 0 -32 0 0 0 21 -43 34 48 6 0 0 0 0 0 18 0 0 9 0 2 0 22 34 0 40 -47 -17 11 0 0 0 0 15 0 40 0 23 0 -49 0 -35 0 0 0 0 41 -16 0 0 6 2 0 0 0 0 -39 29 0 0 27 0 19 18 -18 -41 46 0 0 0 -43 40 0 -38 48 12 0 0 0 0 0 0 10 0 0 17 -14 -45 0 0 0 0 0 -15 -28 0 0 
26 -25 0 0 0 50 -37 22 8 13 45 0 -45 0 47 -12 9 29 0 -12 0 48 -26 0 0 14 -48 31 -20 0 49 46 -1 -4 -22 0 32 33 0 0 0 34 0 28 -7 0 0 -18 -39 0 -9 46 7 -20 -18 0 46 -30 38 0 0 -39 50 -11 32 0 -35 0 -35 0 0 0 36 1 -32 -1 0 -25 34 0 36 0 -30 -4 26 15 -29 0 0 -22 -20 0 16 34 0 0 8 12 0 0 -36 -27 -1 0 36 0 -41 0 0 0 0 0 -7 0 10 -38 0 0 0 -27 0 -28 37 0 23 -50 0 -33 0 -27 0 0 -43 0 0 23 45 46 0 0 11 41 0 14 49 0 0 43 0 0 
32 -46 0 -30 26 21 0 0 0 0 41 0 -13 -35 0 0 0 -8 0 0 0 0 0 36 -36 0 27 -17 0 0 26 0 0 37 0 15 46 0 8 0 32 0 0 5 48 0 -10 1 0 0 23 0 4 28 0 -6 18 44 -17 0 0 6 -48 22 0 16 -22 0 0 48 -27 17 20 0 0 -14 39 -10 8 32 43 0 -13 0 15 0 0 -4 29 0 25 26 0 24 36 0 0 8 30 0 -41 -49 0 3 17 -24 0 0 0 40 -18 -26 0 0 0 -15 38 0 -28 0 50 -40 0 0 31 -6 0 23 0 -30 0 0 0 0 -49 0 0 0 38 -16 0 -22 0 0 0 17 0 0 0 17 
39 -11 0 -3 42 0 0 0 -9 0 0 5 0 0 -17 -4 34 30 0 -45 -37 -39 0 16 0 -45 -4 0 -22 0 0 -30 -40 0 33 26 -12 -37 0 46 -17 0 0 10 -19 0 0 0 -39 8 0 0 0 -24 38 34 0 -15 28 0 -46 -1 47 48 0 21 -28 26 43 0 -24 42 0 0 -7 0 0 0 0 0 0 25 0 -28 0 40 0 29 0 -24 -47 -27 0 0 -37 -36 2 -30 -29 0 0 0 0 -28 -28 5 0 0 47 0 35 0 0 0 0 39 0 33 0 0 10 0 0 0 -41 -30 -9 -34 14 0 0 -22 0 18 -13 0 0 22 0 0 21 0 0 0 -21 0 0 0 -36 16 
0 15 0 -9 -19 0 0 -27 -23 0 -40 0 0 17 35 0 -24 1 0 24 0 -39 0 0 -20 -20 40 -11 21 -12 0 0 0 0 0 0 0 -19 0 0 26 0 -35 0 0 0 -22 -27 49 0 42 0 49 13 -25 -6 -18 0 0 13 0 0 37 0 -34 39 0 0 -43 0 0 31 0 0 38 -26 33 -17 21 14 0 0 0 0 0 0 -22 0 -24 34 -15 29 0 0 0 0 48 0 -49 0 -8 0 0 31 34 42 0 -25 0 -46 -28 15 41 10 0 0 36 0 0 -16 0 0 -17 -50 0 -47 8 -41 -13 0 0 0 -5 0 17 0 -12 0 0 0 0 -22 0 0 0 0 0 -29 -18 0 
0 0 -14 32 6 0 0 0 0 0 0 0 0 -25 0 -34 0 18 31 0 0 -26 37 0 0 27 49 -5 0 0 -1 0 -5 9 0 0 1 0 0 0 -20 -19 0 0 0 -37 -36 -38 21 0 0 -9 0 0 -32 0 -37 0 0 0 0 16 0 0 24 -46 -50 46 -24 0 0 0 -40 33 0 -36 -44 -33 -23 -12 -33 0 -19 0 0 23 -20 25 -47 -15 0 0 0 0 0 -24 0 -5 -22 0 0 0 -7 -42 -33 0 0 3 0 -39 0 0 8 -11 4 -11 37 0 -16 0 0 44 36 -48 -21 0 -25 24 26 0 0 0 0 0 0 -38 0 49 0 0 0 -45 0 0 27 -12 0 0 -23 49 
0 0 0 0 -17 -21 0 -14 16 20 37 0 0 0 0 -18 35 21 0 -30 0 0 0 47 0 0 8 -19 -41 11 0 5 0 0 -35 15 0 0 0 5 0 37 50 -27 0 34 -28 0 -30 0 0 38 -44 0 -42 0 -35 26 -26 0 0 0 0 0 4 -4 -29 -34 0 8 0 26 0 -12 0 0 0 -35 0 6 -32 0 0 0 0 0 0 26 -27 29 0 0 40 25 -14 -25 38 -21 0 0 -48 0 -30 -43 0 0 12 -49 -18 0 0 -40 0 4 0 0 0 0 0 49 -45 -25 0 0 0 39 -21 0 0 -16 0 -26 0 0 35 28 -37 0 -29 0 0 0 -22 36 0 -7 5 -17 -27 47 
0 3 24 -11 0 0 29 0 -6 0 -40 -9 0 -14 0 49 -16 3 0 0 -32 -30 46 -24 0 -28 40 0 21 0 13 0 -40 0 0 0 0 0 -8 -18 -23 46 0 0 1 0 0 0 0 0 0 0 0 0 0 -21 19 0 0 43 0 0 29 -44 0 0 0 0 13 -47 3 42 0 -16 -38 -13 16 0 -44 -16 -30 -32 0 0 -31 -49 16 0 0 0 0 40 0 1 0 0 0 0 0 0 0 0 0 8 0 0 0 0 19 -28 0 14 0 10 -7 0 -36 2 0 0 27 0 -4 0 0 -8 -31 0 0 0 0 0 -5 49 -11 -17 0 0 0 -41 0 0 24 9 29 24 23 0 0 27 
0 17 0 1 40 0 0 -6 -39 0 10 0 0 -47 0 0 0 41 0 23 14 -36 -2 13 0 0 0 0 -45 0 4 40 -1 10 0 17 0 -29 10 0 0 -8 44 -13 0 -17 -9 0 -38 0 0 0 0 -2 -30 -39 19 0 0 -7 8 -12 49 31 -50 -30 0 0 0 0 0 -24 0 0 0 0 18 0 -38 0 21 0 0 3 0 0 34 24 0 0 0 25 1 0 0 -49 -29 -7 33 0 35 35 20 0 0 0 42 30 0 0 9 0 0 0 18 0 0 -8 0 23 28 0 4 0 -16 -47 0 0 -28 0 0 0 -14 13 0 -29 0 0 0 0 0 16 11 -27 36 0 -34 0 0 17 
-9 -39 -11 -36 12 0 -12 0 -14 0 36 43 0 0 0 -1 0 0 2 0 -8 0 6 16 41 -7 23 0 0 0 0 0 0 0 0 42 0 0 -1 30 0 -3 -22 0 4 -28 0 -39 -34 0 0 0 -21 6 -17 -41 0 0 0 -6 -39 -33 -21 -38 0 -24 0 0 27 -11 -30 -29 0 0 -30 0 0 19 6 0 2 0 0 9 0 -35 0 36 -37 0 0 -14 0 0 0 0 0 0 0 0 -6 0 0 0 0 0 0 0 20 0 0 0 -24 0 -49 -46 -47 39 0 0 0 -37 0 -11 -40 0 0 2 -25 0 0 10 6 0 0 19 0 37 -8 26 7 0 41 0 -15 -20 0 -32 11 26 
-25 0 0 -50 0 43 -9 30 34 0 -42 -8 -35 0 -30 14 0 -26 0 0 0 -39 0 -7 0 34 0 0 30 -14 0 0 49 36 16 -37 0 -13 -2 0 38 15 6 35 -32 36 27 -36 49 0 36 0 0 0 0 43 50 0 0 -46 0 -35 0 -31 0 44 -46 32 49 32 0 0 -24 -38 -26 0 0 0 22 27 -49 0 -33 0 -7 0 0 0 -36 0 -24 -25 0 -49 0 40 -7 1 33 0 15 0 0 19 0 -18 0 0 44 29 0 0 0 -35 -22 5 -7 31 -4 19 0 0 -23 37 0 -25 27 0 0 0 -1 6 -43 49 0 -46 17 -11 0 0 0 3 8 0 -3 -10 0 -41 0 0 
0 -21 0 -7 28 0 0 8 16 -29 30 0 -32 0 -50 0 -24 50 -50 -42 0 0 0 0 -14 -48 -39 -3 0 -21 0 0 -38 21 0 40 42 23 32 -26 46 28 -50 0 43 36 42 0 0 46 2 0 0 -23 -39 0 0 0 0 32 -14 -49 -26 10 0 14 0 7 -32 0 0 -6 44 0 0 0 0 32 22 0 -17 0 20 38 -26 0 8 0 2 48 0 38 0 -29 0 -7 30 18 10 -23 49 0 0 0 -43 48 0 -44 11 0 49 47 0 -30 0 0 30 -5 0 -50 -13 0 0 -36 0 -50 46 0 0 19 -16 -16 -48 22 0 34 -50 0 0 0 0 0 -43 -33 0 32 24 1 -25 -13 
0 -40 0 8 -14 -23 0 0 0 0 0 3 -31 0 0 0 10 -45 0 0 0 6 30 0 0 0 0 25 0 0 -7 0 0 -18 0 37 0 -1 -46 0 0 43 0 44 -48 0 16 21 9 -25 6 23 -43 21 0 -49 0 0 22 0 0 0 0 27 0 -1 0 30 28 29 0 0 0 0 -50 0 36 -28 -23 -50 0 0 0 0 0 0 12 8 -30 0 -5 -21 0 -7 0 1 18 -45 0 0 -37 1 0 27 0 0 0 -12 40 0 0 0 0 3 13 -29 0 0 0 -29 0 -24 0 0 0 0 -41 5 -29 0 47 1 -23 0 0 29 30 47 0 0 44 0 0 -11 0 -37 0 0 0 0 
-24 -35 31 0 0 0 0 3 8 0 32 45 0 0 48 -13 0 -18 -21 0 0 0 0 0 0 0 -37 4 0 7 0 20 0 0 -44 0 -10 0 50 -20 0 -5 0 -35 -12 17 -45 0 0 0 0 0 0 41 -43 1 -37 -18 0 28 33 17 34 0 -13 0 -24 -25 0 -8 0 0 0 0 -22 0 16 34 0 -8 0 0 -44 0 0 0 0 30 -29 -49 -22 0 0 33 0 33 10 0 0 -2 0 0 -32 19 0 0 0 0 0 0 0 -31 0 0 0 0 0 0 0 0 0 -21 0 0 0 43 -4 -41 0 -35 -14 -29 38 -14 0 -32 0 -28 41 0 32 0 0 0 -2 0 -8 0 0 0 
-19 0 0 0 -27 0 0 0 -35 12 0 0 -33 0 -47 -37 0 0 45 -28 46 0 0 46 0 0 47 -19 8 0 -16 0 0 0 -23 17 0 -49 -39 0 0 -29 -43 -33 -34 0 0 0 48 -10 3 -39 33 -13 0 0 29 0 0 0 0 27 -3 0 0 41 0 29 0 5 0 0 0 36 0 -37 0 41 0 0 -40 0 -12 -50 0 41 0 0 0 0 0 0 0 0 0 0 -23 0 -2 0 42 0 0 -30 -47 0 0 0 35 0 47 0 0 -34 -7 0 0 -40 -43 0 0 18 49 5 0 0 0 -6 -7 41 34 -29 0 -16 -11 0 0 44 21 0 0 7 -6 -10 -22 40 0 0 0 0 
0 -15 0 0 0 0 -20 0 0 -20 0 0 0 0 0 18 0 -19 1 -39 49 -35 0 18 0 -43 0 8 0 2 49 -42 0 0 8 0 6 11 10 -21 -39 -41 0 30 0 10 0 38 0 0 0 0 0 0 -23 -13 0 27 -29 0 0 -39 -49 40 0 48 -3 0 36 0 -43 -37 0 0 0 -24 0 0 50 0 -14 0 4 35 -15 -16 -36 -41 0 -8 0 -48 0 35 -6 15 49 -37 0 42 45 0 0 -32 -7 -49 0 0 -10 0 -40 43 0 -6 8 0 -27 0 -12 45 23 0 50 27 23 -30 -10 32 0 -26 38 0 0 11 18 0 9 -9 0 0 0 -29 0 0 0 0 0 8 0 49 
-16 0 7 24 -34 -13 0 12 42 0 -12 0 1 -1 0 0 1 0 0 0 -26 41 24 -14 0 0 0 -44 -50 0 0 0 15 0 25 23 -48 0 -40 -19 -29 0 0 0 -36 -17 1 -16 48 0 -37 42 -26 -20 36 -24 39 0 0 0 10 4 -12 0 22 0 9 0 0 0 0 -33 0 0 0 -39 0 18 0 0 -29 0 0 20 0 0 -27 -49 0 0 0 0 0 35 0 0 0 1 0 0 0 18 4 -45 0 0 37 46 1 0 -37 2 -30 0 -14 0 0 0 0 50 0 0 -19 0 0 0 0 0 0 0 0 34 0 -6 32 0 0 0 -5 3 48 0 0 0 0 -24 -18 0 -5 0 
-46 0 0 8 4 1 -43 0 4 0 0 0 0 0 -7 0 -13 0 0 0 0 0 0 -25 0 0 -42 0 -17 -2 18 0 0 -2 15 -48 0 14 0 40 -35 0 31 0 0 0 -45 0 0 16 0 -31 0 0 20 0 23 -8 0 30 30 0 5 0 0 0 47 25 19 -33 0 -47 5 2 0 5 0 -15 0 0 35 0 0 0 0 0 -1 0 0 0 -7 -30 0 20 0 0 0 0 -32 0 0 4 -49 -10 -43 0 -16 0 6 0 0 25 -20 -1 0 -46 -33 0 0 0 -14 0 24 0 0 -24 0 0 -31 0 0 0 -6 0 0 0 0 0 -23 0 0 0 0 24 0 0 -17 -27 26 0 
0 -47 5 -31 0 -44 4 -28 0 9 27 -22 -28 0 0 0 0 4 34 0 0 0 0 0 -12 0 0 -16 0 0 0 -43 0 -40 0 -22 0 0 -43 11 13 0 0 0 0 0 0 19 0 30 26 0 0 0 0 0 40 0 0 -11 -9 0 1 13 5 0 0 -43 -26 33 0 5 14 33 0 0 0 -37 -12 -16 0 23 -6 45 3 6 0 3 -28 31 -42 -43 8 0 0 19 0 27 19 -30 -32 -45 -10 -35 -9 0 0 0 0 34 0 5 -13 0 13 -40 27 0 14 0 0 -6 0 -5 -35 -41 0 0 -44 -50 42 41 29 0 44 -6 -39 0 19 0 0 -8 -16 -46 0 0 46 11 25 0 
0 -23 -30 0 35 4 0 9 0 37 -48 0 0 -36 0 -9 0 -42 14 6 -24 5 0 0 3 0 -33 -20 35 37 0 0 10 0 0 -49 0 32 17 0 0 -36 -22 -30 26 0 -34 0 0 0 -37 0 28 0 0 -28 -1 0 0 0 37 0 -39 -30 0 43 0 2 0 -2 -22 0 0 -32 -48 0 -18 45 28 -17 15 0 0 3 0 2 36 17 -28 34 -33 0 0 0 0 0 -43 0 0 -47 -7 0 -43 -9 -28 0 0 -3 23 0 0 8 29 8 -6 7 -48 15 -12 0 0 0 36 0 0 -17 0 0 0 -38 0 -10 0 -39 0 -6 0 -39 0 0 -19 -25 0 42 41 0 22 0 0 46 
0 -21 0 0 0 0 0 -15 0 0 0 0 23 0 0 0 0 0 -41 0 -47 -28 0 0 -9 0 0 0 0 5 0 12 0 20 0 0 9 43 -26 0 -32 -49 0 0 11 0 17 0 16 38 34 46 12 11 0 0 9 0 0 -30 -31 0 -5 0 0 14 0 27 -27 0 -4 0 0 -38 0 0 0 33 0 43 0 0 50 -7 0 0 0 -24 5 42 0 0 0 0 0 -18 48 0 0 0 -49 0 0 0 0 0 44 0 0 0 0 -27 0 0 0 41 3 16 43 0 1 25 12 20 0 -45 0 -1 0 41 48 43 -7 -36 23 0 -12 0 0 0 0 0 -5 0 0 0 0 0 -8 0 
0 0 50 0 0 0 0 -29 0 0 0 0 0 5 -12 31 0 0 41 0 -6 0 0 0 40 0 0 7 0 -26 0 0 0 9 0 0 0 0 47 0 0 -11 0 -16 0 0 -1 0 0 28 0 0 0 0 0 0 -3 -19 0 20 0 0 0 0 37 0 -39 14 -26 10 -19 0 0 -34 14 -28 0 26 -33 0 8 0 -45 -5 0 0 -41 0 0 0 0 12 0 42 0 0 0 0 0 0 0 37 -16 0 0 44 0 0 0 3 0 0 28 0 0 0 0 12 -39 -47 0 0 0 0 0 -3 0 -50 0 0 7 46 -25 0 17 0 0 -31 33 0 26 34 -42 -29 0 -44 -33 26 33 0 
18 0 0 0 0 0 -32 -33 23 0 0 35 0 38 33 37 0 22 -42 0 0 27 0 35 0 0 0 15 -41 44 -24 0 44 0 0 -1 0 42 0 0 12 0 0 0 0 0 46 -17 15 0 0 8 0 0 0 0 0 0 9 -45 -14 -41 -24 0 0 -17 0 17 -42 -40 11 0 0 0 8 0 5 -25 0 0 0 -26 -14 0 -43 0 0 0 0 -25 3 -49 0 30 0 0 -44 -12 0 0 0 46 0 0 -3 0 0 -32 36 0 11 -33 0 3 0 0 -39 48 -39 48 -29 0 10 -38 -44 27 0 0 0 0 0 0 0 -27 0 0 0 36 -39 0 0 -19 17 0 41 30 0 -6 0 0 
45 -15 0 0 -8 0 -36 7 3 0 0 2 0 0 19 0 -39 -4 0 -49 0 0 43 0 -39 17 -26 0 -46 0 -31 0 -42 0 -29 -18 0 -3 -1 0 -36 0 -42 0 0 0 0 0 8 29 20 40 0 0 -10 0 -11 -41 0 44 0 0 14 -23 2 -17 0 7 0 0 0 44 0 0 -25 -31 -25 0 0 -25 0 -39 0 0 0 0 0 0 47 0 0 -18 19 0 20 44 11 40 0 35 -10 1 6 0 23 0 0 36 0 36 0 0 39 -11 0 28 0 27 0 -50 23 0 0 0 0 0 0 0 0 0 0 17 0 9 12 32 -43 -44 -33 -13 18 0 0 6 27 38 0 31 0 -12 
38 0 0 0 0 -27 7 18 -50 0 -12 -24 22 0 40 -9 34 0 0 9 -13 49 0 0 0 0 0 0 0 0 -5 0 0 -6 0 0 0 -12 0 0 0 0 20 0 0 -21 0 -26 25 0 0 0 0 0 0 5 0 0 -31 -1 0 0 50 0 0 5 0 47 0 46 0 -22 0 0 0 0 27 0 0 0 0 -31 0 44 -11 -39 0 40 0 -46 -39 0 -28 0 0 29 0 0 0 0 0 0 0 34 0 0 3 0 36 0 29 0 0 -6 41 -1 0 0 1 4 21 4 0 -11 0 0 0 0 7 0 0 38 0 0 0 0 -15 18 0 45 0 0 0 -14 10 -42 -28 0 -17 0 
0 0 27 0 -3 29 0 -34 0 0 0 -42 0 0 -16 0 0 -45 1 -14 0 49 0 9 4 39 0 0 15 -26 0 0 0 -41 0 -4 36 0 0 0 -7 0 0 0 -33 21 0 0 -3 0 0 4 23 34 0 28 -48 0 -37 20 0 24 -40 21 12 46 0 -23 0 45 0 -49 0 15 0 0 5 0 0 -38 -18 0 -30 0 50 29 0 -18 35 -28 0 0 0 9 0 0 49 0 0 47 -40 -37 0 0 0 0 0 11 0 29 50 -16 43 0 -35 0 0 21 0 0 0 0 0 -38 -8 0 0 7 0 -37 -35 0 8 -6 0 0 0 -39 0 0 21 0 -19 0 0 0 0 0 -31 0 
1 -19 0 3 23 20 0 0 23 0 0 0 -31 0 0 -11 -46 0 -25 -19 6 19 0 0 -45 0 0 0 0 -28 0 -15 0 -34 0 29 -41 0 -14 46 0 -46 0 0 39 -24 0 26 0 -41 25 44 -35 0 0 0 0 0 0 -44 45 -22 0 -28 0 -9 0 0 -15 33 19 0 0 25 0 32 -25 -7 0 0 -24 28 -49 0 0 0 0 -26 0 15 0 -40 14 0 0 0 47 0 -31 0 43 2 25 5 8 -27 0 -33 0 0 -16 0 0 12 0 0 0 0 0 0 0 0 0 5 0 0 0 30 13 0 16 0 0 3 0 1 -16 0 -42 0 0 0 0 -10 -24 0 0 -22 0 48 
32 0 0 -42 0 0 8 0 0 0 22 0 0 1 -29 0 8 23 -41 0 0 0 0 -29 0 4 0 0 -32 0 0 -31 0 5 0 0 22 0 7 -30 -47 11 0 -9 0 -22 -19 0 40 0 0 0 0 0 0 5 -1 0 1 0 29 0 -34 44 0 -45 -35 8 0 43 -17 -26 -26 40 0 0 -35 0 0 0 -40 -35 0 39 0 0 -7 0 0 41 8 0 0 0 -24 0 0 0 0 0 0 -30 -20 -13 29 0 28 0 39 0 43 0 -27 -32 35 43 0 0 0 -29 0 -42 0 -4 0 0 0 0 0 0 -18 -15 0 0 0 0 0 0 -49 24 0 -50 0 -30 44 0 0 0 0 4 
0 2 0 0 -2 -33 3 -37 0 0 0 21 0 0 0 -42 47 0 0 -49 0 3 0 0 0 50 0 -21 14 0 -16 10 0 0 0 0 0 0 -25 0 0 35 -23 0 -43 -39 -5 -22 0 0 0 16 1 0 0 24 9 46 22 -26 -19 47 -44 5 -5 32 0 0 -24 40 -2 0 0 0 0 0 -2 -32 -3 0 0 0 -3 -5 -2 27 0 0 0 10 -11 4 10 0 0 -35 -30 3 0 -34 -6 0 -1 0 8 0 0 3 -11 -6 0 12 -32 0 24 0 0 0 0 0 -15 -38 -49 0 -6 0 -27 0 0 -19 -15 0 0 43 -13 0 0 0 0 0 0 -38 -9 25 0 18 0 -12 0 3 
0 0 0 13 -20 32 0 0 32 0 0 0 -42 26 17 0 39 -27 0 -33 0 0 -10 -5 -44 40 42 0 0 0 0 37 0 14 0 11 31 0 33 0 0 0 0 -32 0 0 0 25 0 0 -22 0 0 -38 30 24 0 0 -14 0 0 -21 0 26 -2 -25 42 25 0 13 43 0 31 0 -8 -13 -26 0 -11 -42 45 -16 20 -7 48 0 10 0 0 0 4 0 -7 18 -49 -22 0 13 0 -7 8 -14 0 13 -6 0 0 0 0 41 -35 0 35 24 -16 28 -11 0 -39 -47 0 -19 14 -9 0 0 46 0 0 49 22 0 0 17 0 19 0 0 1 0 0 -39 -38 0 -39 31 6 27 -3 -40 
5 -19 -10 0 0 40 0 0 -27 -20 48 -13 18 29 -50 -19 0 0 14 42 0 0 -20 47 0 -44 0 0 0 0 0 -11 23 0 0 0 0 0 -9 -17 -13 0 -37 0 -35 0 0 0 31 1 -50 -38 0 0 0 0 0 0 0 0 46 0 0 0 0 0 46 -6 36 -32 -16 0 0 -15 0 0 43 0 33 0 10 0 10 -6 0 19 -38 -15 39 0 -11 0 0 0 -46 5 0 -29 0 0 0 0 -46 -40 7 41 0 0 28 -1 0 0 43 0 28 0 10 0 12 0 -7 -4 -36 -41 0 0 0 -23 25 0 0 4 0 0 0 0 1 0 -42 0 0 11 44 -32 0 -25 0 0 -8 0 
-38 0 0 1 44 0 0 43 18 0 0 0 0 0 -48 44 0 -7 24 41 0 0 45 0 20 0 -1 -10 -10 4 0 -47 49 0 42 0 0 22 43 0 -9 0 27 0 0 0 0 0 39 3 0 0 0 0 0 -42 13 21 0 0 41 -32 -22 41 -17 0 0 0 -45 19 8 32 41 27 0 0 41 -18 0 -3 0 14 -25 0 0 18 0 38 0 36 37 0 -36 0 -47 -7 30 0 0 0 -27 0 -33 27 -48 3 0 -39 0 0 0 0 0 0 -11 10 -46 -47 0 -11 0 -24 -41 22 0 -37 0 0 0 0 0 0 0 -19 0 0 -50 15 41 -20 0 10 49 50 0 0 41 -24 0 -38 
28 -37 -49 48 -50 -43 35 0 0 14 0 0 -11 0 0 0 12 0 0 0 -8 0 43 0 0 0 0 -40 0 0 0 -1 0 43 0 0 4 0 0 0 0 -2 -22 12 43 11 0 21 31 0 0 -34 0 0 0 0 0 50 -18 0 0 0 -19 46 -42 0 0 13 -2 0 0 31 0 -39 27 0 0 0 0 -46 0 0 5 0 -28 -18 0 0 33 0 0 0 2 -8 39 31 -5 0 0 -40 0 0 0 0 15 16 12 48 27 0 21 0 0 0 0 0 -47 0 0 0 -8 0 -31 0 1 48 0 0 9 -21 0 25 -34 0 -46 0 0 12 46 0 24 -26 0 0 0 27 6 48 0 -10 
29 0 32 -38 0 30 -9 0 25 0 45 39 -9 0 0 0 -25 0 0 -42 0 0 32 41 26 8 0 40 0 -15 0 0 -33 8 9 0 -18 26 0 0 8 -44 15 -8 0 -22 0 0 -14 6 0 0 -39 0 0 -23 -18 0 0 0 0 44 17 29 0 40 -42 -50 0 42 15 0 1 -29 0 0 -49 17 1 0 -14 0 -8 43 -45 -41 0 -28 0 0 -16 0 0 0 0 -4 0 0 0 -43 -12 0 0 14 -12 43 -39 -39 0 1 0 0 0 0 -39 12 0 0 0 0 0 0 3 36 35 -38 35 5 0 47 10 7 -41 0 0 0 0 0 0 21 -17 -10 49 0 35 0 0 0 0 16 
-23 0 0 12 0 6 0 -37 22 -8 0 0 0 25 -9 28 -11 2 0 -22 29 0 -36 22 27 0 0 -44 0 12 0 35 0 -48 29 0 0 -49 13 0 -35 0 0 -46 24 18 0 0 0 0 0 43 -48 0 -33 32 0 0 0 0 0 6 0 0 0 0 -42 0 -23 0 11 16 31 0 -6 0 0 -2 0 17 0 46 -6 -14 19 46 -27 0 0 -16 0 49 0 23 0 19 -50 -29 0 0 45 50 0 0 0 0 -47 48 -50 4 0 0 -29 0 -47 0 -11 0 0 0 24 0 0 0 -41 -40 -17 -36 -49 18 0 30 0 0 -13 -41 0 0 -1 18 0 0 -7 26 42 -42 -34 -34 0 -47 
-41 0 0 0 0 -30 0 -34 0 0 -36 0 -48 -37 35 27 15 0 0 0 0 27 2 47 -16 0 0 -4 0 -32 0 0 40 -36 0 -44 0 0 0 -9 0 0 15 0 -9 0 0 14 0 0 16 0 0 0 0 0 8 -38 0 0 0 32 0 0 -37 -31 1 -34 0 -49 -14 30 0 -38 42 -36 0 -22 -27 0 0 0 0 0 0 0 0 50 10 0 0 -45 27 28 0 0 -13 0 0 0 23 0 -14 0 0 1 0 -29 23 21 0 0 0 -15 0 -7 0 -8 0 24 0 43 35 8 0 -44 0 0 -30 6 0 8 -37 0 -14 44 -48 -22 -10 0 0 -47 32 33 -22 0 0 0 24 0 
22 0 0 0 0 0 0 0 0 0 0 0 37 0 -40 0 23 12 42 3 0 3 -9 41 32 0 0 -28 0 -47 39 0 25 0 -21 -14 0 0 3 43 0 1 0 0 25 0 0 0 39 0 11 -10 -37 0 0 0 0 -20 39 -10 -27 0 -23 -31 0 19 0 -27 -46 0 0 -45 24 0 -49 47 -24 0 26 -37 29 0 0 -43 -15 0 -28 -40 0 0 44 -25 0 0 -37 0 0 -24 -21 18 0 0 0 -6 0 25 0 0 0 4 0 0 -42 -38 -19 -4 -24 0 0 0 43 -45 0 0 0 0 12 -31 49 1 -27 0 0 -10 31 0 -47 -28 0 46 0 0 0 27 0 0 0 12 0 0 
40 0 -4 0 0 0 0 -4 0 -24 -9 0 0 -42 34 0 0 0 0 15 28 0 0 -15 -21 0 -22 0 -45 25 12 0 13 0 -21 0 0 0 0 0 0 31 0 30 18 -29 0 36 -47 35 0 25 0 0 0 -1 -45 0 0 0 0 19 0 0 -10 0 0 21 0 43 7 2 -13 38 -11 -25 -13 -18 0 0 0 10 -19 0 0 0 37 0 0 -17 36 0 -4 4 0 -23 0 0 0 49 50 -19 24 0 36 12 0 10 0 0 0 0 0 -49 14 -36 -41 -31 3 0 35 0 0 0 -35 0 0 0 -10 -12 50 -18 0 -17 0 0 0 0 0 0 15 47 4 40 3 -7 0 0 -12 0 
0 0 0 -37 19 -47 0 0 36 0 0 -15 -17 -25 -26 -29 6 12 -47 -14 0 30 37 -32 0 0 -49 0 0 4 5 -42 0 -1 37 0 24 -1 -32 -27 0 -30 0 37 0 -5 0 0 -10 44 0 0 0 -33 0 0 -45 -50 0 0 11 0 30 23 39 0 0 0 0 0 0 0 29 0 0 -18 7 0 24 -30 0 -42 0 -37 -29 -43 0 0 0 -50 -48 0 0 0 -11 37 -36 0 0 5 27 0 0 -5 0 20 0 -38 0 -11 -38 5 -4 0 -9 -41 22 0 36 0 8 0 0 -13 -4 0 20 0 -45 0 15 0 0 0 12 30 0 14 -20 0 8 0 -4 0 10 -25 0 36 0 0 
0 -25 -49 -4 4 0 -30 -33 -23 0 0 0 0 0 13 47 0 0 19 -47 -13 -3 0 -49 18 0 0 0 46 -20 0 0 18 -30 0 0 -24 0 15 -37 0 46 48 0 0 0 -40 0 45 0 0 34 0 0 -33 0 -22 15 0 -12 37 28 -50 0 -12 0 17 5 0 11 5 47 0 -23 7 -4 0 0 -40 12 -29 0 15 0 0 40 23 31 -41 0 -21 0 0 -16 -40 0 0 0 0 0 23 0 0 -35 0 0 0 -44 0 0 -8 0 0 -6 0 0 0 1 35 -41 0 0 -35 -4 0 5 32 0 45 43 34 -31 12 0 0 0 -21 -16 -50 0 16 0 0 -22 -37 -37 -14 0 0 0 
-41 0 -38 0 0 -11 -48 -21 0 0 0 0 0 0 0 -15 29 0 0 -25 28 20 6 0 46 0 16 -3 0 0 0 0 -2 -14 0 0 0 -20 0 0 32 0 12 0 34 -12 0 0 0 -42 13 -49 0 -39 19 0 0 34 8 0 -32 0 0 -16 0 7 27 -17 -48 -44 0 15 0 0 9 0 34 0 -13 -17 36 39 40 0 13 0 -50 -6 -30 -47 0 39 -8 -47 0 -25 -50 0 43 0 -30 0 -24 -41 -17 -45 -3 27 0 0 0 0 0 0 0 0 -37 48 -38 -40 -44 0 0 0 5 13 -47 0 14 -7 2 0 -25 39 -6 17 0 24 0 0 0 -10 45 0 41 -8 -34 0 -1 0 
0 0 0 0 22 0 8 -40 -10 -19 0 7 0 -33 0 -38 0 -40 0 -50 0 28 0 0 -37 0 -37 0 -31 -21 0 13 45 -15 -17 0 0 27 -15 -27 -37 0 48 0 -46 48 47 -15 0 0 0 0 0 0 0 -44 -30 0 0 -7 23 -41 -23 0 23 14 0 0 0 0 0 0 -9 0 -19 0 -39 0 0 5 -36 0 0 -44 29 -38 0 0 -9 8 -25 -21 -31 0 0 27 46 -41 -4 0 -10 0 0 0 0 0 0 0 0 0 0 0 0 -27 46 0 0 0 35 -17 0 12 0 20 32 -47 0 0 -35 46 33 0 39 32 -48 0 0 0 0 0 0 2 0 0 0 0 31 0 -35 0 
0 40 0 16 -25 49 18 0 24 0 0 0 -45 41 0 13 -30 -38 13 35 -4 -29 8 -34 0 0 0 49 0 0 -16 0 -24 0 0 0 0 -44 0 -29 0 0 0 0 16 17 24 -17 0 0 0 0 16 42 19 0 4 0 0 32 0 0 -40 0 -12 -17 0 30 0 -30 0 6 -12 -45 0 0 0 0 0 -21 0 0 -14 30 28 48 -33 23 -34 -41 24 0 0 0 2 0 0 5 -41 -6 32 0 0 0 0 -1 -50 0 0 0 7 30 0 0 0 -23 0 0 5 -36 0 -31 0 0 0 0 0 0 0 0 36 0 0 0 -27 16 -50 -11 0 0 -32 0 -6 -29 11 33 0 0 -3 0 
-4 0 4 0 0 0 -13 0 -25 0 0 0 0 -14 0 0 7 0 50 0 0 0 -3 0 0 25 0 0 -11 0 0 -30 -42 0 -20 0 0 0 0 0 0 -5 12 3 0 -37 0 42 -22 -36 0 -41 0 31 0 0 8 -5 -6 0 34 -34 0 0 0 0 0 0 -37 -10 0 -30 0 0 49 0 0 19 0 21 0 -33 -24 9 0 12 0 0 14 -13 26 0 0 -28 -25 0 0 -29 0 -7 0 0 -31 -44 0 0 0 0 0 7 0 13 0 0 0 25 0 9 0 -49 -30 49 -10 -45 45 14 -35 0 0 0 0 0 -18 -43 0 0 -36 -10 0 0 0 27 0 19 41 0 0 0 0 20 
-45 -48 8 -27 26 0 -41 0 -10 0 -12 -32 6 0 -13 0 0 40 0 10 0 0 0 50 0 0 -27 0 32 0 -9 -31 1 -11 0 0 0 0 0 -15 4 -42 0 0 30 -13 -20 0 0 31 -22 -11 -11 0 0 -25 0 0 0 0 0 -28 29 20 0 16 -39 0 0 -34 0 16 -5 28 11 0 0 42 0 0 0 0 0 39 0 0 -27 -30 0 0 0 -16 0 0 0 0 19 0 -35 41 -26 0 0 -50 -38 41 0 0 0 0 -37 0 0 -19 49 0 0 -21 47 18 6 1 -12 0 43 -7 46 0 0 41 9 0 9 0 -38 0 0 0 -3 0 -19 0 0 37 47 29 31 -18 -50 -43 
0 20 -16 0 0 0 0 -24 0 35 29 0 -21 0 -20 0 0 -44 18 0 -3 -25 0 0 14 32 0 0 0 0 0 -2 0 0 0 -17 0 0 0 0 0 -9 0 0 0 33 0 0 -8 0 0 0 0 0 31 -39 0 -28 46 -9 0 0 0 0 0 0 0 46 -46 -7 0 7 0 -7 0 28 41 -27 -19 0 -43 0 0 50 0 0 0 0 0 0 0 0 0 0 0 -1 -16 47 -14 34 38 0 0 42 0 48 7 0 0 0 -35 16 -18 -15 22 0 0 0 10 0 0 -27 50 15 34 2 33 36 0 9 0 1 0 -37 0 0 0 0 -7 41 0 32 9 0 23 0 2 0 11 48 
-23 0 0 0 -3 33 0 26 0 -34 0 0 -39 0 -13 32 0 -6 0 50 33 0 0 -23 0 -49 42 43 0 0 0 0 44 -27 0 0 -10 0 30 0 49 8 0 17 0 0 0 30 0 17 0 -11 0 -36 0 -10 0 -19 -26 0 0 0 43 0 0 0 0 0 6 0 0 0 -23 0 24 -23 0 0 -26 0 0 0 0 0 -21 0 0 0 -22 0 0 -26 0 0 10 6 -16 1 -29 -29 0 34 0 41 -10 43 46 0 17 38 0 0 -15 0 0 4 0 25 7 30 8 0 -18 0 -31 0 0 0 0 0 1 10 38 0 0 0 49 20 0 26 0 11 41 24 21 0 -16 0 -25 0 
4 -46 -50 -38 0 0 0 -30 -48 0 -29 2 12 -47 0 0 42 0 0 -1 0 37 0 0 -3 -20 27 0 38 18 0 0 0 9 0 -43 1 0 11 0 -21 -37 -26 0 0 -27 39 -36 0 -8 29 23 -34 0 0 -40 0 -14 0 0 0 -35 -33 39 0 0 0 -33 0 0 4 0 0 0 0 -42 28 -25 22 0 28 0 0 21 -25 0 -43 0 0 -5 0 0 -5 -14 6 -43 -48 -23 38 0 0 0 -6 29 0 -7 -25 0 0 0 8 0 0 0 0 0 0 -34 -41 0 -37 0 0 0 12 -25 39 0 -18 9 0 38 0 0 21 -8 5 -48 13 0 12 0 4 -10 0 5 0 -12 -50 37 
0 0 30 0 34 9 0 23 -14 -45 0 -33 -45 25 0 0 0 0 0 0 0 -7 -35 20 0 0 40 0 0 26 0 41 0 16 0 0 -4 -17 0 -13 0 -37 35 21 0 0 15 50 0 -25 9 26 0 14 48 0 0 -32 -22 0 0 2 0 0 0 0 27 -36 0 -25 0 19 -43 0 0 0 22 24 -26 0 0 50 0 -4 0 0 0 0 18 0 0 0 49 13 0 49 22 0 -14 -16 11 -6 0 0 -39 -36 0 -27 9 0 -6 3 0 43 17 0 -19 0 0 0 0 -10 -17 0 0 39 32 0 -43 0 -37 0 0 0 -32 0 46 0 0 33 0 -34 0 42 0 1 0 -50 0 0 
0 -19 25 0 -38 27 0 -24 0 -29 -29 35 0 13 0 -45 -13 15 0 0 0 28 0 0 0 26 0 0 0 0 0 0 -8 47 26 0 0 16 0 0 0 21 -15 -2 0 11 -43 45 0 0 4 0 0 0 0 19 1 -47 0 0 0 -9 36 0 0 0 34 30 -43 -15 16 0 30 16 25 0 -40 41 0 -8 0 0 19 6 -27 0 0 -49 -13 17 0 35 -11 0 0 0 0 0 0 -11 18 32 0 44 0 23 17 0 12 0 0 0 0 -13 0 0 0 -46 0 -13 -14 31 0 12 0 -6 -48 -27 0 -38 0 0 21 -32 0 0 21 0 47 -28 -38 0 38 21 0 4 -32 0 0 -9 
10 0 0 0 -45 0 -32 0 29 0 -23 0 -1 20 0 0 0 0 0 30 0 0 -10 0 0 -10 25 -27 -49 -3 43 0 0 28 45 0 20 0 8 -14 0 15 13 -48 0 49 24 0 0 -8 -17 7 -30 0 0 0 43 -14 -17 -33 -13 -43 9 -48 0 21 0 0 0 9 9 0 0 -1 0 -32 0 0 0 10 -37 -39 0 34 10 10 23 0 0 0 -38 28 -17 -29 19 -46 34 29 -32 0 0 0 0 -6 -6 0 0 0 32 0 0 1 0 0 19 0 0 0 0 -41 44 0 0 30 0 17 0 16 0 0 0 0 -8 0 0 6 -12 -46 -7 -44 0 -47 0 -39 8 0 0 33 0 0 
23 0 18 0 0 0 0 0 0 0 45 -14 -49 19 34 -50 0 -35 0 0 -48 1 16 -23 0 0 0 41 0 -29 -42 13 0 -29 0 0 0 0 0 -27 16 0 -48 1 0 31 0 0 0 0 18 -18 0 0 -49 0 -14 30 46 0 0 0 0 0 -47 0 0 -37 0 45 13 27 0 0 0 18 0 0 0 37 -28 35 11 36 0 0 45 0 0 -12 0 -37 0 0 0 17 -50 30 0 0 9 0 0 -39 0 -12 0 0 -43 -15 0 -16 0 0 0 1 -50 0 0 0 -48 -47 0 0 -21 0 0 -50 -36 0 0 49 5 46 21 -12 -31 -2 0 0 0 18 -8 0 -22 0 -29 0 0 0 
-29 -3 44 0 40 40 38 0 4 -38 0 0 0 0 0 6 0 -4 -40 0 0 -1 46 0 22 44 0 28 0 0 46 0 0 0 0 -28 12 -24 41 -12 0 0 0 0 0 0 -50 -18 0 12 0 0 20 -30 -38 0 35 0 0 0 -10 0 0 0 0 -25 0 50 0 46 0 0 0 -10 -46 -27 0 13 -43 30 0 -38 0 0 0 0 46 0 22 0 49 0 0 0 37 -11 0 47 -28 44 -9 0 0 0 -39 0 -31 36 -44 18 -39 0 0 0 0 0 15 12 0 0 -22 -28 0 14 -16 24 0 -11 -10 0 0 20 -48 0 0 -46 -2 -7 0 -47 0 0 -26 -33 13 26 0 31 0 44 
27 0 0 0 -29 13 4 -16 -26 11 0 42 45 -21 6 0 35 -5 0 0 -16 -38 0 0 11 -31 0 46 0 0 11 -17 1 0 15 49 0 0 0 0 10 0 39 -34 1 0 -43 -34 0 0 0 0 -46 -35 0 0 0 0 24 0 -7 32 0 39 -2 0 -22 0 42 -48 28 0 0 0 0 15 40 12 0 43 16 33 48 0 0 17 0 38 0 0 0 -29 0 0 -8 0 0 0 41 21 0 -5 -23 19 0 0 33 -39 -33 0 0 -42 -49 0 1 -42 41 46 0 -1 -10 0 0 -20 -50 0 0 0 0 -3 -7 0 13 0 47 -7 0 0 4 17 0 0 0 -18 0 0 33 -15 -41 -47 
-35 0 -24 -38 0 0 0 41 -17 33 -21 46 17 -46 0 0 -35 0 44 15 0 0 -29 0 0 0 -39 -37 0 0 0 -9 0 0 0 0 0 0 0 -41 7 -28 0 -27 48 29 0 22 0 0 0 32 -19 0 0 28 -5 -41 0 30 0 0 0 0 40 -13 0 13 0 -49 -17 -43 0 0 0 0 49 -9 27 37 23 0 0 0 0 -14 0 -16 0 0 0 0 -41 0 26 0 0 0 0 0 0 3 0 0 0 0 0 0 -13 45 0 0 24 0 0 0 -20 0 21 18 0 46 0 0 0 0 0 0 0 0 41 26 0 33 -28 -44 0 -47 17 -15 15 0 10 35 0 12 2 0 40 46 
0 0 0 33 46 46 0 0 10 0 0 0 -21 -37 10 0 0 0 0 0 0 0 19 20 0 0 -25 45 0 0 0 35 19 29 -47 0 -9 0 -44 0 0 36 0 0 17 0 0 0 24 0 0 0 0 34 0 0 11 0 -22 -49 0 0 -4 0 0 0 -41 0 -22 8 0 -9 37 28 0 0 38 0 0 0 18 -7 27 6 -50 -45 11 0 21 0 0 0 0 0 7 0 0 44 32 0 0 48 0 0 -19 0 26 0 18 0 21 0 0 0 0 0 0 24 -17 0 0 0 15 8 16 0 0 -32 0 -19 0 0 12 0 -38 0 0 0 0 15 0 0 46 -25 0 27 -9 26 0 -50 
0 0 0 0 0 0 43 0 43 0 0 0 -4 -32 0 23 -34 0 38 0 31 -33 -22 26 -43 0 0 -19 0 0 0 50 5 0 24 0 30 25 0 0 -12 -5 0 9 -42 49 0 0 0 0 -6 0 31 0 0 33 -7 0 -8 0 36 0 0 22 34 -19 0 -36 0 0 50 -43 0 0 34 0 0 0 -35 15 -10 -42 0 0 27 0 41 -22 0 -22 -45 0 0 16 0 3 0 0 0 7 -29 0 0 -8 -25 0 34 -19 0 0 0 0 -50 -38 -39 11 10 -26 -10 0 -47 0 47 0 0 -10 2 0 27 0 32 11 0 -34 0 -47 18 0 0 0 0 0 -45 0 15 47 -11 0 0 35 
26 48 0 -24 -37 0 0 0 -18 -13 -12 -14 0 32 -16 46 9 0 -48 0 0 -38 -31 0 9 9 30 46 0 0 0 38 0 22 0 0 0 0 38 -23 0 41 31 -38 11 -36 0 22 0 -43 -13 0 30 -47 29 41 -32 -8 0 0 0 38 -24 0 0 0 -31 0 7 -15 0 43 34 0 0 0 29 0 0 0 44 0 0 -49 -4 0 0 0 0 0 0 -22 24 11 41 8 -43 0 0 -6 0 0 0 -16 0 -5 -42 17 0 0 -19 0 0 -9 -38 44 49 0 49 -7 32 0 4 -4 0 45 0 -6 0 0 9 41 4 0 38 0 -8 -26 0 10 46 -45 -48 0 0 0 0 29 0 -49 
0 -2 1 0 0 0 14 -33 45 42 0 0 0 17 3 26 0 0 0 23 0 0 46 0 0 -38 0 37 0 0 0 49 0 4 19 0 8 0 0 0 19 -26 -31 -15 0 9 0 -21 0 -48 0 1 0 27 0 -46 -22 0 28 17 0 0 -6 0 0 -5 0 0 0 0 0 0 18 0 0 0 -18 15 -37 0 0 41 22 27 0 0 14 0 0 0 0 36 9 -27 0 0 -33 -11 0 -10 0 0 24 -46 42 0 -29 0 6 -14 0 -10 -30 25 0 -32 50 0 0 26 33 27 40 0 -22 0 0 -29 19 37 0 24 -10 42 21 -39 0 -33 -18 35 -25 0 0 0 -32 12 -41 0 41 -30 
0 -35 -40 0 0 0 -33 29 0 25 15 0 43 0 14 0 0 0 0 16 34 27 0 0 0 20 -33 32 0 31 -47 2 0 0 0 -25 18 -45 0 3 -20 38 0 0 -50 0 -39 0 -45 0 0 5 0 0 6 0 0 38 0 -24 -2 10 0 5 0 0 0 -5 0 0 0 26 0 0 39 0 12 0 0 0 0 25 -39 -44 0 0 49 0 -21 0 27 0 29 36 -15 -3 0 0 -2 -22 0 0 0 0 41 0 0 41 27 10 0 -24 44 0 -39 0 0 0 35 42 -22 0 3 10 -37 41 0 11 41 47 23 21 0 0 0 8 -22 13 0 0 0 15 0 -32 0 0 -26 16 -6 37 
0 0 -17 0 10 0 0 0 -38 -36 0 -25 0 16 -31 1 -44 0 0 0 50 0 -50 42 0 28 0 26 0 -17 17 17 0 0 12 0 0 0 -9 -39 0 42 0 0 37 0 0 0 0 16 0 0 0 -13 0 26 0 0 0 0 3 0 -12 24 0 0 0 0 21 0 -20 11 -50 0 -16 0 0 0 -21 10 0 0 -2 0 -34 0 0 17 0 0 -12 -7 24 0 -20 -10 32 -37 0 40 0 -24 0 0 0 0 -44 30 38 -42 0 0 0 18 31 -25 0 27 0 -42 0 0 -7 -25 -37 -8 0 33 0 29 0 0 5 1 4 0 0 26 0 12 27 47 0 12 0 -2 0 0 0 0 
-38 0 0 0 -43 -39 0 0 0 0 0 12 0 0 14 0 0 0 0 0 -12 37 0 0 6 -37 0 0 -24 0 0 0 0 0 44 0 0 21 -9 0 3 0 0 0 0 -31 -42 0 0 0 0 0 0 39 0 31 0 0 0 0 0 38 0 0 -43 0 0 0 0 0 18 1 0 -6 -41 0 0 0 0 0 -11 0 0 0 0 -15 0 0 0 0 0 5 23 -34 0 0 24 0 -8 0 0 -18 -17 46 22 0 -33 0 0 -28 0 0 0 0 6 0 41 6 0 -34 0 0 0 0 -14 -34 31 0 0 31 2 -16 0 0 -32 0 -29 0 33 2 -9 -11 0 -41 -26 0 0 0 0 0 
2 0 16 -4 -30 34 0 0 16 11 -44 0 0 -6 -24 -41 42 -33 -11 0 -25 0 0 1 0 0 0 0 -13 0 -22 18 0 0 0 -27 -10 0 0 0 0 37 0 0 -33 38 0 26 -37 0 0 17 0 0 0 0 42 -27 0 -34 -8 0 0 0 -39 -37 0 -24 0 21 0 0 0 -30 0 30 -28 43 -1 0 16 -35 0 -13 -22 -28 43 0 0 -29 0 -17 0 0 -32 -41 1 0 0 0 8 0 -27 11 0 0 26 -6 31 0 0 -22 0 -12 27 0 -24 48 0 -34 0 12 0 36 0 0 0 0 0 -18 0 0 -12 -50 0 33 0 31 -15 0 26 0 29 0 16 0 0 -29 11 0 
44 -35 0 0 0 40 -37 0 -47 0 0 22 24 -22 27 -35 4 -31 0 0 0 37 -6 50 0 0 0 12 44 0 0 0 12 0 0 0 -15 13 0 13 32 48 6 21 0 -15 -30 0 8 0 0 31 32 0 43 0 -38 0 -49 40 -14 0 0 3 0 0 0 13 0 0 0 -41 4 19 0 0 17 -26 22 0 0 0 0 -21 0 0 0 0 -36 -18 -23 -27 0 0 11 0 -25 0 0 0 0 -5 26 25 0 -8 33 0 0 -17 -31 0 0 0 -3 -8 0 0 0 0 24 0 -12 0 0 -1 -35 -3 0 -50 11 -25 -50 0 0 0 0 0 -41 40 0 0 0 41 -6 0 0 11 0 0 
0 0 12 0 -4 0 0 0 0 18 0 0 33 22 30 0 -17 -23 0 0 0 18 -3 -50 0 0 0 0 -34 0 0 0 0 29 -43 -6 0 23 0 -39 0 -15 -46 -9 -30 13 39 43 0 0 0 0 0 11 0 0 0 0 0 -42 45 -47 0 9 0 20 0 0 17 0 -38 -2 16 -11 46 10 0 42 0 0 0 -15 0 -46 0 0 0 17 16 0 49 47 27 17 26 0 -13 0 0 0 49 0 0 0 46 0 0 0 -12 0 0 48 4 3 -40 0 -38 -10 16 -47 0 0 0 0 0 0 0 0 20 -43 48 0 37 0 -9 0 0 44 -47 46 -50 35 -49 -30 37 0 0 0 0 0 
