200
-25 23 -29 -30 28 -3 44 6 -45 41 -27 -13 -35 -19 19 -32 -28 -46 -40 17 44 22 -8 -19 -34 45 -36 30 27 -16 -10 36 44 49 14 -4 32 -50 16 -11 23 -41 42 -31 -26 50 -4 -15 -32 -7 35 -17 -36 -15 7 14 27 37 -8 18 -44 28 8 39 -46 -6 40 -9 -42 27 -26 12 13 43 48 4 -36 -21 -47 47 -20 10 -27 -47 -11 16 45 -40 25 28 6 -20 -8 8 11 29 5 -32 -14 22 44 -47 -47 -16 41 -29 37 50 -4 24 16 -21 -14 -27 -17 0 -14 3 -1 8 48 37 -40 -29 -30 4 8 -35 -32 -4 -29 1 -49 41 -7 -48 35 -44 -28 -33 10 6 31 -3 44 -38 -14 16 -28 48 25 -47 -48 42 -10 -1 -46 -34 -13 -5 -14 -42 9 2 -8 13 -45 49 10 49 41 -24 49 -32 -15 45 1 1 -3 -42 38 22 -30 15 -34 26 -38 -37 -32 -19 28 13 -39 -34 22 -4 20 -10 -22 37 
0 5 0 0 1 1 0 20 0 0 0 0 0 0 0 -11 0 0 0 0 0 0 0 0 0 0 0 0 0 -15 0 0 0 0 0 0 0 0 42 -7 0 4 0 0 26 0 -10 0 0 0 0 -38 0 5 0 0 0 0 0 0 -26 0 0 0 0 -47 0 0 30 0 0 49 39 0 0 -3 0 0 0 0 0 14 0 0 50 0 0 -19 0 0 0 0 0 48 0 0 -2 0 37 0 35 0 -30 -23 0 0 0 0 0 0 -23 -40 0 4 26 0 0 0 0 0 0 0 0 0 0 0 0 0 0 0 -49 -1 0 0 41 0 20 -11 0 0 0 43 8 0 0 0 0 0 0 -10 0 0 18 0 18 13 0 -38 0 -26 0 0 -50 0 0 0 0 0 0 18 0 0 0 0 0 -10 0 0 -37 0 0 3 0 7 0 -18 0 7 26 0 0 0 -25 -34 0 0 -29 32 0 0 
5 0 0 0 29 -7 14 0 0 0 0 0 37 0 0 0 0 0 0 28 0 0 -25 0 -17 0 0 0 25 0 0 49 0 0 0 0 0 0 0 0 0 0 -8 -2 38 -30 0 0 0 0 0 0 0 0 0 0 0 0 36 0 0 0 0 0 0 -36 0 0 -5 0 0 0 -34 38 0 0 0 0 0 0 0 0 0 0 0 0 0 0 0 0 22 16 0 -42 0 0 0 0 0 22 0 -28 0 0 0 0 0 0 0 0 0 0 0 21 50 0 0 0 0 0 0 0 0 0 -24 1 0 0 0 0 0 0 0 -31 0 0 0 0 0 0 0 0 0 11 0 -23 19 0 0 0 0 26 46 0 0 0 0 0 0 0 0 0 0 -44 -13 29 0 -35 0 -31 0 0 0 0 0 0 0 0 0 -47 0 0 -49 0 -21 0 0 0 0 0 0 -13 0 -10 0 0 0 14 0 0 
0 0 12 0 0 -38 0 0 0 0 0 0 0 9 0 38 0 0 0 0 6 0 0 0 0 0 0 0 0 -7 0 12 0 0 0 0 0 0 0 0 0 0 0 0 36 0 -47 -31 0 0 0 0 29 0 19 0 0 -15 0 19 0 0 7 0 0 0 0 40 0 23 29 0 0 0 0 0 0 0 0 0 0 -5 0 0 0 3 0 0 0 0 0 -21 0 -7 -35 -4 0 0 0 -48 49 0 -7 0 0 0 0 14 0 31 0 0 0 0 0 0 0 0 0 0 0 0 0 0 -4 0 7 0 0 16 0 0 0 0 0 0 6 0 0 0 0 3 0 0 0 0 0 0 0 -37 0 0 41 0 0 0 0 0 0 0 0 7 0 0 0 0 0 2 45 0 0 0 0 0 0 0 0 0 0 0 -15 -50 -29 0 0 0 -20 0 -39 0 0 38 0 33 0 13 -2 -39 0 0 
0 0 0 0 0 0 0 0 0 0 0 0 0 0 -27 0 0 0 0 0 1 0 0 0 -34 0 5 49 0 -42 0 0 0 0 0 0 0 -28 0 0 -41 0 0 30 0 0 -15 -39 0 0 0 3 0 -16 -43 -17 -42 -20 0 -31 0 -17 0 7 0 0 0 0 -2 0 0 0 0 -40 0 0 0 0 0 14 0 33 -11 3 0 35 -31 0 0 0 26 0 0 0 0 0 -32 0 0 0 0 0 4 0 10 0 0 15 0 -38 0 0 0 0 0 0 0 0 0 0 0 -11 0 0 29 0 0 0 0 -1 0 0 0 -49 0 0 0 0 -30 0 0 0 0 0 0 39 0 0 0 0 0 0 0 0 0 0 0 0 -25 -9 0 0 0 49 0 0 0 0 48 0 47 0 0 0 -42 0 -33 29 0 25 -42 0 -20 0 0 0 -11 -27 0 15 -14 42 -9 -44 0 0 0 0 0 24 
1 29 0 0 0 -40 0 0 -13 -21 0 0 0 0 0 0 0 0 23 0 0 0 0 0 0 0 0 0 32 0 0 0 0 24 45 22 0 0 0 0 29 0 0 -19 -39 0 0 0 0 0 0 4 -13 0 0 -29 0 0 0 0 -3 0 0 0 0 0 0 0 0 0 -37 0 0 0 0 0 -19 -49 0 9 27 0 0 0 0 -36 -41 0 44 0 0 -17 27 0 0 0 -10 36 -12 0 0 0 16 -11 0 0 -41 0 0 -33 -26 0 0 0 0 0 -47 0 0 0 0 0 46 18 0 0 0 0 0 0 30 0 0 0 0 0 0 0 0 0 0 0 0 0 -12 0 0 0 0 -27 0 0 0 10 -48 0 -28 0 0 0 0 0 0 6 -44 0 41 0 0 -15 37 0 0 0 15 0 0 -30 0 -38 0 0 0 28 0 0 0 0 34 0 0 0 0 0 14 -46 -10 0 0 0 
1 -7 -38 0 -40 -15 0 0 0 0 0 -19 42 0 37 0 0 0 0 0 0 40 -25 -1 -24 0 0 0 35 -3 0 -18 0 0 0 -3 6 0 0 49 0 0 0 48 0 0 -10 31 0 0 0 0 0 16 0 0 0 0 0 0 39 0 0 0 39 0 0 6 0 0 -2 0 0 0 0 0 0 0 0 0 0 33 -50 0 0 16 0 21 0 0 0 -25 0 0 12 0 -19 0 0 0 0 0 0 0 0 0 0 0 0 0 -36 0 0 0 0 0 0 0 0 -20 0 0 0 0 0 0 0 0 0 12 0 0 0 0 0 0 0 0 1 -40 0 0 0 0 0 0 36 0 0 0 0 0 12 -31 0 0 0 0 0 0 0 0 0 -33 0 0 4 0 0 43 0 -34 -1 0 0 0 0 0 0 0 0 0 0 15 20 0 0 0 0 0 6 0 0 0 0 0 38 0 0 0 
0 14 0 0 0 0 0 0 0 0 30 24 0 -32 24 0 0 -50 -40 29 0 -13 0 0 0 0 0 0 0 0 0 0 0 0 0 0 0 5 0 0 21 -30 29 0 0 0 0 0 -9 -9 0 9 0 0 -39 -21 0 0 12 0 -7 0 0 0 0 0 0 0 0 0 0 0 0 0 0 -1 0 0 0 0 0 0 0 39 0 -11 0 0 0 0 0 38 0 0 0 0 0 0 0 0 0 0 0 -7 0 0 0 0 0 0 0 12 0 0 0 -8 -30 -21 0 0 0 0 0 -4 0 31 0 0 0 -44 0 0 0 0 0 0 0 0 0 0 0 0 0 0 -37 0 0 0 0 -16 42 16 0 0 0 0 0 0 0 -18 0 0 0 0 0 0 -32 0 -12 0 0 0 0 -5 0 7 0 0 0 0 0 0 0 20 -4 0 8 -33 0 30 0 0 -21 0 17 -19 -23 -41 0 0 
20 0 0 0 0 0 0 0 -26 49 0 0 0 -23 0 0 0 0 0 0 0 -31 -16 -26 0 0 -13 0 -20 0 0 14 0 0 0 0 0 -20 -10 0 0 0 0 0 14 -42 0 0 -14 32 0 0 0 0 0 0 0 -1 0 0 -37 -23 0 1 0 0 0 0 0 -23 0 0 0 0 0 0 0 0 0 0 43 0 -27 0 0 0 0 0 0 0 0 0 0 -25 0 47 0 0 0 0 -1 0 -3 0 47 35 -7 0 0 0 0 0 18 0 0 0 44 -3 0 -42 34 -29 -33 0 0 0 0 0 0 0 -49 -41 0 -18 0 0 -5 0 0 0 0 0 0 0 -36 0 0 0 0 -4 0 0 0 0 0 0 0 0 0 6 17 -47 0 0 28 -49 19 0 0 0 0 14 30 0 0 0 -11 0 0 0 0 0 44 0 -2 10 0 0 -35 8 0 0 0 0 -31 0 0 0 -1 46 
0 0 0 0 -13 0 0 -26 50 0 0 -8 0 13 0 0 0 0 38 34 0 0 -44 0 0 0 0 8 0 0 0 0 0 32 45 0 -10 0 42 0 17 41 0 0 0 21 0 0 -12 0 22 0 0 -19 0 0 0 0 0 0 0 0 0 0 10 45 -33 0 0 0 0 0 -31 0 0 0 34 0 -9 0 -2 -1 0 0 0 0 -50 -18 0 18 22 0 -43 0 0 0 -38 0 0 0 0 0 0 0 0 0 -7 0 -44 0 4 0 0 0 -45 0 0 0 41 0 0 0 14 0 0 0 0 -13 0 0 0 0 0 0 12 44 36 22 -20 0 -5 -10 0 13 0 18 0 -46 31 0 0 0 0 0 0 0 0 0 0 0 0 0 -45 29 17 0 0 -21 0 0 0 0 0 0 44 0 -40 0 0 0 22 0 0 -19 6 0 0 0 0 0 47 0 -49 0 36 0 0 0 0 0 
0 0 0 0 -21 0 0 49 0 0 16 0 0 0 -27 -8 0 0 0 0 0 0 0 0 0 0 0 0 0 38 0 0 0 10 -43 0 -20 14 0 0 0 0 0 0 36 0 0 0 0 8 0 0 0 0 -25 0 0 0 0 0 39 -43 36 0 0 -12 0 0 0 0 0 0 44 50 0 32 0 0 37 0 0 -41 18 3 0 0 0 -17 16 0 30 0 0 0 0 0 0 39 44 -12 0 0 0 0 -44 0 0 0 0 0 25 0 0 0 32 0 0 0 0 0 0 -11 40 0 0 0 0 0 0 0 0 4 0 0 0 0 0 0 22 3 0 0 0 47 0 -42 0 0 0 0 0 0 0 0 0 49 0 45 0 0 0 0 42 0 0 0 0 0 19 0 0 0 0 0 0 -13 0 0 0 42 0 0 0 0 0 0 48 -20 0 0 0 40 -36 0 -2 0 0 0 36 0 
0 0 0 0 0 0 30 0 0 16 0 0 0 -41 0 0 0 0 0 4 0 0 44 0 0 0 0 0 -26 0 0 0 0 0 0 0 5 0 0 0 2 0 43 0 0 0 48 0 -25 0 36 -18 0 -12 -25 0 -36 10 0 0 0 0 0 0 0 0 0 0 0 0 0 0 0 0 0 0 0 0 -19 0 0 0 0 0 0 0 0 0 0 0 18 0 0 0 0 0 0 0 0 0 0 0 0 0 -20 0 0 0 0 0 -21 -20 0 0 0 -27 0 0 0 0 3 21 0 0 0 0 20 27 -39 0 0 0 36 0 0 0 9 0 0 16 0 0 0 0 0 15 0 0 0 0 0 0 0 0 0 0 0 0 0 -25 0 0 0 0 0 0 0 0 0 0 0 0 0 0 0 0 47 0 0 28 1 0 0 0 0 0 0 0 6 0 -8 0 38 0 0 0 0 -20 0 0 
0 0 0 0 0 -19 24 0 -8 0 0 39 0 0 -47 0 0 0 0 0 0 -25 -4 0 -21 0 0 0 0 0 0 0 0 0 0 0 0 0 0 0 0 0 0 0 -5 -27 -16 47 0 0 33 0 0 0 0 0 0 0 0 -47 0 0 0 0 0 0 0 0 0 0 0 -15 0 0 -7 0 0 0 0 0 0 -42 0 0 -28 0 0 0 0 36 0 0 0 0 0 0 0 0 -17 48 0 0 0 0 0 0 -36 0 -26 0 0 0 0 29 0 33 0 23 0 0 0 0 2 0 0 32 0 0 0 0 0 -35 0 0 0 0 4 0 0 0 28 -11 0 0 36 0 0 0 0 0 0 0 0 15 0 47 0 0 0 37 0 0 43 -35 -11 0 0 0 0 10 0 0 0 4 0 -21 27 -36 -5 0 0 0 0 0 0 0 0 15 0 0 0 0 -28 0 0 0 0 0 -5 0 
0 37 0 0 0 42 0 0 0 0 0 0 0 -22 0 0 -48 0 0 -42 0 0 0 0 0 0 -7 0 0 -6 -19 0 -16 0 49 27 0 0 0 0 0 0 0 0 0 0 0 0 0 23 14 0 0 0 44 0 0 0 0 2 0 15 -13 0 0 0 0 0 0 0 0 0 0 -44 0 0 0 0 0 0 0 26 0 0 0 0 0 3 0 -25 4 0 0 0 -34 0 0 0 0 0 0 0 0 7 0 0 0 0 0 0 3 0 0 -24 43 0 0 0 0 -15 0 0 40 0 0 0 0 0 0 0 0 0 0 0 0 -1 -8 0 0 0 0 0 0 -2 0 0 -7 -45 0 0 0 0 7 0 0 0 0 0 24 0 0 0 0 0 0 0 0 0 0 0 0 -1 0 0 29 0 0 0 0 -43 0 -4 0 -19 -13 0 0 0 0 0 0 0 0 0 0 0 0 0 0 0 
0 0 9 0 0 0 -32 -23 13 0 -41 0 -22 0 0 -34 0 0 13 -7 0 0 0 29 -41 24 0 0 32 -14 14 44 49 0 0 0 0 50 0 0 0 0 0 0 0 0 45 0 0 18 0 -39 0 -41 0 0 0 0 0 26 0 0 0 0 0 0 0 0 0 0 9 47 2 0 0 0 0 0 0 13 0 0 43 32 0 0 -32 0 0 0 0 0 -44 -8 0 12 0 0 0 0 46 0 0 0 39 10 0 -26 -24 0 0 0 0 0 0 0 0 0 23 40 0 0 -18 0 0 0 0 0 0 0 0 33 21 0 0 0 0 0 0 0 0 0 -37 0 0 0 37 0 0 0 0 0 0 0 0 0 44 0 0 0 0 0 0 0 0 0 0 0 0 0 0 0 0 30 0 0 0 0 0 0 0 0 0 2 0 40 0 7 0 0 0 0 0 14 0 0 0 -23 3 0 
0 0 0 -27 0 37 24 0 0 -27 0 -47 0 0 -44 0 16 0 0 0 0 0 0 0 0 0 0 0 -26 0 0 0 0 0 0 0 0 0 0 32 0 -28 0 38 0 0 0 -48 0 9 22 0 0 0 0 0 0 0 4 0 17 0 0 8 -15 0 0 0 0 0 0 0 0 0 0 0 0 0 0 -22 0 0 0 0 0 13 0 0 38 0 0 12 0 15 -11 0 0 0 0 0 -12 0 21 0 12 40 2 0 0 0 0 0 42 0 6 0 0 0 37 0 0 0 -12 0 -38 0 -33 0 0 0 0 0 0 0 0 0 0 0 0 0 -30 0 5 5 0 0 0 0 0 0 0 -50 0 0 0 -38 0 0 0 0 0 0 0 0 0 0 0 -5 0 0 -20 0 0 0 0 0 0 0 0 0 -42 0 0 0 0 11 -23 -17 0 0 38 0 -11 27 0 0 0 0 0 0 
-11 0 38 0 0 0 0 0 0 -8 0 0 0 -34 0 0 0 -15 0 22 0 0 -22 0 6 47 0 42 1 0 0 0 0 42 0 -28 15 3 0 0 0 0 -19 0 27 -21 -36 0 0 0 0 0 -23 0 0 0 0 0 0 0 0 0 0 0 0 0 7 24 0 0 5 0 -36 0 0 0 -13 0 -31 -9 0 -1 -24 -33 -47 0 2 0 -35 0 0 0 0 0 43 0 0 15 0 46 0 0 0 0 0 0 0 0 0 -40 -30 0 -37 0 0 0 -42 32 0 0 0 0 0 0 0 0 -36 0 0 0 0 0 0 44 0 22 0 0 0 0 0 0 0 0 0 0 0 0 0 14 20 0 0 -37 0 0 0 0 -4 0 0 0 0 0 0 1 0 45 0 0 49 0 18 0 0 -40 0 0 28 0 3 0 25 0 0 0 0 -33 9 0 0 0 0 0 0 0 3 0 0 0 
0 0 0 0 0 0 0 0 0 0 0 0 -48 0 16 0 -11 37 0 -33 12 0 19 0 0 0 0 0 0 0 0 0 0 30 0 20 0 0 7 0 0 0 0 -9 0 0 0 0 -30 0 0 0 0 37 -41 0 20 0 0 0 16 0 0 0 26 0 0 0 0 0 -23 0 0 0 29 0 0 0 0 0 0 40 36 0 0 0 -23 -34 4 0 0 0 0 -49 0 0 -20 0 0 21 0 0 0 50 0 0 0 0 0 0 0 0 0 0 23 0 47 17 0 0 -29 0 27 0 0 0 0 0 -41 0 0 0 0 0 0 0 0 0 0 0 0 26 0 0 0 0 0 0 0 1 0 0 0 19 0 0 0 0 0 0 0 0 0 0 44 0 45 0 0 0 -38 -19 0 0 0 10 0 0 0 0 9 0 44 32 44 -43 0 0 0 -37 -32 0 0 10 0 -38 0 0 0 0 
0 0 0 0 0 0 -50 0 0 0 0 0 0 0 0 -15 37 0 0 0 0 0 0 41 0 0 0 0 0 0 40 9 -11 41 0 0 0 0 0 0 0 0 -35 37 0 0 0 0 0 0 0 0 0 0 0 0 0 0 -4 0 0 0 0 0 0 0 0 0 -21 0 0 0 0 -28 0 0 0 0 0 -29 44 14 -14 0 0 0 0 -34 -35 0 0 0 32 15 0 0 34 0 0 44 0 0 0 0 0 0 47 0 0 0 0 6 0 0 20 -5 0 2 0 -46 0 6 -6 35 0 0 0 0 0 0 0 0 -6 0 3 0 39 0 28 0 0 0 10 0 0 50 0 0 0 0 0 0 0 0 0 -4 -21 0 0 0 0 0 0 31 9 19 0 22 -40 0 0 5 0 -32 0 0 0 0 -12 0 0 0 0 0 0 0 0 -31 0 -9 0 -19 0 0 35 0 0 0 33 0 
0 0 0 0 23 0 -40 0 38 0 0 0 0 13 0 0 0 0 0 0 40 0 0 0 0 45 0 0 0 0 0 0 0 0 0 0 0 15 0 -23 -5 0 2 -28 0 0 0 0 0 0 0 0 0 0 29 0 0 0 0 17 0 0 0 0 0 -47 0 0 0 0 0 0 8 0 -30 16 0 0 0 0 0 0 -30 0 0 21 0 0 0 0 17 0 34 0 0 -48 0 0 0 45 0 0 0 -41 0 0 0 0 0 0 0 0 40 0 0 0 -40 0 0 -28 0 0 0 0 0 0 25 38 0 22 -11 12 0 -40 -10 14 0 0 -32 0 47 33 -47 -24 0 0 0 0 0 0 0 0 -16 0 0 0 25 0 12 0 0 0 0 0 0 0 0 0 13 -31 0 0 0 0 0 0 0 -47 -4 0 2 0 0 0 0 0 -25 0 14 0 0 0 0 0 0 0 0 0 0 0 
0 28 0 0 0 0 29 0 34 0 4 0 -42 -7 0 22 -33 0 0 0 0 0 0 0 0 0 43 17 -3 0 0 -6 0 0 0 -33 6 0 0 0 0 -23 42 0 0 0 1 0 -27 0 0 7 0 -37 0 0 -29 0 46 0 0 0 0 0 0 0 0 50 0 0 0 0 0 38 0 0 0 -44 0 0 0 0 32 0 0 0 0 0 0 0 0 0 0 0 0 0 0 0 0 17 0 19 0 18 49 0 0 -37 -30 0 0 0 0 0 37 0 0 8 0 0 0 0 -5 0 0 0 0 0 0 0 0 -39 15 0 0 0 0 0 -36 -48 0 0 0 -2 0 0 -22 0 0 -10 0 0 0 0 -7 7 0 46 0 0 -40 0 0 0 0 0 0 0 0 0 0 0 0 0 0 0 0 0 0 -50 -35 0 -49 0 0 0 0 0 12 0 0 0 0 0 0 0 0 0 26 34 
0 0 6 1 0 0 0 0 0 0 0 0 0 0 0 0 12 0 40 0 0 0 0 -44 0 0 0 0 0 0 0 0 0 0 0 0 0 0 13 50 0 -16 0 0 26 -30 0 0 0 0 0 0 0 2 0 0 0 0 38 0 0 0 0 -38 0 37 0 0 0 -27 0 0 0 0 0 0 -5 0 0 -41 0 0 0 0 37 0 0 2 0 0 0 -26 0 0 0 9 0 -11 0 0 0 0 27 0 0 6 0 0 0 0 0 0 0 0 0 0 46 0 0 0 0 0 -50 27 -6 0 0 -18 0 0 0 41 -2 37 0 14 14 39 0 0 0 0 0 0 -20 0 0 0 42 0 2 0 -38 -33 -25 0 0 0 35 29 47 0 49 0 0 0 -43 -43 0 -2 0 0 0 0 0 0 0 16 39 0 -19 14 0 0 38 0 0 -27 0 0 0 0 0 48 -22 0 33 -3 32 0 
0 0 0 0 0 40 -13 -31 0 0 0 -25 0 0 0 0 0 0 0 0 0 0 0 0 0 0 -44 0 0 27 0 0 0 -29 0 0 0 0 -12 0 8 0 0 -35 0 0 -46 5 0 0 0 0 0 13 -18 0 0 0 0 27 0 0 24 42 0 0 0 0 0 0 0 -18 30 33 0 8 0 41 0 0 -23 0 0 0 0 0 0 2 0 0 0 -12 0 0 36 0 -37 0 -44 0 35 0 0 0 0 0 31 0 0 47 0 2 -12 0 0 0 0 0 0 0 29 0 0 0 0 -48 -50 0 0 0 0 0 -1 0 0 0 0 34 0 0 0 0 0 0 0 0 0 0 0 0 0 0 0 20 0 0 0 0 0 0 0 -20 0 0 0 28 0 0 0 0 0 0 0 0 0 33 7 0 0 10 0 0 0 0 0 0 0 -49 0 5 0 39 0 4 0 0 0 0 0 0 
0 -25 0 0 0 -25 0 -16 -44 0 44 -4 0 0 0 -22 19 0 0 0 0 0 0 0 0 0 0 0 46 0 0 0 0 0 0 0 0 0 0 0 0 0 20 -42 0 0 0 22 0 0 0 0 0 0 0 0 0 0 0 0 -44 27 0 0 32 0 -36 0 0 9 -30 0 0 0 0 48 0 0 0 0 34 0 0 41 0 0 0 48 0 0 0 22 0 0 0 0 -27 29 -22 0 0 -32 0 0 0 45 0 0 30 0 0 0 0 0 49 0 15 -5 37 0 0 0 0 0 0 0 0 0 0 39 0 0 0 0 0 0 0 0 0 0 0 0 20 -46 0 0 0 33 0 -7 0 0 31 0 0 0 0 0 0 3 39 -3 48 0 0 0 0 -9 0 18 0 0 38 0 0 0 -15 0 0 0 0 0 36 0 0 0 0 0 0 0 0 0 0 0 0 -13 3 0 -19 -45 
0 0 0 0 0 -1 0 -26 0 0 0 0 0 29 0 0 0 41 0 0 -44 0 0 0 0 0 0 -21 0 0 0 30 23 0 0 -6 0 0 0 -11 0 2 -43 0 0 0 0 0 30 -4 0 0 0 0 -30 0 37 0 0 0 0 0 -44 0 0 0 0 0 32 -3 0 0 0 0 -14 0 0 0 0 0 34 37 0 0 -25 0 0 0 0 0 0 -30 0 0 0 -28 0 0 0 0 0 0 0 0 0 41 0 0 0 0 0 0 -42 0 -24 0 0 -26 0 0 -10 0 31 0 0 0 50 0 0 0 0 0 -35 0 0 0 0 0 0 0 -20 0 0 0 47 0 0 -11 0 0 0 0 38 0 -9 0 0 16 -50 -49 0 3 0 0 0 0 0 -5 -25 0 0 0 16 0 0 0 0 47 46 47 -34 0 0 43 0 0 0 -36 43 0 18 -21 0 0 -4 0 0 0 0 0 
0 -17 0 -34 0 -24 0 0 0 0 0 -21 0 -41 0 6 0 0 0 0 0 0 0 0 -35 5 0 0 0 -50 -38 -3 0 42 0 0 42 -33 0 4 0 0 0 -10 43 0 0 17 0 0 19 0 0 0 0 -40 0 50 0 0 0 -6 0 0 0 -44 25 0 0 0 0 0 0 0 0 0 0 0 0 0 0 30 0 -46 0 0 0 7 14 0 -29 47 0 0 0 0 0 -29 0 -22 35 0 0 0 0 0 0 0 -34 0 0 0 0 0 0 48 0 0 0 0 0 -11 -28 0 0 1 0 -9 -39 0 0 0 0 11 11 0 0 0 -31 0 0 0 0 0 0 0 0 0 0 0 -1 0 0 -40 0 0 18 0 0 0 0 3 -26 0 0 0 0 0 0 0 0 0 0 0 0 3 20 0 0 0 0 0 0 0 0 0 0 0 0 0 0 -49 0 0 0 0 0 0 0 22 
0 0 0 0 0 0 0 0 0 0 0 0 0 24 0 47 0 0 45 0 0 0 0 0 5 0 0 0 0 0 0 0 11 0 0 22 -26 0 0 -46 0 0 -1 0 0 0 0 0 -26 0 0 0 0 47 21 38 -50 -36 0 -6 0 0 0 0 41 19 0 0 0 0 0 -32 27 0 0 0 0 0 0 -22 0 -49 -19 0 35 0 -37 0 0 -17 0 28 0 0 0 -17 0 0 0 0 0 -48 0 0 12 0 0 0 0 -26 0 0 0 0 0 0 41 -15 37 0 -39 29 0 0 0 0 -48 0 0 0 0 0 0 0 0 0 0 29 0 12 0 -33 0 0 -29 0 31 0 0 0 0 -41 0 0 0 0 -46 0 -20 0 0 0 0 0 0 0 -12 0 0 0 -9 0 0 2 35 0 0 50 49 0 0 0 0 0 0 21 0 0 0 0 0 0 0 0 0 0 0 0 0 0 
0 0 0 5 0 0 0 -13 0 0 0 0 -7 0 0 0 0 0 0 43 0 -44 0 0 0 0 0 0 0 -26 0 36 -41 0 0 0 -16 0 0 0 -30 0 0 0 -36 0 24 0 41 37 0 -12 0 0 -27 0 0 -32 0 44 -43 0 0 0 13 0 0 -21 0 0 0 0 0 0 0 0 -4 -12 0 0 0 0 0 0 0 -13 0 32 -4 -9 0 4 0 0 8 0 0 0 0 14 0 -14 0 0 0 -12 0 -29 0 0 0 0 0 0 -26 34 0 0 0 -50 0 0 0 0 0 0 0 17 0 0 0 0 0 0 0 0 2 0 0 0 0 0 -17 0 0 -42 0 49 0 8 0 0 25 0 0 0 0 -37 0 13 -50 0 0 0 0 0 0 0 0 0 0 0 0 0 -35 0 0 0 0 0 6 0 0 19 17 -42 46 0 0 -24 0 0 0 0 0 0 0 -12 0 0 
0 0 0 49 0 0 0 0 8 0 0 0 0 0 0 42 0 0 0 17 0 0 0 -21 0 0 0 0 0 0 5 -3 -30 0 0 0 -22 48 0 0 0 0 9 0 0 0 -45 0 25 0 0 0 29 0 -6 0 0 0 0 0 0 0 0 0 0 0 24 0 0 0 0 0 16 0 0 0 -13 0 -6 22 0 -11 0 -25 0 0 -4 15 0 0 -2 29 -6 0 0 0 -31 0 -41 0 0 0 0 0 0 0 0 -44 -24 0 0 0 0 0 13 0 11 0 24 0 0 0 0 18 0 0 0 0 0 0 -44 0 21 0 0 -39 0 0 0 0 0 -41 0 0 14 -50 16 0 0 0 -25 0 0 0 -4 -24 0 0 -12 0 0 0 0 0 0 0 0 -26 0 0 39 22 0 0 0 0 0 0 0 0 0 0 0 0 0 0 0 0 0 0 0 0 0 -30 0 0 0 0 0 0 
0 25 0 0 32 35 0 -20 0 0 -26 0 0 32 -26 1 0 0 0 -3 0 0 46 0 0 0 0 0 0 0 0 0 0 0 0 0 0 0 0 0 0 0 0 0 0 0 0 0 -43 0 0 0 0 16 0 0 0 0 0 0 -45 0 0 0 0 0 0 34 0 0 0 0 0 0 0 -32 0 0 0 0 28 0 0 0 0 0 0 0 0 0 0 0 0 0 0 0 0 -25 -44 0 -43 0 0 0 0 30 0 0 0 1 34 0 3 0 0 47 -20 0 0 0 0 0 0 0 0 0 -27 0 0 -32 -8 0 0 0 0 0 0 0 -46 0 0 0 26 24 0 0 -38 0 0 0 10 18 -37 0 -46 0 15 0 0 -22 0 0 0 0 0 0 -23 0 25 -33 0 0 27 0 0 -21 0 0 -35 -12 0 0 0 -38 0 -18 0 0 0 0 0 -49 0 0 34 0 0 34 0 0 
-15 0 -7 -42 0 -3 0 0 0 38 0 0 -6 -14 0 0 0 0 0 0 0 27 0 0 -50 0 -26 0 0 0 0 0 -44 0 0 0 0 -2 0 0 0 0 0 0 0 0 0 0 0 24 0 -27 0 0 0 0 0 0 0 0 0 0 0 0 38 0 0 0 0 -2 3 0 0 0 0 0 32 0 0 0 0 0 0 0 0 0 0 -27 0 0 0 0 0 0 11 0 47 0 0 7 0 0 -23 -14 0 0 0 -25 0 41 0 34 0 29 0 0 0 0 2 0 0 0 31 0 0 0 0 0 0 0 0 0 0 1 0 0 0 0 0 0 0 0 0 0 0 0 0 0 -10 0 0 0 16 0 0 0 0 0 0 0 0 0 0 0 0 0 0 0 0 0 0 -8 11 0 0 0 0 0 37 0 -19 0 0 0 0 0 0 0 0 0 0 0 0 0 0 0 0 0 0 0 
0 0 0 0 0 0 0 0 0 0 0 0 -19 14 0 0 0 40 0 0 0 0 0 0 -38 0 0 5 0 0 -39 0 0 0 0 -43 0 0 0 0 0 0 0 0 -49 0 0 0 0 0 0 0 0 -19 0 0 0 0 -28 0 0 0 0 0 0 0 0 0 0 -26 0 0 0 -49 0 0 0 0 4 0 0 0 0 0 0 44 0 34 0 0 0 0 0 -21 0 -17 -32 0 0 35 0 0 0 34 -16 27 0 -36 0 0 0 0 0 0 0 19 0 0 0 22 0 26 -49 0 0 0 0 0 0 0 0 24 0 0 0 0 0 -31 0 -7 0 27 0 0 0 0 0 0 0 0 0 0 0 45 0 0 0 48 0 0 0 0 0 0 0 0 0 0 0 0 0 0 0 0 0 -1 0 -12 43 -18 0 0 0 0 0 0 0 -15 0 40 0 7 0 10 0 0 0 0 0 0 
0 49 12 0 0 -18 0 14 0 0 0 0 0 44 0 0 0 9 0 -6 0 0 0 30 -3 0 36 -3 0 0 0 0 0 0 -38 0 4 13 0 0 -33 0 0 0 0 -40 0 -11 0 0 0 0 0 0 -17 19 0 0 0 0 -37 -2 -20 -23 0 0 0 0 0 0 0 0 0 39 30 44 0 0 28 26 0 0 0 0 -29 0 0 -12 0 12 -22 45 0 0 0 0 0 0 0 0 0 0 0 30 0 -46 0 0 42 0 0 0 -21 0 49 -42 6 0 0 0 32 0 0 0 -37 0 34 0 0 0 0 0 0 11 0 -48 0 -21 5 0 0 0 0 0 0 -23 0 -48 0 0 0 0 5 0 0 37 0 -40 0 0 0 41 38 0 -23 0 -13 41 0 0 37 0 0 0 0 0 0 0 0 0 -14 0 7 0 0 0 -7 0 0 3 -35 0 17 0 0 0 0 0 34 0 
0 0 0 0 0 0 0 0 0 0 0 0 -16 49 0 0 0 -11 0 0 0 0 0 23 0 11 -41 -30 0 -44 0 0 -27 0 0 0 0 0 0 0 0 -45 0 0 -16 0 0 0 0 0 0 0 27 8 0 0 0 27 -34 0 0 41 0 0 0 0 0 0 0 0 -49 0 -17 -2 0 -46 0 10 0 0 0 0 0 0 0 0 -15 0 0 0 47 -49 0 0 50 0 0 0 0 0 0 0 0 0 0 0 0 0 0 31 -32 0 -18 0 0 11 0 46 0 0 0 0 -42 -16 0 0 32 0 0 0 -20 0 0 -37 0 1 0 0 0 -16 0 0 0 0 0 21 0 0 -17 0 0 0 0 0 17 0 0 10 0 0 32 0 0 11 3 0 0 0 0 0 0 0 0 49 0 26 0 0 0 0 -37 0 0 0 0 0 43 0 0 0 -13 0 0 0 0 0 0 0 0 0 
0 0 0 0 24 0 0 0 32 10 0 0 0 0 0 42 30 41 0 0 0 -29 0 0 42 0 0 0 0 0 0 0 0 0 0 0 0 0 0 0 0 0 -40 0 39 -20 -46 0 0 -25 0 0 47 4 42 0 0 0 0 44 0 0 0 0 0 7 0 -30 17 0 0 0 0 0 0 -20 0 0 9 0 0 -50 0 0 0 0 0 0 0 0 0 0 -25 0 -5 0 -28 -42 0 0 0 -21 -2 0 0 0 0 0 0 0 20 0 0 0 0 0 -16 0 0 0 0 0 -14 -15 0 0 -7 5 0 41 0 4 0 0 0 12 0 0 -48 0 0 0 0 0 11 0 -34 0 0 -7 0 0 0 0 -20 0 -46 0 0 0 0 0 0 0 4 0 0 0 23 0 0 0 7 0 35 0 0 -32 -28 37 0 0 0 0 0 0 0 -17 0 0 0 0 0 0 0 0 0 0 0 0 
0 0 0 0 45 0 0 0 45 -43 0 0 49 0 0 0 0 0 0 0 0 0 0 0 0 0 0 0 0 0 0 -38 0 0 0 0 -40 0 3 0 0 -6 -5 0 0 0 44 0 0 0 0 38 0 -15 -35 0 0 0 0 0 0 0 -29 0 0 20 0 0 0 0 0 0 0 0 0 0 0 0 0 -2 -27 0 0 0 0 0 0 49 11 0 0 0 0 28 0 0 0 0 0 0 0 21 0 0 -8 0 0 0 0 0 -46 0 0 43 0 0 0 0 0 -46 0 0 0 16 0 0 0 0 0 0 0 50 0 0 0 0 0 0 0 34 0 29 -7 32 0 5 0 0 0 0 0 0 47 -38 0 0 0 -50 14 0 24 0 0 0 0 0 -47 -26 0 31 0 34 0 0 0 0 0 0 0 0 0 0 7 0 0 0 0 -11 -10 0 0 0 0 40 0 0 0 0 0 0 
0 0 0 0 22 -3 0 0 0 0 0 0 27 0 0 -28 20 0 0 -33 0 0 0 -6 0 22 0 0 0 0 -43 0 0 0 0 0 0 0 0 47 0 0 0 0 0 0 14 0 25 -11 -48 0 0 0 0 0 -48 0 0 6 23 0 0 0 0 0 -31 0 0 0 28 0 10 49 0 0 0 0 0 0 0 0 0 0 0 0 0 42 0 0 0 0 -24 -21 0 0 0 -24 0 0 0 0 0 0 0 0 -22 9 0 0 -15 0 -5 0 0 0 0 0 0 0 0 0 0 0 0 0 0 33 0 0 0 0 0 -7 0 0 0 0 -10 0 -36 0 0 0 49 39 -38 0 0 -44 0 0 0 0 0 0 0 0 0 0 0 0 0 0 0 0 -22 26 3 0 0 37 -33 0 0 0 0 0 0 0 0 0 0 26 0 0 28 0 0 0 -44 -7 24 0 0 -26 0 0 0 0 
0 0 0 0 0 6 0 0 -10 -20 5 0 0 0 0 15 0 0 0 6 0 0 0 0 42 -26 -16 -22 0 0 0 4 0 0 -40 0 -44 0 -43 -43 0 0 0 0 30 0 0 0 0 50 0 0 0 0 0 0 0 0 0 0 0 0 0 0 0 0 -25 0 0 0 0 0 0 -9 0 0 0 0 0 0 0 0 44 -13 0 -31 0 0 0 23 -35 0 0 0 -23 0 0 -17 0 -16 0 0 0 0 0 0 0 0 0 3 0 0 0 0 0 0 0 0 43 -18 0 0 0 0 0 0 -12 0 -28 0 0 -28 0 0 0 45 0 0 0 0 0 0 45 0 18 0 48 0 0 0 0 -6 0 0 0 0 -4 0 0 0 0 0 15 0 -2 0 0 0 0 0 0 0 0 0 32 0 0 0 0 0 0 0 0 0 0 0 0 0 0 0 0 23 0 -16 0 0 0 0 0 -3 
0 0 0 -28 0 0 5 -20 0 14 0 0 0 50 0 3 0 0 15 0 0 0 0 0 -33 0 0 48 0 -2 0 13 0 0 0 0 0 0 -1 0 -16 0 0 0 -4 0 18 -18 0 35 35 0 0 0 39 32 0 25 0 -35 0 14 37 0 0 49 0 -27 0 0 0 0 -38 0 0 0 0 0 0 0 31 0 32 0 0 -28 0 0 -36 0 -18 0 0 -21 0 0 0 4 0 0 -43 0 32 0 0 0 -19 -21 0 -36 0 0 0 0 -12 0 0 0 -18 0 -40 -40 0 0 0 -21 0 9 0 0 0 0 0 0 0 46 27 0 0 0 0 0 0 -32 0 0 19 0 0 0 4 0 0 0 0 -44 0 31 0 0 0 -39 0 0 0 0 0 0 0 20 11 0 -12 -20 0 0 0 23 0 0 17 -2 -42 0 0 0 -21 0 0 0 0 0 0 0 0 0 -48 0 0 0 
42 0 0 0 0 0 0 -10 42 0 0 0 0 0 0 0 7 0 0 0 13 -12 0 0 0 0 0 0 0 0 0 0 0 0 3 0 -43 -1 -33 0 0 0 47 0 0 0 0 0 -4 8 0 0 -47 -23 0 -39 -44 0 0 0 0 0 -26 25 0 17 0 0 0 -36 0 0 -30 0 48 0 0 0 0 0 0 0 0 0 -13 0 0 0 0 0 18 0 50 0 0 0 0 0 0 0 0 37 0 0 5 0 0 0 0 0 0 41 0 0 0 0 0 0 0 0 0 0 0 0 0 -14 0 -27 0 -40 0 0 0 0 0 0 -40 0 0 0 45 0 40 0 0 0 -31 0 34 0 -1 0 0 0 0 11 46 0 0 -31 0 3 0 0 0 0 -26 -12 0 0 -4 -46 45 0 16 0 0 0 0 0 0 0 0 0 0 0 0 6 0 0 0 0 0 0 0 -28 0 0 0 0 
-7 0 0 0 0 49 0 0 0 0 0 0 0 0 32 0 0 0 -23 0 50 0 0 -11 4 -46 0 0 0 0 0 0 0 0 0 47 -43 0 0 0 0 0 0 0 0 0 17 11 0 0 0 0 18 0 0 -25 -18 -24 0 0 0 0 0 0 49 0 0 48 0 -21 0 0 0 0 0 0 0 -6 0 0 0 0 0 -47 0 -4 -39 0 -46 0 -27 0 0 0 0 0 0 0 0 0 0 0 0 0 -44 0 -34 0 -18 0 -32 12 0 0 0 0 0 -48 33 0 20 0 0 30 0 0 0 0 0 -42 0 0 0 5 0 0 0 0 0 0 -40 -1 0 20 0 0 0 0 0 0 0 0 0 0 0 0 0 0 -45 0 0 0 0 0 19 0 0 0 0 0 0 0 0 0 0 0 -31 0 0 0 -50 -35 -22 4 45 0 0 0 0 0 0 30 0 0 0 0 0 8 0 -3 
0 0 0 -41 29 0 21 0 17 0 2 0 0 0 0 0 0 0 -5 0 0 8 0 0 0 0 -30 0 0 0 0 -33 0 0 0 0 0 -16 0 0 46 0 0 0 0 0 -28 37 35 0 0 0 0 0 0 0 0 0 0 0 0 45 0 0 0 -6 0 0 0 0 0 -40 0 0 0 0 -46 0 0 0 0 31 0 0 0 38 0 0 0 -3 0 0 0 -22 0 0 0 -13 0 -38 0 31 0 0 -9 0 0 0 0 -20 0 5 42 0 0 0 0 0 0 0 0 27 0 0 0 22 -3 0 0 0 8 0 -21 -22 0 0 13 0 -9 0 40 -45 0 36 0 0 0 0 0 0 0 0 0 0 0 14 9 0 0 0 39 0 -17 0 0 0 -26 0 0 0 0 0 0 0 0 37 0 0 0 0 0 -30 0 0 0 0 -14 0 0 0 0 -2 0 0 0 0 0 0 -47 0 
4 0 0 0 0 0 -30 0 41 0 0 0 0 0 -28 0 0 0 0 -23 -16 0 0 2 0 0 0 0 0 0 0 0 -45 0 -6 0 0 0 0 0 0 0 0 0 0 0 0 0 0 0 0 -8 8 0 0 0 -14 0 0 0 0 0 0 7 0 0 0 0 0 0 0 0 -43 0 0 -6 0 0 0 0 0 0 0 46 0 0 0 0 0 0 44 0 0 0 0 0 0 -29 0 2 22 0 -50 0 0 0 0 0 0 0 0 -34 0 0 0 0 -18 0 0 0 0 0 -3 0 0 0 0 0 0 0 0 -49 17 0 -21 0 27 29 0 -35 0 0 0 -38 -8 0 0 47 0 0 -26 0 40 0 0 0 -26 0 -38 -27 0 0 0 0 0 11 -27 0 0 0 0 0 0 0 0 -39 0 0 0 0 0 0 0 0 0 0 0 0 0 0 0 42 0 0 0 0 0 0 0 0 
0 -8 0 0 0 0 29 0 0 0 43 0 0 0 0 -19 0 -35 2 42 0 0 20 -43 0 -1 0 9 0 0 0 0 0 -40 -5 0 0 0 47 0 0 0 -5 0 0 0 0 0 0 0 0 -3 33 0 0 0 0 0 0 0 0 0 0 0 0 0 0 0 30 0 4 0 0 0 0 0 0 0 0 0 0 0 0 1 -11 0 0 0 0 0 0 -23 0 0 0 -41 0 0 0 0 0 0 0 0 -19 0 0 0 0 0 0 0 0 0 0 0 -6 0 -5 -42 -8 0 0 -48 0 0 14 0 0 -39 0 0 -43 0 0 -19 0 0 0 0 27 50 0 -3 -42 0 10 0 -24 0 0 0 0 0 0 0 0 0 0 0 0 0 0 0 0 0 0 0 0 0 0 41 0 24 0 0 46 0 0 0 -23 0 41 0 0 -20 0 0 2 0 0 0 44 0 0 0 0 0 0 0 
0 -2 0 30 -19 48 0 0 0 0 0 0 0 0 38 0 -9 37 -28 0 0 -35 -42 0 -10 0 0 0 0 0 0 0 0 0 0 0 0 0 0 0 0 0 0 25 0 0 0 0 0 0 0 0 -33 0 0 0 -46 0 0 0 0 0 30 0 0 0 0 0 0 0 0 -29 0 0 0 0 -14 0 0 0 -10 0 0 -48 22 27 -33 0 0 0 -46 0 0 0 0 0 0 0 29 0 0 -24 0 0 0 0 0 0 0 0 0 0 0 0 0 0 0 0 0 0 38 0 0 -49 46 0 0 0 0 0 0 0 0 0 0 0 0 -20 0 -21 -46 0 0 0 0 0 0 0 17 -17 0 2 0 23 -3 18 0 0 0 0 0 0 0 0 0 0 -11 0 0 0 0 0 -48 0 0 0 0 32 27 0 0 0 0 38 0 0 0 0 0 0 0 0 -7 0 -25 0 0 0 0 42 
26 38 36 0 -39 0 0 14 0 36 0 -5 0 0 0 27 0 0 0 0 26 0 0 0 43 0 -36 0 0 0 -49 0 -16 39 0 0 30 -4 0 0 0 0 0 0 0 0 0 0 0 0 0 8 0 -3 0 0 0 -42 0 0 0 0 0 0 0 0 0 0 19 30 0 0 35 0 45 0 0 -43 0 0 19 0 0 0 -21 0 0 0 0 0 0 0 0 0 0 25 0 0 0 31 0 -32 0 0 49 0 0 0 0 41 0 0 0 2 0 0 0 0 0 9 -23 0 -30 0 0 0 0 0 0 0 0 0 0 0 0 12 -6 0 0 10 2 0 0 -42 0 0 0 0 24 0 27 0 0 0 0 0 0 0 0 25 0 31 0 -35 0 0 40 0 0 0 0 0 0 0 40 0 0 0 23 0 -41 0 0 0 0 0 0 0 0 0 0 0 0 -33 -15 0 -41 0 0 13 
0 -30 0 0 0 0 0 -42 21 0 0 -27 0 0 0 -21 0 0 0 0 -30 0 0 0 0 0 0 0 0 0 0 -40 0 -20 0 0 0 0 0 0 0 0 0 0 0 23 0 0 0 4 0 0 0 0 0 0 0 0 0 0 0 29 0 0 0 0 0 0 0 47 0 0 0 -11 0 0 0 0 0 21 0 0 0 0 -38 0 -39 0 0 0 0 -5 34 0 0 -38 0 0 -4 26 0 -43 0 -16 0 0 -7 0 0 0 0 0 49 0 0 0 39 0 0 0 0 44 0 0 0 0 0 0 0 0 0 0 0 0 0 0 0 -32 0 0 44 14 -2 -7 0 0 -11 0 0 -33 0 0 0 0 0 0 0 0 0 0 0 24 0 0 0 -40 0 0 0 0 48 0 0 0 0 0 0 0 0 0 0 0 0 0 0 0 0 -18 0 0 46 0 0 0 0 7 0 -11 0 0 
-10 0 -47 -15 0 -10 0 0 0 0 48 -16 0 45 0 -36 0 0 0 1 0 -46 0 0 0 0 24 -45 0 0 0 0 0 -46 44 14 0 18 0 17 -28 0 0 0 0 0 0 0 0 0 -38 0 0 0 0 5 0 0 -21 38 0 0 0 -14 22 -8 0 0 8 0 0 -20 0 -9 0 0 0 0 0 0 0 -7 0 0 29 0 0 0 0 -25 0 0 35 38 0 0 27 -43 38 -14 0 -34 20 -37 0 0 8 0 0 33 0 8 0 0 0 30 0 0 0 0 0 43 0 0 0 0 0 0 0 -35 7 0 -24 0 -39 0 0 0 16 0 0 0 4 0 0 0 34 0 4 0 43 0 0 45 0 30 0 -26 0 0 0 0 6 0 -21 0 0 0 0 0 0 0 0 0 42 0 0 0 0 36 0 0 28 0 0 -6 0 -27 0 0 0 0 0 0 0 15 0 0 0 0 
0 0 -31 -39 0 31 0 0 0 0 0 47 0 0 -48 0 0 0 0 0 0 5 22 0 17 0 0 0 0 0 0 -11 0 0 0 0 0 -18 0 11 37 0 0 0 0 0 0 0 0 0 0 0 0 0 -41 0 0 0 3 0 0 0 0 0 0 0 0 0 0 0 0 -37 0 -14 0 0 0 0 0 0 37 0 0 0 16 0 21 0 45 0 0 0 0 0 0 0 0 0 0 34 0 28 0 0 0 0 -21 0 0 0 0 0 0 0 0 48 -10 -48 0 0 0 0 0 34 0 -14 0 0 0 32 -35 0 0 0 0 0 0 0 0 9 0 17 0 0 0 0 0 0 7 0 0 0 0 0 0 0 0 0 0 1 0 0 0 0 0 0 0 0 0 13 0 -36 0 14 0 0 0 -42 0 0 0 -21 0 -21 0 0 0 0 0 29 -17 0 0 49 0 0 0 0 41 0 
0 0 0 0 0 0 -9 -14 -12 0 -25 0 0 0 0 0 -30 0 0 -27 0 0 0 30 0 -26 41 25 -43 0 0 0 0 0 0 25 0 0 -4 0 35 0 0 0 0 0 0 0 -17 0 0 0 0 0 0 0 0 0 -35 0 0 0 0 0 0 0 0 0 -27 0 0 0 0 0 -8 0 36 0 0 0 1 0 0 0 0 0 0 0 0 0 0 0 0 0 0 -19 0 0 0 0 0 -4 0 -32 -17 39 0 0 0 0 -9 0 -3 0 0 0 0 0 0 43 0 26 0 0 0 0 0 0 32 0 0 0 0 0 -27 0 0 47 0 0 0 0 0 0 0 0 0 -37 0 47 0 0 0 0 0 0 0 0 0 33 0 38 0 9 0 0 0 0 0 5 0 0 17 34 0 0 0 0 -15 0 15 34 0 17 0 -43 -8 -42 0 0 0 0 0 0 0 34 0 4 0 0 
0 0 0 0 0 0 -9 32 0 8 0 0 23 18 9 0 0 0 0 0 0 0 0 -4 0 0 37 0 0 24 0 0 0 -25 0 -11 50 35 8 0 0 0 0 0 0 4 0 0 0 0 0 0 -8 -25 0 0 0 0 0 0 -29 15 0 0 -10 0 0 0 0 8 0 20 0 0 0 0 0 0 0 0 0 0 46 0 0 0 0 18 0 0 0 0 0 0 0 0 0 0 0 0 0 0 0 0 0 0 -42 0 -37 -30 0 0 47 0 0 22 0 0 0 0 -11 0 0 15 0 0 0 0 0 37 0 0 0 0 31 0 -38 0 12 0 0 0 0 0 0 0 0 0 0 28 0 0 0 0 0 -48 0 0 0 0 0 0 -46 0 0 0 -44 0 -28 0 0 0 0 0 29 0 19 0 0 0 0 0 0 46 0 13 0 0 0 0 -40 0 0 0 0 0 0 0 0 -50 
0 0 0 0 0 0 0 0 22 0 36 33 14 0 22 0 0 0 0 0 0 0 0 0 19 0 0 0 0 0 0 0 0 0 0 -48 0 35 0 0 0 0 0 0 0 0 -38 0 0 0 0 0 0 4 0 0 0 0 0 0 0 0 -32 0 0 0 -29 0 0 0 -49 6 -45 11 0 0 0 0 -43 25 0 0 0 0 0 0 0 0 0 -29 0 0 0 0 0 0 0 0 0 0 0 -14 0 0 0 0 0 0 -46 -3 0 0 0 0 0 0 0 0 0 0 0 -34 0 0 -14 -39 0 0 0 0 0 0 0 0 -7 0 26 35 0 0 0 0 0 0 0 -49 6 0 0 0 0 0 16 29 0 0 -38 0 43 0 0 0 0 0 0 0 0 0 0 0 38 0 0 0 0 0 0 0 -45 0 0 0 40 -36 0 0 -30 0 0 0 23 0 0 0 0 0 0 0 0 0 
-38 0 0 3 4 0 9 0 0 0 -18 0 0 -39 0 0 0 0 0 7 0 0 0 0 0 0 -12 0 0 -27 0 0 0 0 38 0 0 0 0 0 0 -8 -3 0 8 0 0 0 0 0 0 0 0 0 0 0 -19 0 0 0 0 0 33 -38 0 0 0 0 0 20 0 -11 0 0 0 0 0 0 0 0 0 0 0 0 0 0 38 48 0 0 0 0 0 49 23 0 0 0 0 -34 12 0 0 0 0 21 0 0 -33 0 0 0 0 0 0 0 30 0 0 0 0 0 -21 0 0 6 -49 0 0 0 0 -22 3 0 0 0 0 0 0 0 0 47 -39 0 0 -46 0 18 -14 -19 0 11 0 0 0 0 0 0 0 0 0 0 29 0 0 -3 0 0 0 0 32 27 0 0 45 -36 0 0 0 0 -21 30 0 0 0 0 0 0 0 0 0 35 0 0 -22 0 0 0 0 22 
0 0 29 0 -13 0 0 0 0 0 0 0 0 0 0 -23 0 0 0 0 0 0 0 0 0 0 0 29 0 0 0 0 27 47 0 0 0 0 -47 18 0 8 33 -33 0 0 0 0 0 -8 0 0 -33 0 -45 -1 0 0 0 0 0 0 17 0 0 0 0 -18 0 0 0 0 0 0 -28 28 0 20 0 0 0 0 0 0 0 0 15 0 -1 0 0 0 0 0 0 0 0 0 0 0 0 0 0 0 0 0 10 -45 0 0 0 -24 -47 0 0 -35 0 0 0 0 0 47 45 11 0 0 0 0 0 0 0 0 0 0 0 0 0 -27 0 0 0 46 0 0 30 0 0 0 0 0 22 0 23 0 0 0 0 0 0 0 50 0 0 0 0 0 -13 0 -45 0 0 0 -12 0 24 0 0 -38 -14 -25 0 0 3 0 0 0 0 0 0 0 -50 0 0 0 0 0 -7 0 0 0 
5 0 0 -16 0 16 0 0 -19 0 -12 0 0 -41 0 0 37 0 0 -37 2 13 0 0 0 47 0 0 16 0 -19 0 8 4 -15 0 0 0 -23 0 0 0 0 0 -3 0 0 0 0 -25 4 0 0 0 0 15 0 0 0 0 0 0 0 0 0 -49 0 9 0 0 0 0 0 0 0 0 0 0 -33 0 0 0 0 35 -16 0 0 0 0 0 0 0 0 0 -20 0 50 0 0 23 0 0 0 0 0 0 -43 0 0 2 0 0 0 0 0 0 0 0 0 0 -49 0 0 0 0 0 0 0 0 -10 0 -46 0 0 0 0 0 0 16 24 0 0 0 0 0 0 0 17 0 44 0 0 0 0 0 0 0 0 0 0 0 0 0 0 0 0 0 0 28 47 0 0 0 0 47 0 0 0 0 0 -47 21 0 0 0 0 0 0 0 0 0 30 0 10 0 0 0 0 0 0 
0 0 19 -43 0 0 -39 0 0 -25 -25 0 44 0 0 0 -41 0 29 0 0 -18 0 -30 0 21 -27 -6 0 0 0 -17 0 42 -35 0 0 39 0 0 0 0 0 0 0 0 0 -41 0 0 0 0 -45 0 0 0 0 -37 0 0 0 0 0 -28 0 0 31 0 0 0 29 0 0 0 0 0 0 0 12 0 0 0 0 0 0 0 37 0 46 0 0 15 -21 0 0 0 -45 0 0 0 0 0 0 0 37 0 0 -25 0 0 0 0 13 0 0 0 -24 0 23 0 1 0 0 -46 0 0 0 15 0 -35 0 0 0 0 0 43 0 0 12 0 0 0 0 0 0 0 0 0 0 -14 0 0 0 0 0 0 0 0 0 0 0 0 46 -10 -34 39 0 0 0 0 0 5 0 0 0 -22 -23 0 0 0 46 0 0 -42 0 0 -23 0 0 0 0 0 0 0 0 0 0 0 0 -30 
0 0 0 -17 -29 0 -21 0 0 0 0 0 0 0 0 0 0 0 0 0 0 0 0 0 -40 38 0 0 0 0 0 19 0 0 0 0 0 32 -39 -25 0 0 0 0 0 0 5 0 0 0 0 0 -1 15 0 0 12 0 0 33 0 0 0 0 0 -32 0 38 0 0 -19 0 0 -26 0 0 0 45 0 0 -41 0 0 0 0 -34 7 0 0 0 0 0 0 0 0 -30 0 0 0 0 12 0 10 0 0 0 32 0 0 0 0 0 0 4 0 0 -12 -40 0 0 -14 0 0 15 14 0 0 0 10 0 0 0 0 0 -13 0 0 0 5 0 39 0 0 0 0 0 0 0 0 -31 0 0 0 0 16 31 0 0 -43 0 0 0 0 0 -37 0 20 0 -38 0 0 0 0 0 0 -26 0 0 0 -37 -5 0 0 0 -19 0 -16 0 0 0 0 -3 0 0 2 0 -19 0 0 0 
0 0 0 -42 0 0 0 0 0 0 -36 0 0 0 0 0 20 0 0 -29 0 0 0 37 0 -50 0 0 0 0 0 0 0 0 0 -48 0 0 -44 -18 0 -14 0 -46 0 0 0 0 0 0 0 -19 0 0 0 12 0 0 0 0 0 0 0 0 0 0 0 -28 0 0 0 0 0 0 -23 0 -3 0 0 0 0 0 0 -15 0 0 -15 0 -40 0 -43 -21 44 0 30 0 0 0 0 0 0 0 0 0 0 0 16 0 0 0 -32 0 0 39 0 0 0 -7 0 0 0 0 -39 0 0 0 0 -22 0 0 19 1 0 34 0 -8 32 0 -39 33 0 -2 0 0 0 0 0 0 48 0 0 0 0 -30 0 0 0 -31 34 0 0 0 0 0 0 0 0 0 28 0 -34 8 0 28 -9 0 0 0 0 0 0 16 0 0 0 0 0 0 0 -16 0 50 0 0 20 0 0 0 -5 0 
0 0 -15 -20 0 0 0 -1 0 0 10 0 0 0 0 0 0 0 0 0 0 0 0 0 50 -36 -32 0 0 0 0 0 27 0 0 0 0 25 0 -24 0 0 0 0 -42 0 0 0 0 0 0 0 0 0 -37 0 0 0 0 20 0 -12 0 2 0 0 0 0 0 -31 0 -26 43 11 0 0 0 0 0 0 0 0 0 43 0 0 2 0 0 0 0 36 -15 -31 0 0 -19 0 40 0 19 0 0 40 -22 0 0 0 38 28 42 0 1 0 0 0 0 0 -31 0 0 0 -29 0 -11 0 -29 0 0 0 45 -12 0 0 0 0 0 -49 0 0 0 -9 38 0 0 0 -7 -43 0 0 0 0 0 0 0 4 0 0 0 0 0 0 0 0 0 0 0 0 0 0 0 0 0 21 34 0 0 0 0 0 0 42 0 0 0 0 0 0 0 0 0 30 0 0 0 0 0 0 0 0 
0 36 0 0 0 0 12 0 0 0 0 0 0 0 4 0 0 -4 0 46 38 0 0 0 0 0 0 0 0 0 -28 0 -34 0 0 0 0 0 0 0 0 0 0 0 0 0 -21 3 -35 0 0 0 0 0 0 0 0 0 23 -26 0 0 0 0 -24 0 -49 0 -50 -20 0 0 0 -27 0 0 0 0 0 0 -11 0 0 0 4 0 0 0 0 0 0 -6 27 0 0 0 -50 0 0 0 0 0 -24 0 0 0 46 0 0 -41 0 0 0 -41 0 0 0 0 0 -31 -34 0 0 0 0 0 0 0 0 0 0 0 0 13 0 0 0 0 0 0 0 0 -39 -14 0 0 18 -48 0 0 -31 0 0 0 6 0 0 0 0 0 0 0 0 0 0 0 0 30 0 0 -29 1 0 15 0 35 0 0 0 26 -31 0 -20 0 0 0 0 0 0 -4 -45 -47 0 0 0 0 0 0 0 0 
0 0 19 -31 0 0 0 0 0 0 0 -47 2 26 0 0 0 0 17 0 0 27 0 0 0 -6 44 0 0 0 0 0 0 44 0 6 0 -35 0 0 0 0 0 0 0 0 38 0 0 0 0 0 0 0 0 33 0 20 -26 0 0 0 0 0 0 0 -40 0 0 7 0 26 0 30 0 0 0 0 0 49 -8 28 0 0 -17 32 0 40 -11 0 10 0 -23 0 0 0 0 -46 -45 0 -41 -29 0 0 0 0 0 -2 0 0 0 0 0 0 0 0 0 0 5 43 0 46 0 0 0 0 -43 0 0 0 11 0 0 0 0 0 -5 0 0 0 0 -42 0 50 0 0 30 0 0 46 0 0 -38 0 0 0 0 0 0 0 0 -44 0 0 0 0 0 0 0 0 43 0 0 0 0 0 25 0 41 -19 0 0 0 -29 0 7 5 0 0 0 0 0 -13 39 0 0 -32 0 0 0 
-26 0 0 0 -3 39 -7 -37 0 39 0 0 0 0 17 0 16 0 0 0 0 0 -44 0 0 0 -43 0 -45 0 0 -37 0 0 0 23 0 0 0 0 0 0 0 0 0 0 0 0 0 -29 0 0 0 0 0 0 0 0 0 0 -3 0 0 14 0 15 7 1 0 0 0 0 0 0 28 29 0 0 0 0 0 0 0 0 0 0 0 33 0 0 0 0 0 0 0 -49 0 0 0 0 -42 9 0 33 0 0 -49 0 -19 0 0 0 19 0 0 0 -50 0 0 0 0 0 0 0 0 0 0 -29 0 0 0 0 0 -14 0 37 43 0 -30 0 0 0 0 0 -35 0 0 0 0 0 0 0 8 0 0 0 0 0 0 0 0 -35 0 0 0 0 0 0 15 0 0 0 0 0 -41 0 -16 -18 0 0 21 0 0 0 0 0 0 0 0 0 0 0 0 0 0 0 -22 0 0 0 
0 0 0 -17 0 0 0 -23 0 -43 0 0 15 0 0 0 0 0 0 0 0 0 27 0 -6 0 0 0 0 0 0 -2 41 0 0 0 0 14 0 0 45 0 0 0 0 29 0 0 0 15 0 0 0 0 0 0 0 -12 0 0 0 41 0 0 0 -37 8 46 0 1 19 0 40 0 0 -4 0 0 0 0 0 0 0 -10 0 10 0 19 0 0 0 0 0 0 0 0 7 1 0 7 0 0 0 0 0 0 0 0 0 0 -26 0 11 0 0 0 0 0 -23 0 0 0 45 0 0 0 -23 -23 0 0 0 0 0 0 0 -39 0 0 0 0 0 0 0 12 0 0 0 0 0 0 0 0 0 45 0 48 0 0 0 0 0 -20 0 -33 0 0 0 28 0 0 0 -12 0 0 -3 0 0 0 0 0 0 0 0 -27 25 0 -11 0 0 0 44 0 0 0 0 43 0 48 0 0 
0 0 7 0 0 0 0 0 0 36 0 0 -13 0 0 0 0 0 0 0 0 24 0 -44 0 0 0 0 0 0 0 -20 0 0 -29 0 0 37 -26 0 0 0 0 30 0 0 0 0 0 0 -32 33 17 0 0 0 0 0 0 0 0 0 0 0 0 -47 0 0 14 0 0 0 -19 25 -28 0 0 46 0 0 0 0 0 0 0 -38 11 0 -17 0 0 49 39 -45 0 0 0 0 3 0 0 0 0 -13 0 0 0 0 26 -1 -5 0 50 5 46 0 0 0 0 0 0 0 0 0 0 0 0 0 0 0 0 -4 44 0 0 -5 0 0 27 0 0 0 0 0 0 -48 0 0 0 19 0 0 0 0 0 0 0 0 0 0 0 0 0 -22 0 0 -2 0 -13 0 -48 -50 0 0 0 0 0 0 0 0 -21 0 0 0 0 -42 44 0 0 0 44 49 0 0 0 0 -10 0 0 20 
0 0 0 7 0 0 0 1 0 0 0 0 0 0 8 0 0 0 0 0 -38 42 0 0 0 0 0 0 0 0 0 -23 0 0 0 0 0 0 25 0 0 7 0 0 0 0 -14 0 0 0 0 -38 0 0 -28 0 0 2 0 0 14 0 0 0 0 0 0 32 0 0 -27 0 0 0 0 0 -22 0 0 0 0 -37 -13 0 10 0 0 -5 0 0 36 0 0 0 0 18 0 -6 20 0 32 0 -5 0 29 9 0 0 0 -50 -38 28 0 0 0 0 0 0 14 0 29 0 0 0 -6 -31 -22 0 0 -10 0 3 0 0 0 0 0 0 0 -25 0 0 0 35 0 0 -1 0 0 0 0 0 0 0 -49 0 0 19 0 0 0 0 21 10 0 0 0 0 0 0 0 0 15 0 0 0 0 0 0 0 35 0 0 38 0 -9 0 0 0 0 24 0 0 0 0 0 0 0 -14 0 
0 0 0 0 0 39 0 0 10 0 0 0 0 0 -15 0 26 0 0 0 0 0 32 0 0 41 13 0 0 38 0 0 0 0 0 0 0 0 0 49 0 0 0 0 0 0 22 0 0 -10 0 0 0 0 0 0 0 0 -24 0 0 0 0 0 -50 0 0 0 0 0 -18 0 0 0 0 0 36 -4 0 0 0 0 0 0 -3 0 -18 0 0 0 36 0 0 0 0 0 -28 0 -1 0 0 0 0 0 0 0 45 0 0 0 0 0 -1 0 38 0 0 0 0 0 -38 0 0 0 0 0 0 0 -49 0 0 0 33 0 0 0 0 -43 0 0 0 0 0 0 0 0 0 0 0 0 34 0 0 0 0 0 0 0 0 -35 0 0 39 -18 0 34 0 0 0 0 0 0 -19 0 0 0 41 -32 0 0 0 0 0 0 5 -44 0 0 0 0 0 17 0 23 0 0 -50 -35 0 -33 
-47 -36 0 0 0 0 0 0 45 -12 0 0 0 0 0 0 0 0 -47 0 37 0 0 0 -44 19 0 0 0 0 0 0 0 7 20 0 0 49 17 0 -6 0 0 0 0 0 -8 0 0 0 0 0 0 -49 0 -32 0 0 0 0 15 -37 -47 0 0 0 0 0 -13 0 7 0 0 3 0 0 0 0 0 0 0 0 46 0 0 0 0 0 0 0 -30 0 0 0 0 0 0 0 0 0 0 40 0 0 -25 0 0 0 0 0 0 0 -10 0 0 0 0 0 0 -48 0 0 0 0 0 0 0 -12 0 -8 0 0 0 0 0 -13 47 30 -25 0 -37 0 0 0 0 14 0 0 0 -49 0 0 0 0 0 25 -41 0 -23 0 0 0 0 0 -36 38 0 10 0 0 -31 0 0 0 0 -37 0 0 0 0 5 -25 0 37 0 -26 0 0 43 0 0 0 0 0 0 0 0 0 0 0 
0 0 0 0 0 0 0 0 -33 0 0 0 0 0 0 7 0 0 0 0 0 0 -36 0 25 0 0 24 0 0 0 0 0 0 0 -31 -25 0 0 0 0 0 0 0 0 0 0 0 0 0 -29 0 0 0 31 0 0 0 -49 -40 7 8 0 0 0 0 0 0 0 0 0 0 0 0 -44 -22 0 0 0 -25 0 30 0 0 0 0 -42 -16 0 -9 -1 0 12 -14 0 0 0 0 0 0 0 0 0 0 12 0 0 0 0 -22 -19 0 -45 0 0 0 -36 0 0 0 0 21 0 0 0 0 0 0 -46 29 0 0 0 0 -29 0 0 0 15 -37 0 0 -13 0 0 0 0 0 0 0 0 0 0 0 0 28 0 0 0 20 2 0 -46 0 0 0 0 0 -20 0 0 20 14 0 18 0 0 0 34 0 0 0 0 0 0 0 0 0 0 0 0 0 0 -13 0 -36 0 0 -47 0 
0 0 40 0 0 6 0 0 0 0 0 0 0 0 0 24 0 0 0 50 0 0 0 0 0 0 -21 0 34 0 0 0 0 -30 0 0 0 -27 0 48 0 0 0 0 0 0 0 0 0 0 0 0 -18 9 0 38 -28 0 0 0 1 46 0 32 0 0 0 43 0 0 0 -38 0 0 -26 0 0 0 0 0 -24 0 0 -1 0 0 0 -12 0 0 0 0 0 0 0 0 0 0 -12 0 0 -9 0 0 32 0 0 -46 -44 4 0 0 0 0 0 0 -39 0 0 0 9 0 0 0 0 0 0 0 0 0 0 -46 0 0 0 0 0 0 0 14 -12 0 -47 0 0 0 0 -21 0 0 0 0 0 0 0 0 -14 28 0 0 0 0 0 0 1 0 -50 44 0 0 33 0 0 0 -19 0 0 0 0 0 0 0 -43 0 0 24 0 0 0 0 0 0 0 0 0 0 0 0 0 0 
30 -5 0 -2 0 0 0 0 0 0 0 0 0 0 0 0 0 -21 0 0 0 0 0 32 0 0 0 0 0 0 0 0 0 17 0 0 0 0 0 0 0 0 30 0 19 0 8 0 -27 0 0 0 0 0 0 0 0 0 -50 0 0 0 14 0 0 -13 0 0 0 0 0 31 0 0 0 0 0 0 30 0 0 0 0 0 -25 43 0 0 0 0 0 -31 0 0 0 0 0 0 0 5 -11 0 0 0 0 0 -36 0 0 0 0 0 43 46 0 -3 0 0 0 0 0 0 0 -2 0 -13 0 0 -5 0 0 0 0 16 0 0 0 0 0 0 0 0 0 0 0 0 0 37 0 0 31 3 0 0 0 0 -31 0 0 -27 0 0 0 0 0 0 0 0 21 0 -4 -4 0 0 0 0 0 0 0 0 0 -47 0 0 0 0 0 0 0 0 0 0 0 0 0 0 -30 0 0 0 
0 0 23 0 0 0 0 -23 0 0 0 0 0 0 0 0 0 0 0 0 -27 0 9 -3 0 0 0 0 0 -2 -26 0 0 0 0 0 0 0 -36 -21 0 0 0 0 30 47 0 0 0 8 0 20 0 0 0 0 0 -31 -20 7 0 1 0 0 0 0 0 0 0 0 0 35 0 23 0 -20 0 0 41 0 0 0 -41 0 0 20 0 0 0 0 0 0 36 0 0 42 0 6 0 0 0 0 31 22 0 0 0 0 0 0 -14 0 -8 0 0 0 -20 0 -13 0 2 0 0 0 6 16 0 0 0 0 0 0 0 32 0 0 0 0 0 0 0 0 0 0 0 0 0 7 0 0 0 0 0 -4 46 0 0 0 0 0 0 0 21 0 0 0 0 0 0 0 -43 0 0 0 0 0 0 0 0 0 0 0 0 0 0 42 0 0 0 0 0 0 0 0 -15 0 0 0 0 0 
0 0 29 0 -37 -2 0 0 0 0 0 0 0 9 0 5 -23 0 0 0 0 0 -30 0 0 0 0 0 0 3 0 0 -49 0 0 28 0 0 0 0 0 0 4 0 0 0 0 0 0 0 -49 0 0 0 29 -19 0 0 0 0 0 19 0 -27 -18 7 0 0 0 0 0 0 0 0 0 0 0 0 0 0 0 0 48 0 -49 0 0 0 0 33 0 45 0 -33 0 0 0 0 0 0 0 0 0 0 -49 0 0 0 -26 0 0 -12 0 0 0 0 0 0 0 0 0 0 0 0 33 0 0 -28 0 0 0 0 0 0 0 0 0 -13 -23 -20 0 0 0 0 0 -17 0 -12 -22 0 0 0 -32 -9 0 45 0 0 0 0 0 -40 0 0 0 0 0 0 0 0 0 0 0 11 0 0 0 31 0 0 0 3 0 0 -28 0 0 0 0 0 0 0 0 0 0 0 0 16 0 26 
49 0 0 0 0 0 0 0 0 0 0 -15 0 47 0 0 0 0 0 0 0 -18 0 0 0 -32 0 0 0 0 0 0 0 0 0 0 0 0 0 0 -40 0 0 -29 0 0 -20 -37 0 20 6 -11 0 0 0 0 0 -26 0 26 0 0 0 0 0 0 0 -38 31 35 0 0 48 0 0 35 0 0 0 0 0 0 0 0 0 30 27 19 0 0 0 0 0 0 0 0 13 0 0 11 0 0 0 0 0 0 0 0 0 0 -34 0 0 15 0 0 0 0 0 -42 0 0 30 0 -41 0 0 0 30 0 0 0 -21 0 0 0 25 0 0 0 40 0 0 45 0 0 0 0 31 47 0 0 2 0 0 0 0 0 0 0 -15 -24 31 0 0 0 0 0 45 0 0 0 0 0 13 0 0 0 0 0 0 0 -26 0 0 1 0 5 0 -49 -43 0 0 0 0 0 -50 -13 -35 32 
39 -34 0 0 0 0 0 0 -31 44 0 0 0 2 0 -36 0 0 8 0 0 30 0 0 0 27 0 16 0 0 0 0 -17 0 0 10 0 -38 -30 0 0 -43 0 0 35 0 0 0 0 0 -45 0 0 0 0 0 0 43 0 0 0 40 -19 0 0 0 0 0 0 0 0 48 0 39 0 0 0 0 -45 0 -4 0 0 0 0 -2 0 0 0 0 -45 0 0 0 -36 0 0 0 0 17 -31 0 0 0 0 0 0 0 0 0 17 0 0 0 0 0 0 3 0 0 0 0 46 0 -21 27 -8 19 0 0 28 0 0 0 0 0 0 0 0 0 0 -48 0 0 0 0 34 0 0 0 -38 0 0 0 0 0 -17 0 0 0 0 4 -49 0 0 0 0 0 0 0 0 0 9 -29 0 0 0 0 0 0 0 -44 0 0 0 0 0 12 0 0 21 0 0 33 -23 -6 -7 0 0 0 
0 38 0 -40 0 0 0 0 0 50 0 0 -44 0 0 0 0 -28 0 38 0 33 0 0 0 0 0 0 0 0 -49 39 -2 0 0 49 -9 0 0 0 0 0 0 0 0 -11 -9 -14 0 0 11 0 0 0 0 -26 0 11 -27 30 0 0 25 0 0 3 0 0 0 23 0 0 39 37 0 24 0 0 -24 0 0 0 0 0 13 0 0 -29 0 3 0 0 0 -37 0 0 0 0 0 0 47 0 0 0 -39 0 0 20 35 19 -44 -45 0 -23 8 0 0 -29 -43 0 -32 0 0 -50 0 24 0 0 0 0 -23 0 0 0 0 -30 0 0 0 0 0 0 0 9 0 0 0 0 0 0 8 0 0 31 0 0 0 17 0 0 17 0 0 0 27 0 0 -50 0 0 0 0 0 0 0 0 0 0 7 0 0 0 -35 20 8 -38 0 47 0 0 15 0 0 24 0 -34 0 -18 0 15 
0 0 0 0 0 0 0 0 0 0 0 -7 0 0 0 0 29 0 -30 0 0 0 0 -14 0 0 0 0 0 0 0 30 0 0 0 0 0 0 48 0 0 0 0 0 45 0 0 0 -8 0 0 0 -28 0 0 0 -23 0 0 0 28 0 -28 0 0 0 -44 -26 0 0 0 0 0 0 0 0 -3 0 14 48 0 0 -18 -29 0 0 42 0 0 0 0 0 0 0 0 -28 0 0 0 0 0 28 0 8 0 0 11 0 0 14 0 0 0 0 0 0 0 0 -6 1 0 0 0 16 0 0 -15 0 0 0 22 0 0 0 0 0 0 -5 0 -36 0 0 0 49 0 0 -49 0 -48 0 -2 0 0 0 0 36 0 0 0 0 0 0 0 -12 -38 0 0 -34 38 41 14 0 0 0 0 -5 0 0 20 -25 0 0 0 0 0 0 0 0 0 0 0 0 0 0 0 0 7 -7 0 0 
-3 0 0 0 0 0 -1 0 0 32 0 0 0 0 0 0 0 0 16 0 0 8 48 0 0 0 0 0 -32 0 0 44 -46 -20 0 0 0 0 0 0 0 -6 0 0 0 0 0 0 0 0 0 0 28 0 0 0 0 0 0 0 29 -4 0 0 0 0 -22 0 0 -20 0 35 0 24 0 0 0 0 0 0 0 0 0 0 -45 0 -42 0 -12 -6 0 42 -20 0 1 0 0 0 0 0 0 -23 0 0 0 0 0 0 0 0 0 0 0 0 0 0 29 19 0 0 0 21 -49 0 0 -46 0 0 -25 22 0 0 0 0 6 0 0 -40 0 0 0 0 0 0 0 0 0 -44 0 0 0 0 0 0 37 -22 0 0 0 0 29 -14 0 0 0 0 0 -11 0 0 0 0 0 0 42 -17 0 0 39 0 0 5 0 0 0 0 0 0 0 0 3 0 0 0 0 0 0 0 0 0 
0 0 0 0 -19 0 0 0 34 0 0 0 0 0 0 -13 0 0 0 0 -5 0 0 0 0 0 -4 -13 0 32 0 0 0 0 0 0 0 0 0 0 -46 0 0 -14 0 0 0 0 36 0 0 0 0 0 0 0 -3 0 0 0 0 0 0 -22 36 0 0 0 0 0 0 0 0 0 -3 0 0 -6 -44 0 23 0 0 0 47 0 0 0 42 0 0 0 0 -25 26 0 0 0 0 0 0 23 0 0 0 0 0 0 5 0 0 0 0 0 0 0 -18 -22 0 0 0 0 -37 0 0 0 0 -29 0 0 19 0 0 19 -31 0 -21 0 -31 0 -34 0 0 0 0 0 0 50 0 0 0 0 0 41 11 7 0 0 0 0 0 0 0 0 0 13 49 0 0 0 0 0 33 0 0 0 0 23 0 0 0 0 -30 34 0 0 1 0 0 0 30 0 0 0 0 0 0 -24 0 0 
0 0 0 0 -49 0 0 0 0 0 0 0 0 0 0 0 0 0 0 -44 0 41 0 0 0 0 -12 0 0 0 0 0 10 0 0 0 0 0 0 -6 0 0 0 0 -43 0 0 0 0 0 0 0 20 0 0 45 0 0 0 0 0 0 46 0 -4 0 0 0 0 0 0 0 0 0 0 0 -6 0 0 0 -45 0 -19 0 0 15 0 0 0 0 -31 0 5 0 -22 -28 0 0 0 0 0 0 0 0 17 -32 0 0 0 10 0 0 0 0 0 0 0 0 0 8 0 0 0 0 -28 0 0 33 0 0 0 0 0 0 0 0 -18 27 0 0 0 0 0 0 8 0 0 0 0 24 -36 0 0 -41 0 -22 0 0 0 0 -29 2 28 0 0 50 0 40 0 0 0 0 0 0 0 0 0 0 0 0 0 0 0 0 4 0 0 0 0 0 0 0 0 0 0 0 0 0 0 0 
0 0 0 0 0 0 0 0 -9 37 -19 0 0 0 0 -31 0 0 0 0 0 0 0 0 0 0 0 -6 0 0 4 28 0 9 0 0 0 0 0 0 0 0 0 0 0 0 0 0 0 0 -43 0 0 -33 12 0 0 0 0 0 0 0 0 0 0 0 0 0 30 41 0 0 -45 -24 14 0 -44 0 0 28 -30 -49 42 0 0 0 0 0 -4 0 -35 -17 0 0 0 0 0 31 0 0 0 0 -14 0 0 26 0 0 0 11 0 0 0 0 0 7 0 0 0 0 0 32 0 -32 0 0 38 0 0 0 0 0 42 0 0 0 0 0 21 34 0 37 0 2 0 0 -40 0 0 0 0 0 0 0 0 0 -36 0 -8 0 0 0 0 0 0 0 0 0 0 0 -42 5 0 0 0 39 -23 0 0 0 0 0 0 0 33 -50 0 -49 0 0 0 0 0 0 0 0 0 34 -33 -19 
0 0 0 14 9 0 0 0 0 0 0 0 0 13 -22 -9 0 -29 0 0 -41 0 0 0 0 -22 0 22 0 0 0 26 0 0 -2 0 0 0 0 0 0 0 0 0 0 21 0 0 0 0 25 0 0 0 0 0 0 0 0 49 0 0 0 0 0 0 -25 0 0 0 0 0 0 0 48 0 0 0 28 0 0 -33 0 0 -29 0 0 0 0 0 0 0 23 0 0 0 0 0 0 0 0 0 3 -44 -34 0 0 0 0 37 0 0 0 10 0 0 -5 0 -37 -21 0 0 0 0 0 0 0 0 29 -5 0 0 8 0 0 -18 0 0 -21 31 -25 -29 0 0 0 0 0 0 0 43 -45 0 0 0 15 -32 0 -4 0 32 0 0 -14 0 0 0 15 0 -49 0 0 0 0 -21 0 0 19 0 35 0 0 0 0 0 0 0 0 0 0 0 0 0 -46 0 -29 0 0 0 0 0 
0 0 0 0 27 0 0 43 -2 0 0 0 0 0 0 0 0 44 0 0 0 -23 34 34 0 0 0 0 28 0 0 0 0 0 -27 0 0 31 0 0 0 0 0 -10 19 0 0 37 1 0 0 0 0 0 0 -41 0 0 -11 -8 0 0 0 0 0 0 0 -24 0 0 0 0 -4 0 0 0 23 -45 -30 0 0 0 0 0 0 0 0 0 0 0 28 32 0 0 0 46 18 0 0 0 0 0 0 0 0 0 31 0 16 -25 0 0 0 0 0 0 0 0 0 0 0 0 0 20 0 19 -38 0 0 0 0 0 0 0 0 0 0 0 0 40 -46 0 10 0 0 0 2 0 0 0 0 0 0 0 0 0 40 17 0 0 0 0 0 24 0 0 -3 0 0 0 0 0 0 0 0 0 0 0 0 0 0 0 34 -1 0 0 0 0 0 27 -50 4 0 0 -4 0 0 0 0 -29 
14 0 -5 33 0 33 0 0 -1 -41 0 -42 26 0 0 -1 40 14 0 0 0 0 0 37 30 -49 0 -11 0 0 0 0 0 -50 0 0 0 0 0 0 31 0 0 0 0 0 -7 0 0 0 0 0 0 0 0 0 0 0 0 28 0 0 0 -37 0 0 30 0 0 0 0 0 0 0 0 0 0 0 -49 -33 0 0 0 29 0 0 0 0 -41 -34 0 0 -10 0 0 0 -12 0 0 0 0 0 0 0 0 0 0 0 0 -30 0 50 0 0 0 -25 0 0 -39 0 0 0 0 0 0 0 0 0 0 0 0 0 28 0 0 0 0 0 0 -23 0 0 0 0 0 0 0 0 0 30 12 0 0 0 -8 0 0 0 0 0 0 0 0 0 0 -12 0 26 44 0 0 0 0 36 0 -27 0 20 -25 0 0 0 8 -9 0 41 0 42 0 0 -2 0 0 34 0 13 3 0 0 -20 
0 0 0 -11 0 -50 0 -27 0 18 0 0 0 43 0 -24 36 -14 -30 32 0 0 0 0 0 -19 0 0 0 0 0 0 0 0 0 0 44 32 0 0 0 0 0 0 0 0 0 0 0 46 0 0 0 0 0 0 0 0 0 0 0 0 0 -13 0 46 0 0 0 -41 48 0 0 0 -18 0 0 -19 42 0 0 0 0 0 0 0 26 0 0 0 0 0 0 0 0 0 0 0 0 0 0 0 0 0 43 22 0 0 -25 33 0 0 0 0 0 0 0 0 0 -35 42 0 0 25 0 0 0 0 0 12 0 0 0 0 0 0 0 0 37 0 0 0 0 0 0 0 0 0 0 0 0 0 32 0 0 0 0 0 -11 15 0 0 -45 0 0 0 0 0 -1 0 0 0 0 0 -45 0 0 0 0 0 0 36 0 0 0 -44 0 46 -13 0 0 0 0 0 0 -32 0 0 0 49 
0 0 0 3 0 0 39 0 0 3 0 0 0 32 0 -33 0 0 0 0 0 0 41 0 -46 0 0 -25 0 0 0 0 0 0 0 0 -13 0 0 -47 0 46 1 -48 0 0 0 0 0 0 0 0 0 35 0 0 -15 43 0 0 0 -10 0 0 0 0 0 -1 0 0 0 0 0 0 -29 0 0 0 0 0 0 29 0 0 20 -13 0 0 0 0 0 0 0 0 0 0 0 0 -50 0 0 27 0 0 0 0 0 0 -37 0 0 -3 0 0 0 0 0 0 0 0 0 0 0 0 0 0 0 0 0 0 0 0 0 0 -5 0 -19 0 0 0 3 0 -28 -11 0 49 0 5 -15 0 0 0 0 0 0 0 11 28 0 0 44 0 0 0 43 0 0 0 0 6 23 0 0 0 0 0 0 45 -34 15 -48 0 0 0 0 0 41 -5 0 0 0 0 44 0 0 0 0 0 0 0 
50 0 0 0 0 0 0 0 0 0 0 -28 0 0 0 -47 0 0 0 0 37 0 0 -25 0 35 0 0 0 0 0 -29 0 0 0 0 0 0 -13 0 0 0 -11 22 -21 -38 29 16 0 0 0 0 0 -16 0 0 0 0 4 -17 0 0 0 10 -3 0 0 0 -25 0 -49 0 0 13 0 -45 47 0 0 -29 0 0 0 20 0 0 1 0 0 14 0 0 0 40 0 0 0 -3 0 0 0 0 0 0 -40 -14 -15 0 0 -35 -43 0 44 0 0 -15 0 0 -49 0 0 0 0 -45 -39 0 0 0 0 22 0 0 33 0 0 -21 0 0 -38 0 14 0 15 0 0 0 0 0 -33 0 0 -45 0 0 -10 0 -45 14 0 0 0 8 27 0 -14 0 0 2 0 0 0 0 0 0 15 0 0 0 33 0 0 0 0 -38 0 0 0 0 -45 0 0 0 0 0 0 0 0 0 38 0 
0 0 3 35 -36 16 -11 0 0 0 0 0 0 0 13 0 0 0 21 0 0 0 0 0 0 0 -13 0 0 0 44 0 0 0 0 0 -31 -28 0 -4 38 0 0 27 0 0 0 0 0 0 0 0 0 0 0 -34 0 0 0 32 0 10 -38 0 0 0 0 0 43 20 0 30 -2 0 0 0 0 15 0 0 0 0 0 -13 0 0 0 0 0 -26 0 0 0 0 0 0 0 44 0 0 -42 0 -30 0 0 0 37 0 -22 1 -34 0 29 0 0 0 25 0 0 0 0 0 0 0 0 -5 0 0 0 46 0 44 0 -13 0 0 0 0 -40 0 0 0 -46 -10 0 0 0 0 0 0 -39 0 0 0 -21 0 0 0 0 1 0 0 0 0 0 0 0 0 0 0 0 0 0 0 0 0 33 0 0 0 0 0 0 7 0 0 0 0 0 0 0 0 0 0 0 47 0 0 0 0 
0 0 0 -31 -41 0 0 0 -50 0 0 0 0 -32 0 2 -23 0 0 0 0 0 0 0 0 -37 0 -4 0 0 0 0 -15 0 0 0 0 0 0 -39 0 0 0 -33 0 -39 0 21 0 0 0 38 15 0 37 7 -15 2 0 0 0 0 11 0 -18 0 -42 0 0 0 0 27 0 0 42 -42 0 0 0 0 0 0 26 0 1 0 0 28 0 9 10 0 0 0 0 28 0 0 21 0 0 0 0 0 0 0 0 -38 0 0 -8 0 0 0 -2 0 0 2 -5 -12 -17 -33 -6 -3 0 0 0 0 0 0 0 0 24 0 21 0 0 -35 0 0 -22 0 -16 0 2 -36 20 0 0 0 0 0 0 0 0 -13 0 0 0 0 0 0 0 0 0 0 0 0 0 1 0 0 0 0 -11 0 0 0 0 0 0 0 -43 -1 0 0 0 0 0 0 0 8 0 0 17 31 -14 0 0 0 
-19 0 0 0 0 21 0 0 -18 -17 0 0 3 0 0 0 -34 -34 0 0 2 2 48 0 7 0 32 15 0 -27 34 -12 0 0 49 42 0 0 0 0 0 0 0 0 0 0 0 0 0 18 0 48 0 0 0 0 0 0 0 40 33 19 0 -5 0 0 -16 -12 0 0 0 19 0 -29 0 0 0 0 0 0 0 0 0 0 0 0 28 0 -50 41 0 0 -40 0 0 0 0 -32 44 0 18 0 0 1 0 0 0 0 0 0 0 0 -47 0 -38 0 0 0 0 0 0 0 0 -4 0 0 0 0 0 -13 0 0 0 0 -40 0 -17 5 0 0 0 -9 13 0 0 15 -14 0 0 -50 0 0 0 0 0 0 0 0 0 0 0 0 0 0 -13 -31 0 0 0 41 0 0 0 0 47 0 0 -43 24 0 0 38 0 -11 0 0 0 0 0 0 38 0 0 0 -36 0 0 0 0 0 
0 0 0 0 44 0 0 0 0 16 0 0 0 0 38 -35 4 -35 0 0 0 0 0 0 14 0 -4 0 0 0 0 0 0 0 11 0 0 -36 0 -46 0 0 0 0 0 0 0 45 0 0 0 0 -1 0 46 0 -40 0 0 -11 0 0 -17 0 0 0 0 0 0 0 0 0 0 0 0 -12 42 0 -4 0 0 -41 0 0 0 0 0 -50 36 0 0 0 33 0 0 -15 0 0 0 0 0 0 0 0 0 0 17 0 0 0 0 10 46 0 31 32 0 8 23 8 0 0 0 0 -2 0 0 0 0 0 -49 0 0 0 0 0 0 0 0 0 0 0 0 0 0 0 0 33 0 0 0 0 0 0 0 0 0 0 40 0 0 0 0 0 0 0 -20 5 0 0 0 0 0 27 -41 0 0 39 -48 45 0 0 0 0 0 0 31 0 0 0 37 0 0 0 0 0 0 47 -32 0 
0 0 0 0 0 0 0 0 18 0 0 36 -25 0 0 0 0 0 0 0 0 0 0 0 0 -17 -9 0 0 0 0 12 0 0 0 0 23 0 0 0 -3 0 0 0 0 0 -25 0 0 0 -29 0 0 0 0 0 0 0 0 0 0 0 0 0 0 0 -9 0 0 0 33 0 0 3 0 -6 0 0 0 0 0 -34 0 0 14 -26 9 41 0 35 0 0 0 0 0 0 34 -13 -37 -3 0 -9 0 0 0 0 0 37 0 0 -39 -39 7 0 0 44 0 -15 0 0 -26 26 0 5 0 0 -44 0 0 41 0 0 46 0 -7 0 0 0 -43 0 0 0 41 0 0 0 0 0 3 -9 0 0 0 49 0 0 -41 0 0 0 0 0 0 22 0 9 -50 0 0 0 0 0 -36 -1 0 47 13 0 0 0 13 0 0 0 0 8 0 0 0 -28 0 0 0 0 0 0 0 -14 0 31 
0 22 0 26 0 0 0 0 22 30 18 0 4 0 0 0 0 0 17 0 0 0 0 0 -29 0 0 -2 0 0 0 -22 47 0 0 0 -35 -18 18 -27 0 44 0 -46 0 0 0 0 0 0 0 0 0 0 0 0 -43 0 0 10 0 0 0 36 36 -30 -1 0 0 0 0 0 -45 0 0 0 0 -31 -35 0 28 0 0 0 0 0 10 0 0 0 20 -16 0 0 23 -2 0 -45 -7 0 0 0 0 0 0 0 0 0 0 0 0 0 0 0 0 0 0 0 0 23 0 0 -33 0 0 0 0 0 0 0 0 -12 0 -35 0 0 -24 0 0 0 8 0 0 0 0 -33 0 0 0 0 7 -38 0 -15 0 21 1 0 22 0 -22 0 -31 0 0 0 0 0 -10 0 0 45 0 0 21 0 40 0 50 0 0 0 0 0 0 0 0 28 0 0 -8 0 38 0 0 0 28 49 11 0 
0 16 -21 0 -17 -25 38 0 0 0 0 0 0 0 12 0 0 0 0 0 -26 -12 22 -30 47 28 4 29 0 0 0 45 -49 0 0 0 0 0 0 0 0 0 -23 0 0 -5 0 0 0 0 0 0 0 0 15 0 -21 36 -6 0 0 0 49 0 0 0 0 0 -31 0 45 0 0 0 0 42 0 0 -17 0 32 0 0 0 0 0 0 0 0 0 -16 0 0 -1 0 0 0 -46 0 0 0 -16 0 2 13 7 0 0 0 0 -45 23 0 11 0 0 0 0 0 0 0 0 0 19 0 -42 0 0 7 34 0 0 0 0 16 0 0 27 20 0 0 0 12 -25 15 0 0 0 0 0 0 0 0 0 -34 0 0 24 -27 0 0 0 0 0 15 0 0 46 -28 0 0 0 0 0 0 0 0 0 0 0 0 0 0 0 0 -8 -11 0 0 0 0 0 0 0 0 0 -35 0 0 0 
0 0 0 0 27 0 0 0 -43 0 0 0 0 -44 0 0 0 32 34 0 0 0 0 0 0 0 0 -6 0 0 0 0 0 -25 0 -24 0 0 50 0 0 0 0 0 0 34 35 0 0 0 0 0 0 0 -21 0 44 -15 27 -23 0 0 39 0 0 0 12 0 0 36 0 0 0 0 0 -20 0 5 0 23 0 -10 0 0 0 0 0 -40 33 0 0 0 0 -22 0 0 0 0 0 0 0 0 0 0 0 47 0 0 0 0 0 0 0 0 0 0 0 0 0 -49 0 -15 -13 -9 0 0 0 1 0 0 -13 0 0 -2 0 0 0 0 0 0 0 0 0 0 -26 0 0 0 0 0 0 -13 0 -49 0 0 0 0 17 -13 22 -29 -24 37 0 0 0 0 -50 0 0 0 -1 0 0 0 0 20 0 -12 -25 0 0 0 -30 0 0 0 0 0 -18 0 0 -37 -48 0 0 0 0 6 
48 -42 -7 0 0 0 0 -25 0 0 0 0 0 -8 15 0 -49 15 0 0 0 0 0 0 0 0 0 0 0 0 -21 0 0 0 28 -21 0 -21 0 0 -22 0 0 0 0 0 38 0 0 0 0 49 0 0 0 0 0 -31 0 0 0 0 -45 0 0 0 -14 0 0 0 -33 0 0 -37 0 0 -25 0 0 0 0 0 0 0 40 0 0 0 0 0 0 -1 -22 0 0 0 3 0 0 -7 0 -4 0 0 -22 0 0 0 0 0 0 0 0 0 0 0 0 0 0 0 0 38 0 0 47 0 46 -11 0 0 0 0 0 8 0 0 0 43 0 28 0 -2 0 0 0 0 0 0 -25 0 0 0 0 0 0 -18 34 0 0 0 0 -19 0 17 0 0 0 0 0 0 0 0 0 0 0 0 -27 0 0 -36 0 0 0 0 0 33 -30 0 -8 5 0 -22 0 10 0 0 0 0 47 0 
0 0 -35 0 0 12 0 0 0 0 0 0 -34 0 -11 43 0 0 0 0 0 36 0 0 0 0 8 0 0 11 0 0 50 -5 0 0 -23 0 0 0 0 0 0 0 0 0 0 0 0 0 0 23 0 -20 0 0 30 0 0 0 0 0 0 0 0 0 0 0 0 0 0 0 -36 0 0 1 26 -22 0 0 0 0 0 0 0 0 0 0 0 0 23 0 0 0 0 0 0 0 0 0 17 32 0 0 0 0 0 0 0 0 0 8 0 -13 0 0 0 0 0 0 28 0 0 0 -50 0 0 30 0 0 15 0 0 0 0 0 23 0 0 0 0 -46 0 0 0 0 41 0 0 0 30 19 -34 0 24 0 0 0 31 0 0 0 0 0 43 0 -39 0 48 -14 0 0 0 41 0 0 0 0 0 0 40 0 0 -31 0 20 0 0 8 0 -8 0 0 0 11 0 0 0 0 0 
0 0 -4 0 0 0 0 47 0 0 0 0 0 12 0 0 0 0 -48 0 9 0 0 -28 0 -17 0 0 0 0 -17 0 0 0 0 0 0 0 0 0 0 0 -41 0 25 -38 0 0 -19 0 0 0 0 0 0 -30 0 0 0 0 -49 0 0 18 0 0 0 0 0 42 0 0 0 0 -28 0 0 -28 0 0 46 0 0 0 0 0 28 0 -15 0 -2 0 0 0 0 0 0 -26 0 0 0 -40 0 0 0 0 -19 0 0 26 0 0 0 0 0 33 0 0 0 -50 31 -47 0 0 0 0 0 7 0 0 0 0 0 8 0 0 -22 0 3 0 0 -25 0 -30 34 0 39 15 -46 -23 0 0 0 46 0 0 0 0 0 0 0 0 2 33 0 0 0 0 37 0 0 0 -23 0 0 0 0 0 0 0 0 0 0 20 0 0 0 0 0 31 -25 0 0 34 0 -5 31 0 0 -21 
-2 0 0 -32 -10 -19 0 0 -38 0 0 0 0 0 0 0 -20 34 0 0 0 -37 -27 0 0 0 0 -31 0 47 -32 0 0 -28 0 0 0 0 0 0 0 0 0 0 0 0 27 0 0 0 0 0 0 50 -45 0 0 -19 -50 0 0 7 0 0 -28 0 0 0 0 0 0 13 0 0 0 0 0 0 0 0 18 -12 0 0 0 0 0 0 0 34 0 0 0 3 0 0 0 0 0 13 38 0 22 0 0 34 0 0 0 0 12 38 0 0 0 0 0 0 -26 0 0 0 0 0 0 0 0 0 0 0 0 0 0 0 0 0 0 16 0 33 0 0 0 0 0 0 0 0 0 0 0 0 0 0 0 -46 3 0 0 0 0 0 0 0 0 24 -5 -43 0 0 -33 0 0 0 0 0 0 0 0 0 0 0 0 0 47 42 0 0 0 0 36 0 0 0 0 -19 0 -50 0 0 
0 0 0 0 36 0 0 0 0 39 0 0 0 0 0 15 0 0 0 0 -11 0 29 0 -29 0 0 0 -25 0 0 0 0 -42 0 -24 -17 4 0 0 -13 -29 0 0 0 0 -43 0 0 0 0 0 0 0 0 0 0 0 0 -46 0 1 0 -6 0 0 0 0 0 6 0 0 0 0 0 0 0 0 31 0 0 0 0 0 -3 44 0 -32 0 -13 -45 -46 0 0 0 -26 0 0 0 15 27 0 -3 0 0 0 1 49 0 0 0 0 -17 0 0 -45 0 0 0 0 0 0 0 -8 0 0 0 0 0 0 0 0 0 -30 -43 -2 0 0 47 50 0 0 -23 0 0 0 -35 0 0 0 0 0 0 0 0 0 24 0 0 -23 0 0 0 19 0 0 0 0 -14 -36 0 0 0 0 0 0 0 0 0 33 -9 0 0 32 0 0 0 0 0 0 19 0 0 0 0 37 0 -24 0 0 
37 0 0 0 -12 0 0 0 0 44 0 -17 0 0 0 0 0 0 0 0 0 -44 -22 0 0 0 0 -41 -44 0 0 0 0 0 0 0 0 0 0 0 0 0 0 29 0 -4 38 0 0 0 0 0 0 0 0 0 0 40 0 -45 0 0 3 20 -1 0 0 -12 0 0 0 0 0 0 0 0 0 0 0 0 0 0 0 -50 0 0 21 44 0 -37 -7 0 0 0 0 0 0 0 -12 0 0 -35 0 0 0 21 35 -23 0 -25 0 0 -20 32 0 50 -43 13 38 0 0 0 0 0 0 0 -36 0 0 0 0 0 0 0 0 33 0 0 0 25 0 0 0 -38 0 -47 0 0 39 41 0 -23 0 0 0 0 0 0 0 34 0 0 -23 0 49 39 -28 8 37 0 0 0 0 0 -39 0 0 -5 0 0 0 0 7 0 0 0 0 0 0 0 39 0 32 -5 0 0 0 29 41 37 
0 22 -48 0 0 0 0 0 0 -12 0 48 0 0 0 46 21 44 45 17 0 0 0 0 -22 0 14 0 0 7 35 0 0 0 0 0 -16 0 0 0 -38 2 0 0 31 26 -14 34 0 0 0 -34 0 23 0 0 0 0 0 0 0 7 0 0 0 0 0 0 5 0 0 11 17 0 0 0 0 0 0 0 0 0 0 0 0 0 0 0 0 -3 0 0 0 -7 0 0 13 15 0 -48 0 0 0 5 0 -41 0 -20 0 0 0 0 0 11 47 0 0 0 -41 0 0 0 0 0 0 0 0 0 -48 0 0 0 0 6 0 4 0 0 0 0 0 0 39 -11 0 0 0 0 0 0 -9 0 0 0 0 2 0 0 0 0 0 0 0 29 20 0 0 0 50 0 0 0 0 -35 0 47 46 0 0 19 5 0 0 0 -38 0 0 0 0 0 0 -14 0 0 0 0 0 40 -31 0 
35 0 49 0 0 0 0 -1 0 0 0 0 0 46 -12 0 0 0 0 0 0 35 0 0 35 0 0 0 -43 0 0 0 0 0 0 0 0 -43 0 0 0 22 0 0 0 0 0 0 0 0 0 12 0 0 0 12 0 19 0 -41 -42 0 0 32 0 0 0 0 -11 0 0 0 -31 47 0 0 0 0 0 0 0 0 0 0 0 -42 0 18 0 0 0 0 0 0 17 0 38 27 0 0 0 0 -47 -33 5 -16 0 0 0 9 0 0 0 -24 0 0 0 0 0 0 0 0 0 0 0 50 0 0 0 0 0 0 11 0 0 0 43 -42 0 18 0 0 0 -1 -11 0 0 0 -20 0 0 26 0 0 0 0 0 0 45 -15 -33 44 40 0 0 0 -16 0 0 0 0 0 0 0 -39 0 0 0 0 0 30 10 0 0 0 0 -43 0 0 0 0 0 38 0 13 -41 0 0 46 49 
0 -28 0 0 0 0 0 0 0 0 0 0 0 0 0 0 0 0 0 19 0 0 -32 0 0 -48 -14 0 0 0 0 0 0 -21 21 0 0 0 37 0 31 0 0 -24 -32 -43 -34 28 -4 0 -14 0 0 0 0 0 0 0 0 -29 9 0 0 0 0 40 0 -9 0 0 0 0 0 0 28 -23 23 0 0 0 0 0 0 27 0 0 0 0 0 -9 0 -16 0 -4 32 -40 0 0 -35 0 0 0 0 0 0 0 0 0 0 0 -16 0 0 0 -25 0 -36 0 0 0 0 0 0 0 0 0 0 -41 0 0 0 0 0 0 0 0 -14 0 0 0 0 0 0 0 -1 16 0 24 0 0 -21 0 34 -10 0 -6 0 0 0 -47 0 12 0 0 0 0 0 0 -13 0 -16 0 0 0 0 0 16 45 0 9 0 0 0 0 0 0 0 0 0 0 0 0 0 0 0 0 0 0 -35 0 
-30 0 -7 4 16 0 0 -3 0 0 0 0 0 0 21 0 0 0 0 0 27 0 0 0 0 0 0 0 0 -23 0 0 0 -2 0 0 0 32 0 0 0 -50 0 0 0 0 20 0 0 0 0 0 0 0 0 10 0 0 -24 0 0 0 0 -5 0 0 0 0 0 31 0 0 0 0 0 0 0 0 -14 3 0 0 0 0 0 -30 0 0 0 0 0 0 0 0 0 0 22 -3 0 0 -47 0 0 -30 -46 0 0 -37 43 0 0 0 0 -21 0 0 0 0 0 0 0 -24 0 -6 0 0 -50 -44 5 0 0 0 0 0 0 0 0 0 0 0 0 0 0 0 0 0 0 0 31 0 0 0 0 0 5 -33 0 -11 29 23 26 0 0 0 30 0 0 0 0 0 0 0 0 0 0 0 0 0 14 -9 0 0 0 33 0 0 30 0 0 0 48 0 -9 0 0 0 0 0 0 0 
-23 0 0 0 -11 0 -7 0 0 0 0 0 7 0 0 0 50 0 -41 18 0 0 0 0 0 0 0 0 0 -14 34 30 0 0 0 0 0 0 0 0 0 0 0 0 0 -16 -37 0 -32 0 0 0 0 0 0 0 0 40 0 0 33 0 -13 0 0 0 0 0 0 22 0 0 0 0 8 0 0 0 0 -44 0 0 0 0 0 0 0 1 0 0 0 2 0 0 0 0 0 0 0 5 -33 0 -30 0 0 0 4 46 0 0 0 0 0 0 0 0 0 0 0 0 0 -40 0 3 -13 0 0 0 0 0 0 0 0 0 0 0 0 0 0 0 0 0 0 0 0 0 -33 0 0 0 0 0 0 0 0 0 0 -35 0 0 0 0 0 0 0 -16 48 0 0 0 0 0 0 -48 0 0 0 -40 -15 -32 0 -29 0 0 0 0 0 -48 0 0 0 0 -13 0 0 -45 0 0 1 0 
0 0 0 10 0 0 0 47 0 -44 -20 0 0 39 12 0 0 0 0 49 0 0 0 0 0 12 0 0 0 0 -16 0 0 0 -8 0 0 0 5 -44 -9 0 -19 0 49 0 0 0 -17 0 0 0 0 0 37 0 0 -22 0 0 0 0 0 29 0 -25 12 32 0 0 -49 0 0 -39 0 0 0 17 0 -34 0 0 43 0 -40 0 0 0 0 0 0 13 0 -22 0 0 0 0 0 0 5 0 -46 0 0 0 43 0 0 0 30 0 -4 0 0 0 -9 0 0 0 0 0 0 0 0 -5 0 -29 -32 0 0 -50 0 0 36 0 0 -22 0 -27 0 0 0 0 0 -16 0 -40 0 0 0 0 0 0 0 0 0 10 13 0 0 0 0 0 0 0 0 -34 0 -47 41 23 0 0 0 0 25 0 39 0 0 0 0 0 0 0 0 0 34 0 0 0 8 0 0 0 -35 0 0 -5 
0 0 0 0 0 0 0 35 0 0 0 0 0 10 40 0 0 0 0 0 6 0 45 41 0 0 -12 0 30 0 27 -46 0 0 0 0 0 0 0 0 0 0 0 0 0 0 0 0 39 0 0 21 0 0 0 0 0 0 0 0 0 0 0 9 0 0 0 0 0 0 0 0 0 0 0 0 0 -32 26 0 0 0 22 0 -14 0 0 0 0 0 0 7 47 0 0 0 34 0 21 -41 -16 0 0 0 0 0 0 0 50 0 6 45 0 0 -27 -18 0 0 0 0 0 0 0 43 0 0 46 0 0 28 0 -5 -42 0 0 0 31 -22 21 0 0 45 0 0 -19 34 -33 0 -8 0 0 0 -19 0 0 0 32 0 0 0 0 0 0 0 18 0 0 -40 0 0 50 0 0 0 50 0 -33 0 -47 0 0 0 37 0 0 0 0 0 0 0 -4 0 0 0 18 30 0 50 0 0 
0 0 0 0 -41 0 0 -7 -7 0 0 -36 0 0 2 0 0 47 0 0 0 31 0 0 0 0 0 0 0 0 0 0 0 0 0 -22 0 -19 0 -34 0 0 0 0 0 -7 8 -21 0 -42 0 0 10 -43 0 32 16 0 46 0 -49 0 0 0 45 0 0 0 -36 0 0 0 0 0 11 0 0 0 0 0 31 0 0 0 -15 37 0 0 17 0 0 0 0 0 0 -19 0 1 35 0 0 0 0 4 43 0 0 0 0 0 0 37 -1 -41 -35 0 0 0 0 22 0 0 0 0 0 -36 0 -45 19 0 -23 0 0 34 28 0 -40 0 0 -22 0 36 14 0 0 0 0 0 0 0 22 0 0 0 0 0 0 34 0 0 0 0 0 0 0 0 0 0 0 -29 0 0 0 0 0 0 0 0 0 0 -50 38 0 0 0 0 0 0 0 -1 0 -40 0 0 0 16 -33 0 30 0 
0 0 14 15 0 0 0 0 0 0 0 0 0 -26 0 0 0 0 0 -37 0 0 0 0 0 0 -29 -44 0 -25 -36 0 0 0 0 9 0 -21 0 0 0 0 0 0 0 0 0 0 0 0 0 0 -45 0 -25 0 0 0 0 -2 0 0 0 0 0 0 0 -46 0 0 0 0 0 20 0 0 0 0 0 0 0 0 0 0 0 0 -38 0 0 37 0 0 0 0 0 0 0 49 -23 -20 0 0 -37 46 0 0 0 0 0 29 0 0 0 0 0 0 0 -16 0 0 -8 0 0 -35 0 0 0 -20 0 0 0 0 -6 0 0 0 0 0 0 0 -40 0 0 0 0 0 -29 0 0 47 16 6 27 0 0 0 0 0 -50 0 0 0 -32 0 0 0 0 0 1 0 0 0 0 0 -5 0 0 0 -4 0 5 0 0 0 0 -30 0 -21 0 0 0 0 0 0 0 0 0 40 0 0 
0 0 0 0 0 0 0 0 -44 0 0 -26 0 -24 0 0 0 0 0 -30 0 0 30 0 -34 0 0 -24 0 0 0 42 0 0 0 0 0 0 0 -18 0 0 0 0 0 0 0 0 0 -37 -46 -33 0 0 0 0 0 38 0 0 -19 0 26 0 0 0 0 -44 0 0 -26 0 0 35 0 0 5 0 0 0 16 0 -25 -37 0 -22 0 0 0 0 0 0 0 0 0 0 0 0 0 0 0 0 43 0 0 50 0 0 0 0 -32 0 0 0 0 0 0 42 0 -26 0 0 -37 0 0 0 0 0 0 0 0 0 0 0 0 0 0 0 0 0 0 -13 -50 0 0 0 17 -26 0 8 -3 0 0 37 0 0 0 0 0 -3 0 0 0 0 0 -40 0 0 0 46 33 0 0 -3 0 0 0 0 0 0 -45 44 0 0 26 0 0 0 0 0 0 -36 0 -23 13 43 -32 0 0 -29 
0 0 31 -38 -33 0 0 0 0 0 0 0 0 0 0 -40 0 0 0 0 0 47 0 0 0 -26 0 0 1 41 0 0 31 0 0 0 3 -36 0 0 -20 0 0 0 41 0 33 0 0 -30 -3 0 0 2 0 0 0 28 -41 0 0 0 -1 -50 0 0 -22 4 0 0 0 0 0 19 14 0 0 10 11 37 -25 -30 33 0 -35 1 0 0 0 0 0 0 0 0 0 26 0 0 -25 0 9 0 0 0 0 0 0 29 0 0 0 0 0 -33 0 0 0 44 0 -4 0 0 0 0 0 23 0 0 40 -6 0 47 0 -21 0 -16 -37 -43 0 -43 0 0 -48 0 0 0 0 0 0 0 0 0 1 0 0 0 0 0 0 0 0 22 0 0 0 0 0 0 -38 0 28 17 0 0 0 0 0 21 0 -9 36 -22 0 0 0 0 0 0 -2 0 -44 0 0 -17 8 0 0 0 0 0 
-23 0 0 0 -26 -36 0 0 4 25 -21 0 3 0 0 -30 0 0 0 0 0 0 0 0 0 0 0 0 34 0 0 0 -32 20 -46 -15 0 0 0 -32 0 0 0 0 0 0 0 0 -9 0 0 0 0 0 0 0 -32 42 0 0 0 -26 -5 -38 0 0 -19 0 0 -14 0 -34 17 -44 0 0 0 0 0 0 0 0 0 0 -43 -34 -8 0 0 -39 0 -45 0 0 0 0 12 0 0 0 0 -16 0 0 30 6 0 0 -32 0 39 0 0 0 0 -1 28 0 0 0 -11 0 0 0 -30 0 0 0 0 -4 0 0 0 0 0 0 0 -29 0 0 0 46 0 -38 39 0 0 0 0 -42 0 0 -16 0 4 0 0 0 0 0 0 -24 0 0 0 0 0 0 0 0 0 0 0 0 0 13 0 0 0 -40 0 0 0 0 46 45 -1 0 -38 0 0 0 45 0 0 0 0 -15 0 0 
-40 0 0 0 0 0 12 0 0 0 -20 0 0 0 0 0 0 6 0 0 0 2 0 0 0 0 0 0 0 34 0 0 0 0 0 0 0 0 41 12 5 -34 0 0 0 0 8 0 0 0 0 0 -24 0 0 0 0 0 0 0 0 0 0 28 0 0 0 0 0 0 -12 0 0 -45 0 0 0 0 0 0 0 50 0 -3 0 0 0 0 10 -39 0 23 0 0 8 0 38 0 0 0 0 0 0 0 0 45 37 0 0 0 0 3 0 0 -22 0 0 0 29 0 -49 -34 0 0 0 3 0 0 0 0 0 0 29 21 4 0 0 43 0 0 0 15 0 0 0 0 0 0 0 18 0 0 0 0 0 0 19 -33 0 0 -45 -21 0 0 0 28 0 25 -20 0 0 0 0 0 0 -46 0 0 0 0 0 -43 0 0 -38 -21 0 0 0 0 -41 0 0 0 0 12 0 0 0 -9 
0 0 0 0 0 0 0 18 0 0 0 0 0 0 42 -37 0 0 40 0 0 -12 0 -42 0 0 0 0 3 0 0 -21 -18 0 0 -5 0 0 0 0 42 0 0 0 0 49 0 0 -3 47 0 0 -47 0 13 0 0 1 0 0 19 11 50 0 -1 -10 -45 0 43 -8 0 0 0 0 0 0 0 0 0 0 0 0 0 0 44 29 0 -47 46 7 0 0 0 0 0 0 0 -17 -20 0 0 0 0 0 -4 0 -1 0 0 0 0 0 -42 0 4 0 0 0 0 0 0 0 0 0 0 41 0 0 0 0 0 -18 0 -21 0 0 0 0 -41 35 4 33 -18 0 0 34 0 0 0 0 0 0 3 0 0 0 0 19 0 0 0 7 0 -42 2 -3 0 0 -31 0 0 36 0 0 17 0 33 0 0 0 0 25 0 0 0 0 0 0 0 0 0 38 0 0 0 -10 0 38 0 0 
4 21 0 0 0 0 0 0 0 0 0 29 -24 0 0 0 0 0 0 0 0 0 0 0 0 0 0 0 0 29 0 0 0 0 43 0 0 0 0 0 0 0 0 0 2 0 0 0 0 0 0 0 0 0 0 4 39 0 -41 0 0 0 5 0 0 0 0 0 46 0 0 15 0 -23 0 0 0 0 0 10 0 0 0 0 0 0 0 0 0 0 0 11 0 0 -13 0 0 0 32 11 -24 0 -21 0 0 0 -41 0 0 -33 0 0 0 0 0 0 0 0 0 0 0 0 0 0 -25 0 19 0 0 0 0 0 0 0 0 0 0 21 0 -39 0 8 0 0 0 0 0 0 0 0 0 0 0 0 0 -10 33 0 -44 0 0 0 0 0 0 0 0 35 47 0 37 0 0 0 2 -16 0 0 0 0 0 4 0 -5 0 14 50 0 0 0 0 0 0 -20 0 0 0 0 0 -8 
26 50 0 0 0 0 0 0 -45 32 0 0 43 0 6 0 23 20 0 37 0 0 49 -24 0 0 -26 13 0 0 0 49 0 0 0 0 0 -12 0 0 0 0 0 0 0 0 0 0 0 0 0 0 0 0 0 0 0 0 0 0 0 0 46 0 38 0 0 0 0 0 0 0 0 8 0 0 0 0 0 0 0 0 0 0 0 0 -2 -38 31 0 0 0 0 0 0 0 0 0 0 47 0 -25 0 0 0 -27 -35 0 0 0 0 -22 4 0 0 0 0 0 40 0 0 0 0 0 -18 0 0 0 0 0 0 0 0 0 0 0 0 36 0 0 -11 0 0 0 43 0 0 44 38 0 -20 41 13 22 0 0 -27 0 0 0 0 0 0 0 0 13 0 0 0 0 0 -7 0 0 0 0 0 0 42 45 0 0 0 0 19 0 0 0 -20 0 0 0 0 0 0 0 0 5 23 -49 
0 0 0 0 0 0 -8 0 0 0 -27 33 0 0 0 0 0 -5 0 0 0 0 0 0 48 0 34 0 47 0 19 -42 11 0 0 0 0 0 0 0 0 0 0 0 0 0 30 48 0 22 0 0 -35 0 0 0 0 0 0 0 0 0 0 0 0 0 0 0 -3 0 0 0 0 0 0 0 0 0 7 0 0 -25 0 0 -15 0 0 0 32 44 0 0 0 0 0 33 0 -45 50 0 0 0 0 0 0 -18 0 0 0 0 -1 0 0 0 0 0 0 0 0 0 0 0 0 0 40 0 0 0 20 0 15 0 0 0 0 0 -48 0 0 0 0 -25 0 0 0 0 0 0 0 0 0 0 0 0 0 0 0 0 0 0 0 0 -30 0 0 0 0 47 0 0 0 0 0 0 4 -14 0 2 0 0 0 0 0 0 0 0 0 0 0 -14 0 1 0 -45 -10 0 0 0 0 -21 
0 0 0 0 -47 0 -30 44 0 0 0 0 0 0 0 -42 47 0 -40 0 46 0 15 0 0 41 0 11 -20 0 0 6 0 -16 0 0 0 0 0 0 0 -18 -6 0 0 39 0 -10 0 0 0 30 0 0 -24 -12 0 0 0 0 -50 0 0 0 0 0 -36 -39 0 -20 0 0 0 0 0 29 -18 0 0 -5 0 0 0 0 0 25 0 0 0 0 0 0 0 0 0 0 0 0 -43 0 0 -36 0 0 -9 0 0 0 0 0 28 0 0 0 0 0 -10 0 0 0 0 0 0 0 0 0 -13 0 -25 0 -38 0 0 0 0 0 0 13 0 0 -27 0 0 0 0 5 0 0 0 0 0 -30 36 -46 -37 -44 0 29 0 0 14 10 0 0 0 0 0 -47 -44 0 0 0 0 0 0 0 0 0 0 0 0 -5 0 -7 0 0 0 0 0 0 0 -17 0 7 -42 50 0 0 0 0 
0 0 0 0 0 0 -21 -3 0 0 0 23 0 0 0 32 17 2 0 8 0 0 -5 -26 0 -15 0 0 0 0 0 0 46 0 0 0 0 0 0 -48 0 0 0 0 0 0 0 -48 0 0 0 0 0 0 0 -40 -7 0 0 0 0 0 0 0 0 0 0 0 0 0 0 0 3 -29 0 19 -22 0 0 0 0 0 0 0 0 0 2 0 8 -15 0 0 0 0 0 0 0 0 13 0 0 0 0 0 0 0 0 -16 42 44 0 0 0 0 0 0 0 -46 -43 0 -17 -8 -38 0 40 0 0 0 0 0 0 0 0 0 0 0 0 0 0 -4 0 0 0 0 -46 45 0 0 0 -40 3 0 -14 0 0 0 -3 0 0 0 42 0 0 0 0 0 0 0 0 0 -4 0 0 0 -26 -14 0 13 0 -13 0 0 0 0 0 0 0 0 0 24 0 0 0 4 34 5 0 0 0 0 
0 0 0 0 0 0 0 0 41 0 0 0 0 23 37 0 0 0 0 0 0 0 37 0 0 37 0 24 0 2 0 0 0 0 0 0 43 -18 0 33 0 0 -5 0 0 0 0 0 0 0 0 0 0 0 23 0 0 -31 0 5 0 -23 0 14 0 0 0 0 0 -13 0 0 0 -43 -6 0 0 0 0 -37 0 -39 0 0 -49 0 -5 0 23 0 0 0 0 0 0 0 -26 0 38 -41 0 0 0 0 0 0 0 0 0 0 0 29 0 0 40 0 0 -43 0 0 -41 0 0 0 0 0 0 0 -41 -21 -30 0 0 17 48 -4 0 0 0 0 18 -1 0 0 -43 0 0 0 0 0 0 0 0 0 0 0 0 0 0 0 0 -32 0 0 0 32 0 0 -23 0 12 0 0 0 0 0 0 -14 12 -26 0 -10 50 0 0 -21 0 47 0 0 3 0 0 0 0 0 0 0 0 0 
0 0 0 0 0 -20 0 -42 0 0 0 0 -15 40 0 0 0 -46 -28 0 0 0 0 0 0 0 -50 0 0 0 22 0 0 0 -46 0 -18 0 0 0 0 0 -42 0 9 0 0 0 43 0 0 0 0 0 0 0 0 0 -31 43 0 0 0 0 0 -48 0 0 0 0 0 -42 0 0 1 0 0 8 0 -21 0 0 -35 0 0 0 -12 0 8 0 23 0 -49 0 0 -50 0 0 0 0 0 0 0 0 0 0 22 0 -26 -4 0 0 0 0 0 0 0 0 0 36 47 0 0 29 0 0 0 0 6 19 0 0 0 0 0 0 0 21 -5 0 0 0 0 0 0 0 0 0 0 0 0 0 0 0 0 0 -38 32 0 0 0 0 0 0 0 6 0 0 0 0 0 0 0 -24 0 0 0 0 0 0 0 0 0 -38 0 -27 0 10 0 0 0 -11 0 -30 0 0 0 0 0 0 
0 0 0 0 0 0 0 34 0 0 3 0 0 0 0 0 -29 0 0 0 0 29 0 -10 0 -39 0 0 0 0 0 32 0 0 0 0 0 -40 0 20 0 0 -8 38 -23 0 0 0 0 -11 0 0 0 -49 1 -14 0 0 -34 0 0 0 0 29 -38 0 0 9 0 2 0 0 0 -32 0 0 0 0 0 0 0 0 42 0 0 0 -17 0 0 -26 0 0 0 0 28 31 0 0 0 0 0 0 0 0 0 0 0 -8 0 0 -11 -49 0 0 0 0 0 -17 -41 47 -41 0 0 0 0 0 0 28 49 0 0 -22 0 0 0 0 18 0 0 0 0 0 0 0 0 0 0 0 0 0 -8 0 0 -6 16 0 0 50 0 10 0 0 33 0 0 0 0 0 0 0 0 0 0 0 0 0 0 -40 0 0 0 0 0 -29 -1 0 0 0 0 -11 0 -2 0 0 22 0 0 -1 32 0 
0 0 0 -11 0 0 0 -29 0 -11 21 0 0 0 0 0 0 6 0 0 0 0 0 0 -11 29 0 0 0 0 26 0 0 0 0 0 0 -40 0 0 27 0 0 0 0 44 43 0 26 0 -34 0 47 0 0 0 0 0 0 46 0 0 0 0 0 0 21 0 0 0 0 0 0 0 0 21 0 0 32 0 0 0 0 0 0 0 -33 0 0 26 0 0 -15 38 0 -47 0 0 0 0 0 0 -24 -40 0 0 0 0 0 0 0 -34 0 0 0 0 0 -8 0 0 0 0 -23 0 0 0 45 0 0 -12 0 0 49 0 37 0 0 0 9 0 0 0 0 0 0 0 0 0 0 27 0 0 0 0 0 -23 26 0 49 0 -5 0 47 0 0 0 0 -41 0 0 5 0 0 0 0 20 0 0 -14 0 2 0 0 0 0 0 41 0 0 -45 0 -7 -48 0 0 0 0 0 23 20 
0 0 0 0 46 0 0 -33 14 40 0 2 40 -18 -12 0 27 -6 0 -5 -50 0 0 31 -28 0 0 0 0 31 -49 0 -42 -14 0 0 0 0 0 0 0 -3 0 0 -30 0 0 0 0 0 0 -21 45 0 0 0 -39 -29 0 0 0 45 0 0 0 0 0 0 0 0 0 30 46 0 0 -49 -37 0 0 0 0 0 0 0 0 0 -6 0 0 0 -33 0 -13 0 0 0 0 0 0 0 0 0 0 0 0 0 0 0 -37 0 0 0 0 0 0 0 0 -38 0 0 0 -23 0 0 0 0 -38 0 0 16 0 0 0 0 0 0 0 8 0 -14 -14 0 0 1 0 13 0 0 0 0 0 0 0 0 -23 19 0 0 0 0 -40 0 0 0 0 0 0 -34 0 0 0 39 37 0 0 0 0 -15 20 0 0 -14 0 0 0 0 0 0 -12 0 -3 -40 0 40 0 0 0 0 0 0 
0 0 0 0 18 0 -4 0 0 0 0 0 0 0 0 0 0 35 0 0 27 0 0 0 0 0 0 18 0 0 0 0 -16 -15 16 0 0 0 0 30 0 0 -48 -49 0 0 0 34 0 15 0 0 11 0 -46 15 0 0 0 0 0 0 0 0 0 0 0 0 -2 0 0 0 0 -50 16 0 0 0 -32 0 20 0 25 0 -45 0 -3 -4 0 5 0 19 -9 0 0 0 0 -8 0 0 0 0 -6 3 0 43 0 -35 0 0 0 0 0 0 0 0 0 0 0 29 0 0 0 0 30 0 26 0 29 0 48 0 0 -40 0 0 -25 -30 0 0 0 0 0 0 0 0 39 27 -6 0 0 0 16 0 0 0 0 0 0 0 0 0 0 0 36 0 0 0 -1 42 0 0 0 0 0 0 0 -14 0 3 0 36 24 0 0 7 0 30 0 -24 0 0 0 0 0 0 -20 0 0 0 
0 -24 -4 29 0 0 0 0 0 0 0 0 0 0 -38 0 0 0 0 0 -6 0 0 0 0 0 0 0 0 0 0 -37 0 0 0 0 0 0 0 0 0 0 0 46 0 0 0 0 0 0 -14 0 0 0 0 14 0 -11 0 0 0 0 0 -6 0 0 0 0 0 6 33 -41 -21 0 0 0 0 -28 0 0 0 0 0 0 -39 0 0 0 -2 0 0 0 0 47 -50 0 0 0 0 0 0 0 0 -13 0 0 0 0 0 0 -30 0 0 -25 -18 40 0 40 0 0 0 0 0 30 0 0 0 -27 0 0 37 0 -46 30 -50 0 0 0 0 0 0 0 0 0 0 -31 -12 -24 0 0 0 0 -6 0 17 0 0 0 0 0 0 0 0 0 0 0 0 32 0 0 0 9 0 0 0 0 0 0 -6 0 19 47 0 0 0 0 0 -41 50 0 0 -40 0 0 0 0 0 0 0 0 
0 1 0 0 0 0 31 0 0 0 0 32 0 0 0 0 0 0 0 0 0 -48 0 0 1 0 0 0 0 0 0 0 0 0 0 0 0 -21 -14 0 22 0 0 0 0 0 0 -14 0 0 -39 6 0 0 0 0 0 0 0 0 0 0 0 -31 0 0 0 0 -13 16 0 0 27 24 0 -46 0 0 0 0 19 0 0 0 0 -5 0 0 0 0 0 -42 0 0 0 0 0 0 0 0 50 0 0 0 -5 0 -36 0 0 23 0 3 41 0 0 0 0 0 0 0 0 0 0 0 0 0 0 39 0 0 0 0 0 0 0 0 0 0 0 0 -3 33 -44 44 0 0 0 0 0 0 0 0 45 -44 0 -9 31 0 0 0 0 0 0 -4 0 0 36 -16 0 0 0 0 42 0 -8 0 0 0 0 0 -50 0 0 0 0 0 6 36 0 0 0 0 0 49 0 0 0 0 -8 0 
0 0 7 0 0 0 0 0 0 0 20 0 0 0 -33 -36 0 0 25 0 0 -50 0 50 0 -48 0 0 -27 0 0 34 32 -7 0 0 -12 0 0 0 -3 0 14 0 0 0 0 0 0 0 0 -49 0 0 0 0 0 -29 0 -43 0 -23 0 -22 0 0 0 0 0 0 0 0 -8 0 -15 0 0 0 38 0 -38 0 0 0 0 0 0 0 0 -44 0 0 0 46 0 0 0 0 -36 0 0 0 -50 0 0 46 0 0 0 0 0 0 0 19 0 0 -13 0 0 0 0 45 -38 26 0 0 0 0 39 42 0 20 0 0 0 0 0 0 -8 0 11 18 0 34 0 0 0 0 0 0 0 0 0 0 -36 -46 0 -42 0 0 36 0 0 0 0 0 0 0 0 0 32 -26 0 0 0 0 0 0 0 0 10 -26 0 -32 0 0 0 0 0 0 0 7 0 0 -45 0 0 0 0 0 
0 0 0 0 0 0 0 0 -13 0 27 0 0 0 0 0 0 0 38 0 -18 0 0 0 -9 0 17 0 0 0 0 0 0 5 0 33 0 9 -27 0 0 0 0 0 0 0 0 0 0 0 0 0 0 0 15 0 -22 0 0 0 -29 -23 0 0 0 -12 0 0 0 0 -28 0 19 0 0 0 -29 33 0 0 0 0 0 0 0 0 0 0 0 0 0 0 1 -11 30 7 0 0 0 0 0 -41 -44 0 -29 0 -45 -20 0 0 0 0 0 0 0 0 0 0 0 0 28 0 0 0 -27 39 0 43 0 27 0 -38 0 0 0 0 0 -27 0 0 0 0 0 0 -49 -25 0 -7 -3 45 47 -30 0 0 -25 0 0 0 0 0 0 0 0 0 0 -6 0 0 0 0 0 36 -42 0 0 0 5 0 0 0 -30 0 0 0 -7 0 0 -21 0 -17 0 26 0 0 48 38 0 0 0 0 
0 0 0 0 0 0 0 0 0 0 -39 0 0 0 0 0 -41 0 0 0 0 0 0 0 -39 0 0 0 0 0 0 0 0 0 0 0 -28 0 0 0 0 0 0 0 0 0 0 0 32 0 0 0 0 0 0 10 0 0 0 0 0 0 0 0 -49 0 -46 0 -5 0 0 30 0 0 0 -25 0 0 0 29 0 0 0 0 0 0 0 0 0 0 0 7 0 0 0 0 0 0 0 -48 0 0 5 0 -32 0 19 0 0 40 0 0 0 0 0 20 -25 0 -41 6 49 0 0 29 0 0 39 0 -26 0 0 0 0 0 0 0 0 37 -37 0 0 0 0 0 0 34 0 0 0 0 0 0 0 0 0 0 0 0 0 23 0 0 0 0 0 -42 0 22 0 0 0 0 0 0 0 0 0 0 -41 0 0 -30 0 0 0 0 0 0 0 0 0 13 0 -45 0 0 0 0 0 0 
0 0 16 -1 0 12 -44 0 0 0 0 0 0 0 0 0 0 0 22 0 0 0 39 0 0 0 0 0 -32 0 0 0 0 41 0 0 0 0 -40 -42 0 0 -39 0 0 0 -35 32 0 37 0 0 0 -10 -35 0 0 0 0 0 0 0 0 -10 0 -8 29 0 0 0 0 0 0 0 0 22 0 0 0 -5 0 0 12 0 22 46 0 -13 0 41 0 34 0 0 0 0 0 0 0 0 0 0 0 0 0 28 0 0 0 -6 -4 0 0 0 0 0 0 0 -21 19 0 -12 16 0 0 0 42 27 0 0 0 0 0 0 16 0 0 0 0 0 0 0 0 27 0 0 0 0 41 0 0 0 0 -41 0 0 17 0 0 0 0 0 0 0 0 27 0 0 0 0 0 0 -39 0 19 0 40 0 0 0 -26 0 0 0 0 0 50 0 34 0 -36 0 0 0 -26 0 0 -24 0 0 
-49 0 0 0 30 0 0 -49 0 0 0 0 0 0 0 0 0 0 -11 0 0 0 0 0 0 0 0 -44 -8 0 0 0 -20 0 0 0 0 0 0 0 8 0 0 0 0 0 7 -35 0 0 0 0 0 0 0 0 19 45 0 11 0 0 0 0 0 0 0 0 0 0 0 0 28 -23 22 0 19 0 0 0 0 0 0 0 0 0 0 0 -49 0 0 0 -13 0 15 0 0 0 0 0 0 0 0 0 0 0 -23 0 0 0 0 0 0 0 0 15 -38 0 -30 0 0 0 0 48 37 0 0 0 0 0 0 0 0 0 -35 27 0 0 0 43 0 30 0 -44 -18 0 0 0 29 0 0 0 5 0 0 0 0 0 0 5 0 0 0 -39 0 0 0 0 17 0 0 0 0 0 0 -25 -6 0 0 29 0 0 0 0 0 0 0 0 0 -47 0 0 0 0 0 0 0 -34 0 0 
-1 0 0 0 0 0 0 -41 0 4 0 -35 0 33 0 0 0 0 12 -39 41 0 0 0 0 0 0 0 0 0 24 0 0 4 50 0 -28 0 0 0 0 -49 0 0 0 0 0 0 0 0 0 -22 0 -46 0 0 1 -12 0 0 0 0 -4 3 0 0 0 -46 0 0 0 0 0 0 0 0 0 0 0 0 0 0 0 0 0 44 0 0 0 0 -12 0 0 0 0 0 0 0 0 0 0 0 0 0 -50 -5 0 0 0 47 0 0 -18 0 0 0 0 0 0 0 -22 0 0 0 0 0 20 -38 0 0 0 0 0 0 0 3 0 47 -16 0 14 0 34 0 0 0 14 0 0 25 12 0 0 0 0 0 -12 0 42 0 0 0 0 -19 -27 0 0 0 0 0 0 0 42 0 0 -16 0 0 0 0 1 0 0 5 0 0 0 0 -17 -37 0 0 0 0 0 0 0 0 0 0 
0 0 0 0 0 0 0 0 0 0 36 0 0 21 0 0 0 -6 0 15 -2 -1 0 -35 0 0 0 21 0 0 0 0 0 0 0 0 0 0 0 0 -21 17 -43 0 0 0 -24 0 0 0 0 3 0 0 0 0 0 0 0 0 0 0 44 0 33 0 0 0 0 0 0 -21 0 0 0 0 0 0 42 8 0 28 0 0 33 0 24 0 0 46 0 0 0 0 0 0 0 0 0 0 11 0 0 0 0 -42 0 -6 0 0 0 29 0 0 0 0 0 0 0 0 0 49 0 0 -46 0 0 0 0 0 0 0 0 5 0 30 0 0 25 0 0 0 23 0 -49 0 0 0 0 0 0 0 0 0 17 0 -45 0 0 0 -24 0 0 -46 0 0 0 -31 0 -24 0 0 0 0 0 0 0 0 0 -3 0 -43 0 -25 0 24 0 18 -18 -20 1 -18 3 0 -30 0 0 -7 -28 0 
0 -31 0 -49 0 0 0 -18 0 0 0 0 0 0 0 44 0 0 -40 0 37 0 0 0 11 0 0 0 0 1 0 11 -37 0 0 -7 0 0 0 5 -22 0 0 0 0 0 0 0 0 0 0 0 0 0 0 0 34 0 13 0 -14 0 0 0 0 0 0 0 16 32 0 0 0 0 0 0 19 0 0 0 0 0 0 0 0 -13 0 0 0 0 -35 0 -2 8 0 8 0 -30 0 6 0 0 0 0 0 0 34 0 0 -21 0 21 -21 0 0 0 0 0 17 0 0 0 0 -40 30 0 0 0 0 0 0 0 5 0 0 0 0 0 -18 0 0 1 0 0 0 0 10 -40 0 0 -4 0 22 0 0 0 -26 0 0 -12 0 0 0 0 0 0 0 0 1 9 43 0 0 0 0 0 2 0 0 0 19 0 0 0 15 0 -27 -19 0 -14 0 0 0 0 0 0 0 0 10 0 
41 0 0 0 0 0 0 0 12 0 0 0 0 0 0 0 0 3 -10 0 0 0 0 0 11 0 0 0 0 0 0 0 0 0 0 0 0 0 0 0 0 -21 0 0 0 0 -39 0 -27 31 -7 0 0 0 0 -13 0 0 0 0 0 0 0 0 0 0 -29 0 0 0 0 0 0 0 0 6 -31 0 0 0 0 0 0 -5 0 0 21 -40 0 -7 0 16 0 0 0 0 0 -43 0 0 0 0 0 0 36 0 28 0 0 0 0 4 0 0 0 0 0 0 48 0 0 37 0 0 -50 0 0 0 0 16 -35 0 0 0 19 -21 -31 46 0 0 0 0 -23 18 -11 0 0 0 0 0 37 -33 0 11 0 0 0 -28 0 0 2 0 0 31 0 0 -36 -26 0 -2 0 -38 0 0 0 0 0 0 0 0 0 0 16 0 25 0 0 12 0 0 -12 28 0 0 5 0 0 45 0 0 
0 0 0 0 0 0 0 0 44 0 0 0 -1 0 0 22 0 0 14 0 14 0 0 0 0 0 0 -39 0 0 0 -48 1 12 0 0 45 46 0 0 0 0 -19 0 12 0 0 0 0 0 0 0 0 0 43 0 -8 0 0 0 37 -39 -5 0 0 -13 0 0 0 0 0 0 0 -30 0 0 0 0 0 -18 0 0 0 0 -21 0 0 0 0 0 0 0 0 0 0 0 0 -2 33 4 0 0 0 0 0 0 0 0 0 -16 0 0 0 0 0 0 0 0 -4 0 0 0 0 0 0 0 0 0 0 0 27 3 30 0 -21 0 0 0 0 0 -9 0 0 0 -41 -19 0 -20 8 0 0 0 0 -34 0 0 0 0 0 0 -15 0 0 0 41 -33 0 0 -46 0 0 0 0 -17 0 -46 0 -2 0 0 0 0 0 0 0 0 0 0 9 -16 0 0 0 0 -18 0 43 0 0 0 
20 0 6 0 0 0 0 -5 36 0 9 4 -8 0 0 0 0 39 0 0 14 0 0 0 0 0 2 0 0 0 0 0 0 0 0 0 0 27 -40 0 13 27 0 0 -6 0 0 0 0 -38 26 0 0 0 0 0 32 0 0 -5 43 0 0 0 0 47 0 0 0 0 0 25 0 0 0 0 -21 -18 0 0 0 0 0 -19 0 0 0 -17 0 0 -24 0 0 0 23 -22 0 0 0 0 43 -14 0 0 0 31 -40 0 0 -37 0 0 0 0 0 -48 0 0 0 0 18 0 0 -25 0 0 0 0 0 0 0 0 0 0 -31 0 0 0 -21 0 0 0 0 0 0 0 0 0 0 0 0 0 0 0 0 0 41 0 0 0 0 0 0 0 0 0 0 0 39 0 0 0 0 0 0 0 0 0 0 0 0 0 0 -24 0 0 0 -28 0 14 0 0 -23 0 0 0 0 0 0 0 
-11 0 0 0 0 0 0 0 22 0 0 0 0 0 0 0 0 0 0 0 39 34 0 0 0 29 0 0 0 0 -31 -21 0 0 0 0 0 0 0 0 0 29 0 -20 0 -32 0 0 47 0 35 0 -27 0 0 0 0 -49 0 0 0 0 0 0 -43 30 0 0 0 0 -13 0 0 0 -5 -40 0 27 0 0 0 0 0 0 0 0 -35 5 0 0 0 27 0 43 0 0 16 0 0 0 -42 0 0 0 -22 -22 0 0 0 -43 -29 43 0 21 36 0 13 0 0 21 0 0 8 -30 0 0 0 -27 37 0 0 47 0 0 46 0 0 0 0 0 0 0 0 0 0 -14 -44 0 0 -29 0 0 0 0 0 -41 0 0 0 0 26 0 0 -30 0 0 0 0 0 0 0 0 0 0 17 0 0 0 0 0 0 0 0 0 -14 0 0 0 -22 38 30 0 0 0 0 -43 0 0 -21 -29 
0 0 0 -30 0 1 0 0 -20 22 0 0 0 0 0 0 0 28 -32 -36 0 0 0 0 -31 0 0 0 -46 0 0 5 0 -48 0 -10 0 0 0 0 -9 0 0 0 0 0 16 0 0 12 0 0 0 16 12 5 -39 0 0 0 -30 0 27 0 0 -25 15 0 0 0 -23 0 0 0 0 0 -31 0 21 -21 0 0 37 0 -38 -40 0 0 0 -43 0 20 0 0 0 3 0 47 0 0 0 0 0 0 0 21 0 0 0 0 0 0 -41 0 0 0 0 0 0 -5 0 9 0 0 0 0 -8 0 -37 0 0 -16 25 -18 0 0 -21 0 0 0 0 30 0 48 0 19 0 0 0 44 0 0 -15 0 0 26 0 8 0 -26 -47 0 0 0 0 36 0 -18 25 0 0 0 30 0 0 -17 0 0 0 20 0 0 0 0 0 0 0 0 0 -29 0 0 -23 0 0 0 0 0 0 0 
0 0 0 0 0 -40 0 0 0 3 16 0 0 0 0 0 0 0 0 -48 0 0 0 0 0 12 0 0 0 0 -7 0 -16 0 34 0 0 0 0 0 0 -35 0 -21 10 0 0 9 0 0 0 0 0 24 0 0 33 0 0 0 0 0 0 -25 0 0 -37 14 0 0 -20 0 0 0 -36 0 0 0 34 31 40 -23 0 0 0 0 0 0 0 0 0 0 0 28 0 0 33 50 25 0 18 0 0 0 -27 0 -22 0 0 -43 0 0 35 -39 0 0 0 -4 0 0 0 0 -14 0 0 0 0 0 0 0 43 0 0 0 0 0 0 0 0 0 0 0 0 0 0 0 42 0 0 0 0 -12 -36 0 0 0 0 0 0 0 -49 0 2 17 -2 0 -36 6 0 0 0 0 0 -39 34 0 0 0 0 0 0 23 0 37 -6 -2 0 0 0 0 0 16 0 0 0 0 0 0 48 -10 
0 0 0 0 0 0 0 0 -5 0 0 28 0 0 -30 0 0 0 47 0 0 0 0 -20 0 0 0 0 0 0 0 0 0 0 0 -36 0 0 45 -40 40 0 27 -46 2 44 0 0 0 0 0 0 0 0 0 39 0 0 0 0 0 0 0 0 0 -37 0 -12 0 0 0 40 0 0 0 0 -34 0 0 -25 -46 0 0 3 14 0 -22 0 0 0 8 0 0 0 0 0 0 0 0 0 0 0 0 0 0 0 0 -40 0 0 0 0 4 0 -11 0 -27 0 18 0 0 0 -14 0 0 -3 11 0 0 0 0 14 0 0 0 -9 0 0 0 0 -18 0 -45 0 0 0 0 0 0 0 0 0 0 0 0 -41 0 0 0 23 0 0 -38 39 0 0 0 0 0 0 0 0 -30 48 -40 0 0 -34 -30 0 0 36 0 0 0 0 0 0 0 0 -43 0 0 28 0 0 0 0 0 0 
43 0 3 0 0 0 0 0 -10 0 0 -11 0 0 0 0 26 0 33 0 0 0 0 0 0 -33 0 -41 0 0 27 0 0 0 29 0 0 0 0 -1 -45 0 50 0 0 14 0 17 0 0 0 47 46 0 0 0 -2 -9 0 -42 0 0 0 0 0 0 0 0 0 0 0 0 -48 0 0 0 0 0 37 -29 0 0 0 0 0 0 0 -9 0 0 0 0 0 -2 -46 -25 0 0 0 0 0 0 0 0 0 45 36 0 -13 0 46 15 33 8 0 -25 0 0 -1 0 0 0 0 0 0 33 18 0 0 0 30 0 0 1 0 0 0 0 30 0 0 -7 0 0 0 0 0 0 0 0 -2 0 -5 0 0 0 4 0 15 0 0 -18 19 0 0 0 0 1 0 0 0 20 0 37 0 43 0 0 0 0 7 0 9 0 0 0 0 0 0 39 2 0 -8 0 0 0 0 0 0 0 
8 0 0 0 0 0 0 0 0 0 0 0 0 -37 5 0 0 10 -47 0 0 0 20 0 0 0 -17 0 26 0 0 0 0 0 -7 0 45 0 40 0 0 0 0 0 0 -2 4 0 0 0 0 -39 0 0 0 0 0 38 -39 0 0 0 0 0 0 0 -13 -47 0 0 0 0 0 0 0 0 0 0 0 0 10 0 0 -28 15 -46 -16 13 0 41 0 12 0 0 0 0 0 -23 0 39 0 0 0 0 0 0 14 0 -50 -48 0 0 -18 0 0 0 0 0 0 0 0 0 0 0 0 -44 0 0 0 0 0 34 23 0 -23 0 0 0 0 0 -45 0 0 0 0 0 0 0 0 -33 0 0 0 0 0 0 0 -22 0 0 46 0 -31 0 -7 27 0 5 -46 -12 0 0 0 0 0 0 0 0 0 0 8 0 0 0 0 0 -41 20 0 0 -22 0 0 0 0 0 0 0 0 0 
0 11 0 0 0 0 0 0 13 47 0 0 -2 0 5 0 0 0 -24 -2 0 0 -46 0 0 0 0 0 24 0 0 0 0 0 32 0 0 -32 0 20 36 -38 -3 0 -42 -7 0 0 0 0 0 0 0 0 0 0 0 0 -14 50 0 12 0 35 0 0 0 0 0 0 0 45 0 9 49 0 0 0 2 0 0 0 0 -11 0 -10 0 0 0 0 0 -25 0 0 0 -30 0 0 -38 -11 -1 0 0 0 0 0 0 0 0 0 -38 0 0 0 0 0 0 0 0 0 0 0 1 0 0 44 34 0 0 27 -44 0 0 0 18 0 0 0 48 0 0 0 0 0 0 0 33 -5 1 0 0 0 0 0 0 0 45 0 0 0 0 -14 0 0 0 0 0 0 0 0 0 0 0 24 0 0 0 0 0 0 0 0 -3 0 0 0 0 0 0 50 -44 0 0 0 24 0 0 35 0 35 
0 0 0 0 -12 0 -37 -36 0 0 0 36 0 0 0 0 0 0 0 0 -20 0 0 47 0 -29 0 14 0 0 0 0 0 11 0 49 18 0 0 0 0 -8 -42 0 0 0 0 0 0 0 0 0 30 0 0 0 0 0 0 0 -35 0 0 0 0 0 0 0 0 0 0 0 0 0 0 0 0 8 0 0 0 0 0 0 0 0 2 0 0 0 0 15 -26 0 0 34 0 0 0 0 -11 -1 0 0 0 -19 0 0 0 0 39 0 0 0 43 0 0 -46 -43 0 0 0 0 0 0 0 0 -49 0 0 -18 0 -49 0 -11 -41 0 0 0 0 0 0 0 0 0 0 0 0 0 0 0 0 0 -34 -16 0 0 0 0 0 0 0 41 0 0 0 0 0 0 35 0 0 0 0 0 0 0 0 -35 0 0 0 0 0 0 0 0 0 0 0 0 0 0 -37 -5 0 0 25 0 0 
0 -23 0 39 0 0 0 0 18 -42 15 0 0 0 0 0 0 50 0 0 0 0 0 0 0 0 -42 -50 0 0 0 -23 21 0 5 39 0 0 0 0 0 0 0 0 0 0 0 0 0 0 -49 -46 0 0 0 0 0 0 0 0 0 0 -48 0 0 14 0 0 0 0 -17 0 0 0 0 0 0 0 0 0 0 0 0 49 0 0 -36 15 0 0 -33 0 0 0 0 0 0 0 -47 0 0 16 0 0 -16 34 0 0 0 0 0 0 34 0 0 0 5 45 0 0 0 0 13 0 -31 0 0 -25 34 0 0 0 0 0 0 -19 0 -14 19 0 0 0 0 0 0 0 0 0 0 37 0 0 0 0 0 0 0 -32 0 0 0 0 0 0 0 0 0 50 0 0 0 0 0 0 0 33 -10 -2 -3 0 0 0 0 0 0 0 -2 0 0 0 0 0 0 0 0 0 0 0 0 0 
0 19 0 0 0 36 0 0 0 0 0 0 -7 37 0 0 0 0 0 -22 0 0 0 0 0 31 0 16 -38 0 0 0 0 -34 0 -38 48 19 -31 0 0 0 10 0 0 -11 34 0 0 0 6 0 0 0 0 0 0 -7 18 30 0 0 0 -1 0 0 0 0 0 0 0 0 34 0 -49 0 0 0 -40 0 2 0 0 0 0 0 20 -14 0 0 0 0 0 0 41 39 0 -35 0 0 0 0 0 -33 0 -33 0 -29 17 0 0 0 0 0 0 0 0 0 0 0 0 0 0 39 -12 0 0 0 0 0 0 14 0 10 0 0 0 -44 0 42 0 0 0 33 0 0 0 0 -2 0 -17 0 0 0 0 -38 0 37 -31 0 0 -36 49 0 0 0 -7 -29 0 0 0 0 0 0 -48 37 0 0 0 0 0 0 0 0 0 0 0 -37 0 -38 0 0 7 0 -11 0 11 0 0 0 
0 0 0 0 0 0 0 0 -46 0 0 0 -45 0 0 0 0 0 0 0 0 0 33 -11 0 0 49 0 0 0 0 -48 0 0 0 0 0 0 0 0 0 47 0 0 0 0 0 0 -37 0 0 18 0 17 0 0 0 -43 -48 0 0 0 0 0 0 0 0 -21 37 7 -12 0 0 0 0 -44 50 0 0 0 0 0 0 5 0 0 0 0 33 0 0 0 0 0 0 15 0 0 0 0 0 24 0 0 -40 0 0 0 -26 0 0 0 0 0 44 0 0 0 0 0 0 0 0 27 -24 0 0 -7 0 0 0 0 0 -40 0 -20 0 0 0 0 0 0 0 -5 0 0 0 0 0 -37 0 0 -16 0 0 0 0 23 0 0 -14 -6 0 0 0 -41 -9 0 0 0 0 48 0 6 0 4 0 0 21 0 0 25 -22 32 0 -4 0 0 0 0 -29 0 0 -34 20 0 0 0 0 -43 
0 0 0 0 0 0 0 0 31 0 0 0 0 0 0 0 0 0 0 0 42 0 0 0 0 0 0 0 0 -10 0 0 -17 0 0 0 0 0 34 0 0 0 -24 17 24 0 4 7 0 0 0 -14 0 0 0 0 48 0 0 0 0 0 0 0 0 0 0 0 0 0 -22 31 0 0 -48 0 0 0 0 0 0 0 0 -15 -33 0 0 0 0 3 0 0 0 -25 0 -46 0 0 39 0 -20 0 31 0 0 -8 0 0 0 0 0 0 0 0 38 0 0 0 0 0 0 0 0 -6 0 0 0 -3 0 41 29 0 0 0 0 8 0 0 0 0 0 0 0 1 0 0 -2 0 0 0 0 0 0 1 0 0 0 35 0 0 0 0 0 0 2 0 0 0 0 37 0 0 0 0 0 0 0 0 0 0 32 0 0 0 0 0 47 0 0 0 0 0 0 0 0 0 0 0 0 0 
-10 0 -37 0 -27 0 -16 -4 0 0 0 0 0 0 0 14 1 0 0 -10 0 0 -7 0 0 0 8 0 0 0 0 0 0 -7 0 -44 0 0 0 0 0 0 0 -17 0 -33 0 0 47 28 0 -19 0 44 -14 -31 0 0 0 46 0 0 19 0 0 -49 0 0 0 0 0 47 0 0 0 0 0 24 0 43 0 30 0 0 0 0 0 -50 0 -9 0 0 0 0 0 -23 0 0 41 0 0 0 0 0 0 0 0 47 8 0 -42 18 0 0 0 0 0 -40 0 0 0 27 0 0 0 0 0 45 0 0 0 25 0 0 0 0 0 -29 44 0 0 0 -33 0 0 37 0 -37 0 0 0 0 -22 -21 0 0 0 0 0 0 0 0 0 0 0 0 0 0 8 0 0 -5 0 0 0 27 0 11 0 0 48 0 -21 0 0 0 19 0 0 0 0 0 0 0 0 0 0 0 -12 -33 
0 0 0 0 0 0 42 0 0 0 0 0 0 0 0 20 0 0 0 0 2 0 0 0 -1 0 0 -25 10 0 0 0 0 0 0 0 0 4 -1 0 0 -26 0 0 27 0 43 0 0 0 0 0 22 0 0 0 0 0 -31 0 0 0 0 0 34 0 0 0 31 0 0 0 -38 8 -2 0 0 -36 0 -45 0 12 0 0 0 -39 0 0 0 0 7 0 0 0 30 0 0 0 0 -9 0 -21 0 0 0 0 22 16 -3 0 0 0 0 0 -20 0 0 3 0 0 -8 0 0 0 0 0 0 47 0 0 0 12 0 -4 37 0 0 0 0 0 0 -2 0 0 0 0 -17 0 0 0 0 0 0 0 0 0 0 -19 0 0 -16 -35 0 0 0 0 0 0 0 47 21 0 0 0 -35 0 0 0 0 0 0 0 26 29 6 0 0 -45 11 0 0 0 0 0 38 0 0 0 0 0 
0 26 0 0 0 0 16 0 0 0 0 0 0 0 -50 0 0 0 0 0 0 0 0 0 0 -41 0 0 18 0 0 0 0 0 0 0 -6 0 0 0 0 0 0 2 0 0 0 0 0 0 0 11 0 0 0 0 0 0 0 0 0 0 0 0 0 0 0 0 3 0 0 0 0 0 0 0 0 0 0 0 0 0 0 0 -45 0 0 0 0 0 -38 0 -13 0 19 0 0 0 -23 0 26 0 0 0 0 0 0 6 0 0 0 0 0 0 41 0 -30 0 0 0 0 0 0 0 0 0 0 -30 0 0 0 0 0 0 -33 0 0 0 0 -12 0 0 0 0 0 0 0 0 0 0 0 0 0 0 0 0 39 0 0 -42 0 0 0 0 0 -12 0 0 0 0 0 43 26 0 0 0 0 0 0 0 0 -2 26 -31 0 0 0 0 0 0 0 0 0 0 0 0 29 0 -10 0 
18 46 41 0 0 12 0 0 0 0 0 0 7 0 0 0 0 0 -16 0 -38 0 31 38 0 0 25 0 -37 16 0 5 0 0 47 0 0 0 0 0 0 40 0 0 0 0 0 0 0 0 16 0 23 0 0 0 0 0 0 -38 8 0 0 0 0 0 0 0 0 0 -32 2 0 0 0 0 0 0 0 0 0 0 32 0 0 0 0 0 0 0 0 0 0 0 -34 0 0 0 0 0 0 34 0 0 0 -19 0 27 0 1 -16 0 3 0 13 0 36 -14 0 0 0 0 0 16 -6 45 0 0 0 0 5 0 0 22 0 0 0 0 -15 -36 0 -5 0 0 0 0 0 -16 0 -22 0 0 0 0 27 0 0 40 0 0 0 50 0 0 29 0 -31 -39 0 1 14 0 0 0 10 0 0 -46 0 0 5 0 23 0 0 11 0 0 0 0 0 0 0 0 0 0 0 0 -35 12 
0 0 0 0 10 -31 0 0 0 0 0 15 0 0 0 -37 19 0 0 0 -33 20 0 0 -40 0 0 0 0 0 45 0 0 0 -38 0 0 0 0 0 0 0 0 23 0 0 45 0 0 0 29 0 0 0 0 0 -30 0 0 0 0 45 0 0 0 0 0 0 0 -4 -9 0 0 31 0 0 41 -41 0 0 0 0 0 0 0 0 0 0 0 49 -15 0 -49 0 0 46 0 0 0 0 0 -10 0 0 0 0 0 0 37 0 0 0 0 0 22 0 -46 0 0 0 -6 0 0 0 0 -44 0 0 0 -41 0 0 0 0 11 -34 0 0 0 0 0 0 0 0 -34 0 0 0 1 -21 0 0 0 0 -26 23 0 -8 0 -34 0 0 0 0 -37 0 0 0 0 0 0 0 13 0 0 0 27 0 18 0 -34 0 0 0 0 0 0 0 -50 0 -43 0 0 0 0 0 21 0 48 0 
18 0 0 0 -48 0 0 0 0 0 0 0 0 0 0 0 0 0 0 -7 -25 0 0 -9 0 0 0 -4 -46 0 0 0 17 -20 0 0 0 0 0 0 0 0 0 -3 0 0 0 0 0 0 0 0 0 0 0 16 0 0 6 0 0 0 0 -49 0 0 0 0 0 46 0 0 0 0 0 37 11 0 0 15 0 -8 0 0 -10 -21 0 0 0 0 0 -34 0 0 24 0 0 0 0 0 0 0 5 0 0 0 0 0 0 0 4 0 0 0 0 0 -37 0 0 0 16 0 -23 0 17 0 -36 -25 0 0 0 0 17 0 0 0 0 0 0 0 0 0 0 0 -16 0 0 0 0 0 0 0 27 -26 0 0 27 -11 0 0 0 0 0 0 0 0 -24 40 -27 0 0 0 -27 0 0 0 0 0 0 0 0 0 45 0 0 0 0 45 0 0 2 0 0 0 0 -18 0 0 0 0 
13 0 0 0 0 0 0 0 0 49 0 47 0 0 -38 0 0 -4 0 7 0 0 0 0 0 0 0 -24 0 0 0 37 0 0 0 0 0 -44 11 0 14 0 0 18 0 0 30 0 0 -48 0 0 0 0 0 31 0 4 0 0 0 48 0 0 0 25 28 0 0 0 45 0 0 0 36 -22 7 -22 0 -32 0 0 0 0 0 0 -13 0 0 0 21 0 0 -18 0 0 -46 0 0 2 0 -6 -33 0 0 0 0 0 0 0 0 0 0 -10 0 0 -44 0 0 0 0 -23 19 0 0 -9 -46 0 0 0 0 0 0 0 0 0 0 -41 26 0 -41 0 0 0 0 0 -38 0 0 0 0 0 0 23 0 0 0 -43 46 0 0 0 0 0 0 0 0 0 0 48 0 43 0 13 0 0 -5 -18 0 0 0 -42 30 0 0 0 0 -36 0 0 0 46 45 0 0 0 0 0 0 0 
0 0 0 0 -28 0 0 0 0 0 0 0 0 44 0 0 0 -21 25 0 0 0 0 0 18 -46 0 0 15 0 0 0 0 -46 0 0 -4 0 46 0 9 -26 0 0 0 0 0 0 0 0 -38 0 0 0 0 0 0 0 0 0 0 0 0 0 0 -41 0 -14 -31 0 0 0 -17 0 0 0 0 0 -36 0 40 0 0 11 -45 0 0 0 0 -41 1 0 0 34 0 0 3 24 0 0 0 0 0 0 0 32 0 0 0 0 0 19 0 33 -27 0 0 -3 0 -38 0 26 0 0 0 31 0 0 0 17 0 -12 -45 -26 0 0 41 0 0 0 0 4 0 45 0 0 0 0 0 0 0 39 0 0 27 0 -41 0 0 0 -29 0 0 0 -28 0 4 -3 0 0 0 0 0 0 0 -21 0 9 0 0 0 19 0 0 29 0 0 0 11 -35 44 0 0 0 0 0 -37 0 0 0 
-38 0 0 0 0 0 0 0 0 45 0 0 0 0 0 0 0 0 0 46 0 0 0 16 0 0 -37 0 0 0 48 -40 10 0 -50 0 0 31 0 0 0 0 0 0 0 0 -26 0 0 0 0 0 0 0 0 0 -31 0 0 0 0 0 0 19 0 0 0 28 0 0 0 0 0 17 0 0 0 0 0 -4 17 0 0 28 14 0 0 0 0 0 0 24 0 0 0 0 0 0 0 0 0 0 -11 -35 10 0 34 0 0 0 0 -33 19 0 0 0 29 0 0 32 50 0 0 0 0 0 -42 0 0 0 0 0 0 0 -28 0 0 0 8 0 0 0 -22 0 0 -32 37 23 35 0 -19 0 40 -8 -11 -43 0 12 0 0 0 0 0 0 12 0 0 0 0 0 0 0 7 -9 0 -42 -32 0 14 0 0 -4 0 0 -16 0 0 0 0 0 12 31 0 0 0 0 0 0 0 0 
0 0 0 -25 0 0 0 0 0 0 0 0 24 0 0 -4 0 0 12 0 35 0 0 -50 0 -20 0 -12 0 0 0 0 0 0 14 0 0 0 0 -45 0 -38 0 0 0 0 0 0 0 0 43 0 0 0 0 -43 34 0 0 0 0 0 0 0 0 -23 0 0 0 0 0 0 0 0 0 0 0 0 -8 0 0 0 -11 0 0 0 0 0 40 0 22 -27 17 0 31 0 0 0 0 0 45 0 29 0 13 0 0 -50 0 0 0 0 0 -44 0 0 0 0 0 0 0 49 0 0 0 0 0 0 0 0 0 42 0 0 0 0 0 0 0 0 0 15 0 0 0 0 -31 0 0 0 0 0 0 0 0 46 0 0 0 -45 0 -26 -16 0 0 0 0 7 0 0 37 0 0 0 0 0 0 0 0 0 0 0 0 0 -5 0 0 0 -12 0 0 0 0 0 0 0 0 -29 45 -23 
-26 0 0 -9 0 0 -18 6 0 0 -25 37 0 0 0 0 0 0 0 0 29 0 3 -49 0 0 13 0 -22 0 0 0 0 0 0 0 0 0 -31 0 0 -27 0 0 25 0 0 1 33 0 0 0 0 0 0 0 0 0 0 0 0 0 0 0 -35 0 20 0 -27 0 0 0 0 0 0 0 0 0 0 32 0 0 15 0 0 1 0 0 0 0 0 0 -13 0 0 0 0 -23 34 0 -15 -47 23 0 0 0 0 0 -3 0 0 0 0 0 0 0 0 0 0 0 10 0 0 0 0 0 0 0 23 0 5 0 0 -12 0 0 0 0 -26 0 23 0 0 0 0 0 0 0 0 0 0 -42 0 -34 0 0 0 0 -45 21 0 33 -34 0 0 0 0 0 0 -28 0 0 -33 0 0 -24 33 0 0 0 33 0 0 0 -49 0 36 0 0 0 0 0 0 8 0 0 42 4 0 0 
0 0 0 0 0 0 0 17 0 0 0 0 0 0 0 0 0 0 0 -40 47 0 39 0 0 0 -50 0 0 0 0 0 32 0 24 0 0 0 0 0 39 0 0 0 0 0 0 0 0 0 0 0 50 0 0 0 0 0 0 0 0 0 0 0 0 0 2 0 0 0 0 -15 0 17 0 29 0 -29 0 0 0 0 0 44 0 0 0 0 0 0 -22 0 22 0 0 0 0 0 0 0 -33 0 26 0 0 0 0 0 0 0 0 -45 0 0 0 0 14 42 0 0 0 -5 -40 0 0 0 36 0 0 0 0 0 -24 0 2 -15 0 26 -47 -49 0 0 46 0 0 0 0 -14 0 0 -16 0 0 0 0 0 -29 0 0 0 0 0 0 -25 0 0 0 7 0 0 0 0 0 32 0 0 0 0 -43 0 49 0 -14 0 0 0 0 -36 -20 0 -24 -20 0 35 0 0 16 0 0 0 
0 0 7 0 0 0 0 -47 0 0 0 0 0 0 0 0 0 0 0 0 0 -20 -3 3 3 0 0 0 0 0 0 41 0 0 0 0 0 -39 3 0 0 0 0 0 31 24 0 0 38 0 0 0 0 0 0 0 0 0 0 -44 -35 -20 0 0 0 0 0 0 0 0 -40 -24 4 0 0 -14 0 2 0 0 0 0 0 0 8 0 0 0 0 0 0 0 -29 -19 0 0 0 0 0 0 44 12 0 0 0 0 0 0 0 22 -24 -21 7 0 0 0 10 0 -32 0 0 0 0 0 0 0 0 0 0 0 0 0 0 0 0 0 0 0 0 0 0 -18 0 -14 0 0 -36 -6 0 0 -35 0 50 0 0 0 0 0 -26 33 0 0 -48 0 0 42 0 0 0 13 0 0 -26 0 0 0 0 0 4 0 0 0 0 0 0 0 0 0 0 -19 0 -43 0 0 4 0 0 0 0 0 
-50 0 0 0 0 0 0 0 -45 42 0 43 0 0 0 0 0 0 0 0 49 0 48 0 -26 0 0 0 0 0 0 38 0 0 0 0 15 0 0 0 -17 0 0 0 0 0 6 0 0 -46 0 29 0 0 46 0 0 0 0 0 0 0 0 21 39 0 -46 0 0 21 0 31 -49 0 0 0 0 28 0 -14 0 0 -45 0 27 0 0 0 0 0 -31 0 -24 0 0 2 0 0 -23 0 40 0 0 0 0 0 0 -32 0 0 0 0 0 0 0 -30 0 0 0 0 33 47 0 0 0 0 0 0 0 0 0 0 0 0 0 0 0 0 0 2 -38 19 -31 0 41 0 49 0 0 0 0 0 0 0 0 0 0 0 -16 -34 0 -48 -41 0 47 0 0 0 0 0 0 0 0 0 0 27 0 0 0 0 0 0 0 0 0 0 49 0 16 0 0 2 0 0 0 0 0 0 0 0 
0 -44 0 49 6 -33 0 0 29 0 0 -35 0 0 0 0 0 31 0 0 0 0 0 0 0 0 0 0 0 0 0 0 11 0 0 0 0 0 0 0 0 0 0 0 -35 0 0 0 9 0 0 0 0 0 -10 0 0 0 0 0 0 -33 -22 10 -18 0 0 0 0 0 0 0 0 0 -12 0 0 0 0 0 24 0 0 0 0 0 0 0 0 22 0 0 37 17 0 33 0 19 0 29 0 0 0 0 0 0 0 0 0 0 0 0 -42 0 0 0 0 0 0 0 0 0 0 0 0 -4 0 0 0 0 -39 -19 -46 0 31 0 0 -30 0 17 39 0 0 0 0 0 0 0 0 0 0 0 0 0 0 0 0 0 0 0 -25 0 0 0 -4 0 41 0 0 0 0 0 0 0 0 0 49 0 22 0 0 0 0 0 0 0 0 0 0 35 0 0 0 0 49 0 0 0 0 0 
0 -13 0 0 -44 0 0 28 17 0 0 -11 0 0 0 0 44 9 0 0 0 0 0 0 0 0 0 0 0 0 0 -23 3 4 0 0 -2 0 0 19 0 0 0 0 0 0 -21 0 0 0 0 0 0 0 -34 -37 0 0 0 0 0 0 0 0 0 -36 0 1 0 0 0 0 0 27 -38 0 0 0 0 0 0 0 0 43 -14 0 0 -13 0 0 0 15 0 0 43 0 0 0 49 20 0 0 30 0 0 18 0 0 0 0 0 0 2 0 0 0 0 0 0 0 0 0 0 36 0 0 0 0 0 0 0 -27 0 0 0 41 0 0 0 -2 0 0 -7 0 0 0 0 0 2 0 0 0 29 -37 0 0 -28 12 0 0 0 0 47 -4 -42 45 0 0 -27 0 0 0 0 0 0 0 -47 8 11 0 16 0 0 0 0 -12 0 7 0 0 0 0 0 0 0 45 11 0 0 37 
0 29 0 0 0 0 0 -49 0 0 0 0 0 0 0 1 0 19 0 0 0 28 0 0 0 0 0 0 0 0 0 0 0 0 0 0 0 0 0 0 0 11 0 0 0 -40 0 0 0 0 0 -3 0 0 39 0 0 0 0 0 0 0 0 0 34 38 0 0 0 0 0 0 0 0 0 0 13 50 0 0 0 -12 0 0 0 0 0 -31 0 9 0 0 0 0 0 0 24 0 39 0 0 0 0 -16 0 0 0 0 -40 0 0 28 -3 0 13 0 0 0 32 6 0 0 0 0 0 0 0 -6 -42 27 0 0 0 0 0 -33 0 0 36 0 0 0 27 0 0 0 0 -41 0 0 0 -12 0 0 0 0 0 0 0 0 0 42 0 0 45 0 36 0 0 7 -18 49 0 37 0 0 -29 12 0 0 0 0 0 30 0 0 0 -50 0 0 0 0 0 0 0 0 -34 -39 0 0 
0 0 0 0 41 4 -32 19 0 0 0 0 0 0 0 0 45 0 0 0 -43 0 0 0 0 -12 0 0 -23 0 0 -13 0 0 -47 -22 0 0 -26 0 -26 -27 0 -11 40 0 0 0 0 -44 0 0 -13 0 0 20 0 0 0 0 0 0 -2 0 0 0 0 -50 0 0 0 0 0 0 0 0 49 0 0 15 -3 0 0 0 0 0 0 0 -20 -50 0 0 0 0 -39 0 -5 0 -28 0 -16 0 0 48 0 0 0 0 0 0 0 0 0 0 0 0 0 0 0 0 0 0 0 0 0 36 0 0 0 0 0 0 0 0 -36 0 0 0 0 -36 0 0 0 0 0 0 -7 -9 0 0 0 0 -31 0 -24 0 4 0 0 0 0 0 0 41 0 36 43 0 0 0 0 0 0 19 0 0 -22 0 0 0 -9 0 26 0 0 38 0 0 0 0 -43 0 0 0 0 0 44 0 -19 15 
0 -35 2 0 0 0 0 0 -21 0 0 0 0 0 -5 45 0 22 0 0 -43 0 -9 -5 0 0 0 -26 0 0 0 41 0 0 -26 26 0 0 -12 0 0 0 0 0 0 0 0 0 0 0 0 0 0 0 0 0 0 0 30 0 0 28 0 0 0 10 0 44 0 0 0 0 0 -50 -34 -11 0 40 0 0 0 26 0 0 2 0 0 0 5 0 0 46 0 0 0 0 -43 0 8 0 0 0 0 0 -34 -40 0 0 0 0 0 25 0 35 0 47 -47 0 0 0 0 -41 -34 0 32 -16 0 0 22 0 0 0 -31 0 -26 0 0 0 -18 6 0 1 5 0 0 50 -29 0 0 0 0 0 -39 0 40 0 -3 0 7 0 7 0 0 0 0 0 0 -34 0 0 -50 22 -2 0 43 29 0 0 0 0 0 0 0 0 0 9 0 0 0 0 3 0 0 0 0 13 0 -17 0 0 
0 0 45 48 0 0 -12 0 0 19 0 0 0 0 0 0 0 -40 13 0 0 0 0 -25 0 0 0 0 25 0 0 0 0 23 0 3 0 0 0 0 0 0 0 0 0 0 0 0 0 -28 0 0 -45 28 0 -38 28 0 0 0 15 0 -13 0 0 0 -20 0 21 0 0 45 0 0 38 0 0 0 0 -49 0 44 -1 0 0 0 0 0 0 0 -10 -28 -50 0 48 37 0 -14 37 50 0 -13 0 0 0 0 0 1 0 -38 0 -20 -31 47 0 0 -44 0 -23 0 0 0 0 -1 0 0 0 0 0 0 17 0 0 1 0 -46 39 0 25 0 0 0 -46 0 0 0 0 0 0 8 0 0 0 0 -27 0 0 0 0 0 0 0 0 0 -27 0 0 0 0 0 1 0 0 9 49 0 0 0 0 0 0 0 2 0 0 0 0 0 0 0 5 0 0 0 0 -27 17 0 0 0 
18 -31 0 0 -15 43 0 0 0 0 0 10 0 0 0 0 0 0 -31 0 -2 0 18 0 0 0 0 0 -33 0 0 0 0 0 31 0 0 20 0 0 0 0 0 0 0 0 0 13 5 0 0 0 0 47 0 0 0 0 0 0 0 0 0 0 0 0 0 0 0 0 0 0 0 0 41 0 0 0 0 0 0 0 0 6 0 0 1 41 0 0 0 0 0 0 -14 0 0 -36 0 0 0 0 0 0 -47 0 -29 0 46 0 0 0 0 0 0 0 0 0 0 0 0 0 0 42 0 0 0 0 0 0 0 0 -24 9 -2 0 0 0 0 0 0 0 -12 0 35 0 0 0 37 0 47 0 1 0 0 48 0 0 0 -28 0 13 0 0 0 7 0 0 0 0 0 0 0 0 0 25 0 -33 0 0 0 0 0 0 0 0 -30 0 0 26 -6 0 0 -4 0 0 0 0 0 0 
0 0 0 47 37 0 0 0 0 0 0 0 0 0 -20 49 -38 0 0 0 0 0 0 0 0 -9 0 39 0 0 0 37 0 0 0 0 0 11 -4 0 0 0 0 0 0 48 0 0 0 0 38 32 0 0 0 0 -34 0 -29 43 0 0 -48 0 0 -31 0 33 -4 -43 0 0 0 0 14 0 0 0 -42 0 0 0 0 23 0 0 0 0 0 0 0 0 0 0 0 0 -33 0 0 0 0 -16 0 0 41 50 0 0 33 28 0 0 0 37 0 0 0 -4 12 0 0 5 0 0 0 0 32 0 0 0 0 0 0 43 0 0 0 0 0 0 0 0 0 0 0 0 0 0 0 0 21 0 14 0 0 0 0 0 37 0 0 0 0 0 0 -18 0 -50 1 0 0 -47 0 -24 0 -30 17 0 0 0 0 0 0 0 0 0 -18 0 36 0 0 0 43 -27 0 50 0 0 0 0 
0 0 0 0 0 -34 0 14 0 0 0 0 -1 0 0 0 -19 5 0 0 0 0 0 0 0 0 0 22 0 -8 0 0 0 0 34 37 0 0 -46 0 0 0 41 0 0 0 0 -36 0 0 0 27 0 0 5 0 8 0 1 0 0 -12 -50 0 0 0 20 0 -4 0 0 0 0 0 0 0 0 0 5 0 0 0 0 0 0 0 0 0 0 0 45 0 0 0 0 0 0 0 0 0 0 0 0 0 23 0 0 0 0 17 0 0 36 0 -7 0 0 0 0 0 0 0 39 0 9 0 -26 36 0 0 0 0 0 0 -38 0 0 0 0 0 0 20 0 0 0 0 0 48 0 -5 0 43 0 0 0 43 0 0 0 0 0 0 0 0 0 49 0 22 0 0 -47 47 12 0 0 0 0 -32 0 0 0 0 0 0 0 0 0 0 -19 0 0 0 0 0 0 0 0 41 0 0 
0 0 0 0 0 -1 0 30 0 0 0 0 0 0 0 18 0 0 0 0 0 0 38 16 0 0 0 0 27 11 0 0 0 7 0 -33 0 -12 45 0 0 0 0 -48 0 0 0 0 17 0 0 0 -12 0 0 0 0 0 0 0 0 0 0 15 -19 0 14 0 0 0 0 0 9 0 0 0 33 0 0 0 0 0 0 0 0 0 0 0 0 -36 0 0 -1 0 0 -23 0 0 0 0 0 0 0 0 0 0 0 0 0 0 0 0 0 0 0 0 0 0 0 0 0 0 37 0 0 42 0 -42 0 -39 0 42 0 0 0 0 0 0 30 0 -30 0 0 0 0 0 0 0 0 0 0 26 0 13 -27 0 0 7 0 -33 0 -26 0 0 0 0 0 -2 0 0 0 12 5 -17 0 -12 0 0 0 0 0 0 0 4 -10 0 0 0 0 0 0 43 0 0 0 -29 0 0 0 0 
0 0 0 0 0 0 -5 0 0 0 0 4 0 30 0 0 0 -32 0 0 0 0 0 0 0 2 0 0 0 0 0 0 49 0 0 0 0 -20 0 0 0 0 24 0 0 0 0 14 34 0 0 0 0 0 0 0 28 21 15 0 0 0 0 0 0 0 0 0 0 0 11 0 -29 0 0 0 0 0 0 -21 0 36 0 0 0 0 0 0 27 -1 0 0 0 0 41 0 0 0 0 -35 0 0 0 -48 0 0 0 0 -3 0 0 0 0 0 0 0 0 0 0 -24 0 0 0 0 0 0 0 0 0 0 0 0 0 0 0 -17 0 0 0 -39 48 37 0 24 0 0 0 6 0 0 0 0 0 0 0 13 0 -9 0 0 32 0 0 0 0 37 19 0 9 0 -24 0 -17 0 0 0 0 0 -8 0 0 0 0 0 -49 0 -19 0 0 0 50 0 0 0 0 0 -23 0 -4 0 
0 0 0 -42 15 0 0 0 44 0 0 0 29 0 0 0 0 0 0 0 0 0 0 0 0 35 -35 0 0 0 0 0 0 35 0 0 32 0 16 0 0 0 0 0 40 0 42 0 0 29 0 45 24 47 0 0 -9 34 0 0 -41 -3 0 0 0 0 18 -19 0 0 0 13 0 0 0 42 0 0 0 0 0 0 -45 0 15 0 -11 47 -41 0 21 0 0 0 0 0 0 0 -39 0 -39 0 0 0 0 50 0 -5 0 0 0 0 17 2 0 4 0 -26 0 0 0 0 0 0 0 -8 0 0 0 19 0 0 0 0 0 0 0 17 0 34 -40 0 0 0 0 0 -48 0 0 0 -35 0 10 0 0 0 0 0 0 0 0 0 0 0 0 0 0 43 49 0 0 0 0 0 35 0 0 0 0 38 0 0 0 32 -10 0 0 0 25 18 38 0 -48 32 28 0 0 -18 0 9 
-10 0 0 0 0 0 7 0 0 -13 0 -21 0 0 0 -40 10 0 0 0 0 33 0 0 3 0 0 0 -21 0 -1 0 26 0 0 0 0 0 0 0 37 -39 0 0 0 0 0 0 0 0 0 -36 0 0 -22 -26 0 0 35 0 0 0 0 0 0 -37 0 0 0 0 0 0 0 0 -5 -17 0 0 39 0 0 -27 0 0 0 0 0 0 0 47 0 0 0 0 0 0 0 0 0 47 0 0 0 0 0 0 0 0 0 0 13 -46 0 -16 0 -14 0 -14 0 0 0 20 0 0 0 0 0 0 0 0 -25 -16 0 0 0 -46 0 0 -17 0 0 43 0 0 0 33 37 4 0 27 0 0 0 0 0 0 -21 -42 0 -24 0 0 27 0 0 0 0 29 0 25 -30 0 -12 0 0 0 0 0 0 0 0 0 0 0 20 0 33 42 0 -39 -44 0 -32 43 0 0 0 0 0 11 
0 0 0 -33 0 0 0 -11 -40 0 47 27 0 0 0 0 0 0 0 0 0 7 -15 0 20 0 0 0 0 0 0 0 0 0 0 0 0 0 0 -31 0 0 46 0 0 0 0 0 0 19 0 0 0 0 -23 0 0 0 0 25 -16 0 0 0 41 0 0 0 0 0 0 0 0 0 0 0 0 0 -23 19 0 0 0 0 0 33 0 0 0 13 40 0 0 -27 0 0 0 0 0 46 0 16 0 0 25 -33 0 0 0 0 0 0 33 0 0 0 0 0 0 0 0 0 0 0 0 0 0 5 0 40 -6 0 0 2 0 0 0 0 0 0 0 0 0 0 0 -10 0 0 0 0 0 0 0 27 0 -5 0 -32 0 33 0 0 0 49 -47 -29 -22 0 0 0 17 0 0 0 0 0 0 0 0 40 0 0 0 0 -20 45 0 0 0 0 -21 0 0 0 -5 -16 0 0 0 0 
0 0 0 29 -30 0 0 0 0 0 0 -36 0 0 0 0 0 0 -47 0 16 0 0 47 0 50 0 0 0 0 -12 0 0 -32 0 0 0 23 0 0 0 0 0 32 0 0 0 -42 0 0 0 0 -38 0 0 0 0 0 0 0 -18 0 0 0 -32 0 0 0 0 0 31 0 0 0 0 0 23 0 0 0 0 20 0 45 0 0 0 -43 39 0 0 0 20 0 0 0 0 0 -5 0 0 45 0 -40 0 0 0 0 0 21 0 0 0 0 0 2 0 13 -14 0 -40 0 -15 -14 0 0 0 0 0 0 0 0 0 0 0 -2 0 0 0 0 -34 0 0 0 0 -2 0 0 0 11 0 0 -46 0 0 -18 9 0 0 0 0 0 0 0 8 12 0 0 0 -33 0 -32 0 0 0 0 0 36 0 0 -30 0 0 0 -28 0 0 0 0 0 0 0 0 0 0 0 0 -47 0 0 
-37 0 0 0 0 0 0 0 0 0 0 -5 0 0 0 28 0 -12 -4 0 39 0 0 46 0 49 0 0 -35 37 43 0 0 -28 0 0 0 0 0 0 0 0 0 27 23 0 0 0 -15 0 -45 0 -14 0 0 0 0 0 0 41 0 0 0 0 0 0 34 0 0 0 0 0 0 7 20 39 0 0 0 35 0 -25 0 -34 33 0 0 24 -48 0 50 0 0 0 0 0 0 0 0 0 0 0 14 -15 39 -47 0 -4 0 0 0 0 0 0 42 0 0 0 12 0 0 -14 20 0 -6 0 0 0 -41 0 0 0 0 0 0 0 0 0 0 0 -30 0 0 0 -35 -3 0 21 0 0 0 0 0 18 0 0 0 14 0 0 -43 4 0 22 11 0 0 0 0 0 0 0 0 -8 0 0 0 0 -26 0 0 -39 0 -45 0 0 0 0 0 0 -42 0 0 0 0 0 0 -5 -42 0 
0 -47 0 25 -38 0 0 0 0 42 28 0 -43 0 0 0 0 0 0 -50 0 10 0 47 0 0 0 0 -12 0 -18 0 0 37 0 0 0 0 0 0 0 0 0 0 0 0 36 0 0 0 0 0 -25 0 0 -37 0 0 26 -19 0 0 0 0 0 0 0 0 0 0 0 0 0 0 -25 0 0 0 0 0 0 0 0 15 0 0 0 0 45 0 0 0 -12 -36 0 0 0 33 0 19 0 9 -9 -32 0 0 0 0 0 -9 -40 0 0 0 45 0 0 -13 -26 0 0 0 0 3 0 0 0 0 0 0 29 0 -3 0 0 0 0 0 20 0 0 0 0 0 0 0 0 0 0 0 0 0 0 0 0 0 0 0 0 0 0 0 0 0 0 0 0 0 0 0 0 0 0 0 38 0 40 0 0 0 0 9 0 0 0 0 32 0 0 0 6 0 0 16 0 -5 0 0 0 0 
0 0 -15 -42 0 0 0 0 22 0 1 0 0 0 -42 3 9 0 2 -35 -19 0 0 -34 0 0 6 0 0 -19 0 -14 -37 0 0 0 0 17 0 -50 0 0 -23 0 -41 0 0 0 15 0 0 -21 0 -47 46 -5 0 0 -31 0 21 0 -21 35 0 5 0 0 0 0 0 0 0 0 0 0 0 0 0 0 0 0 0 -48 0 0 0 0 0 13 0 0 -25 0 40 0 0 -9 0 5 30 0 0 0 0 0 -50 5 -45 36 0 0 0 0 0 0 0 0 0 0 0 2 0 0 19 -50 10 -30 0 -26 0 1 0 19 0 0 0 0 0 0 0 7 8 0 0 0 0 0 32 48 0 0 5 -34 0 0 0 0 0 33 49 0 0 0 16 0 -9 0 0 0 0 0 0 0 0 0 0 -30 0 0 0 0 0 12 -20 0 0 0 0 0 0 0 0 0 0 0 0 45 0 0 
3 0 -50 0 0 0 0 0 0 0 0 0 -4 0 0 0 0 0 0 0 14 0 0 0 0 0 0 0 0 0 0 0 0 0 0 0 0 -2 0 -35 -30 0 0 0 0 0 0 -21 34 0 0 30 0 21 0 0 16 42 0 0 0 0 0 0 0 -25 0 0 -47 0 3 0 -44 0 0 5 0 0 0 0 0 0 36 0 0 0 0 38 0 0 0 0 0 0 0 0 0 0 0 0 10 0 0 -29 0 0 38 0 44 -22 0 -43 25 4 0 0 -5 0 -10 0 0 0 -14 36 47 0 -26 0 -30 0 0 0 -43 0 0 0 0 0 0 23 36 0 0 0 0 0 0 25 0 0 0 -2 0 0 0 -42 19 -4 0 0 0 0 0 0 0 0 0 0 0 0 0 0 0 0 0 0 0 0 -39 9 0 0 -27 0 0 0 0 0 0 14 0 0 0 0 0 0 0 0 8 0 
0 -49 -29 -20 0 0 0 44 0 0 0 0 0 0 0 25 44 0 0 -49 0 0 36 0 0 0 0 0 0 0 0 7 0 0 7 0 0 -42 0 -22 0 0 41 0 0 0 28 0 0 0 40 0 3 0 0 0 0 0 -20 0 0 0 0 0 0 0 0 -43 0 0 0 -26 0 -35 0 0 -30 0 0 0 34 8 0 0 0 0 -43 0 0 0 0 0 0 0 0 0 0 0 7 0 0 0 0 0 0 37 0 0 0 0 0 0 0 0 0 0 0 0 50 0 0 0 0 24 0 0 0 0 0 0 0 0 0 0 16 0 0 0 0 0 0 9 0 -3 0 0 0 -22 0 -21 26 26 23 0 45 30 0 0 0 0 -14 0 0 0 0 0 26 0 2 0 0 0 0 0 0 0 0 0 0 0 0 -27 0 -13 0 -47 0 0 0 -40 -25 0 0 0 0 0 -24 8 0 0 
7 0 0 0 28 15 20 0 -19 0 0 0 -19 2 0 0 32 0 0 0 0 0 0 43 0 0 19 0 -38 0 0 0 0 0 0 26 0 0 0 4 0 0 0 38 0 0 0 -21 17 46 -36 0 0 0 -42 0 0 0 0 -29 0 -27 0 38 0 37 0 0 0 0 0 0 0 20 0 0 34 0 0 0 -1 -9 0 0 -38 7 -1 -11 0 0 0 0 0 0 -31 20 0 32 0 0 0 0 33 0 0 0 0 0 0 0 0 0 0 -5 0 0 -7 0 0 -38 -29 0 0 0 0 0 -32 0 0 0 0 5 -25 0 0 0 -24 0 0 37 0 0 0 0 0 0 0 32 0 0 29 -31 0 0 0 0 0 0 0 0 0 0 0 0 0 30 0 0 0 0 0 0 4 0 32 0 0 0 -45 0 12 0 -13 45 36 0 0 0 0 -30 0 0 -50 0 25 -26 0 0 0 0 
0 -21 0 0 0 20 -4 -2 6 0 0 0 -13 0 0 0 44 0 0 0 38 0 0 0 0 0 17 0 0 0 0 0 0 0 0 0 0 0 0 45 0 0 0 0 0 0 0 0 0 0 0 0 0 0 0 -19 0 0 0 0 0 25 0 0 5 0 0 0 0 0 -28 0 0 8 0 0 0 4 33 0 0 0 0 0 0 0 0 0 0 0 0 0 -30 0 0 0 47 0 0 -38 0 0 0 0 0 0 0 0 26 0 46 -38 0 0 19 0 0 0 0 0 -1 0 0 0 0 0 0 -7 0 0 0 0 0 15 25 0 0 -14 0 -6 0 0 0 0 0 0 0 0 0 0 6 0 0 0 0 0 29 -16 -5 -49 0 0 0 0 0 0 0 0 0 0 0 0 -10 -49 -10 20 -20 -28 0 0 -20 0 0 36 -36 0 0 0 -24 0 0 0 0 0 0 0 6 0 0 23 
-18 0 0 0 0 0 0 10 0 0 0 0 0 40 11 0 -43 0 0 0 0 0 0 0 0 21 -42 0 -18 0 0 0 0 0 0 0 0 0 0 0 0 0 -20 0 0 0 -6 0 -43 13 0 0 0 0 0 0 0 0 0 7 0 0 -42 -9 -44 -26 0 24 0 42 0 1 0 -38 0 0 0 0 -50 0 0 41 -44 0 0 0 0 0 0 8 0 -8 0 33 20 0 42 0 0 0 0 0 0 0 0 0 0 -30 0 0 45 -21 0 14 0 0 0 0 -21 -27 0 0 0 7 0 0 0 0 0 0 0 0 24 0 0 0 0 0 0 -2 0 0 0 0 0 0 0 -4 0 0 0 0 11 0 0 0 0 0 0 0 0 0 0 0 -12 0 38 9 0 0 0 0 0 0 0 0 45 0 0 0 0 0 -47 0 0 0 19 0 0 27 0 14 0 0 0 42 0 0 -14 0 
0 0 -20 -11 0 0 8 0 0 48 0 0 0 0 -23 0 0 0 -25 0 0 0 0 0 0 0 46 0 0 0 0 -7 43 0 0 28 0 -21 0 0 -14 0 0 0 0 0 0 0 -8 0 -30 0 0 0 -23 -16 0 0 0 5 0 -11 44 0 0 0 0 0 0 0 0 0 0 0 0 0 1 0 0 0 0 0 0 41 0 0 0 0 31 0 0 -11 0 -30 0 0 0 0 0 0 -43 0 30 0 0 0 0 0 0 0 -1 0 0 50 0 0 0 0 0 0 0 41 0 0 0 6 0 0 0 50 0 0 0 -27 0 0 0 0 0 0 0 0 -41 0 0 -2 0 0 47 19 0 0 0 0 0 0 0 0 0 36 0 0 49 0 0 0 0 0 0 -30 -18 0 0 -19 0 33 0 0 0 32 0 0 0 0 0 19 0 0 0 0 0 0 0 -20 44 0 -11 0 -42 0 
7 0 0 -27 0 0 -33 0 0 -20 0 15 0 7 -17 -33 0 -31 0 0 -27 -49 0 -36 0 0 0 0 0 0 -15 0 0 -17 -11 0 0 0 6 0 0 0 0 0 0 -18 -27 0 -42 0 0 0 0 0 0 0 0 0 0 0 0 0 0 0 0 0 0 0 0 0 0 5 12 47 0 0 0 0 -49 0 0 42 46 -5 0 0 0 0 0 0 28 0 0 0 0 0 0 0 0 0 0 0 0 -48 0 0 0 -21 0 0 0 0 0 0 0 0 0 0 47 10 0 0 0 30 -41 36 0 -21 0 0 0 0 18 -19 12 0 -28 0 0 0 0 0 20 0 0 0 -37 0 0 0 -45 0 0 0 45 -36 0 0 0 0 -36 0 0 0 7 -50 0 0 0 0 0 0 0 0 0 42 0 0 0 0 0 0 0 0 0 0 0 0 -13 19 0 0 0 -38 -48 0 0 0 -17 0 
26 0 -39 0 34 0 0 -35 0 0 6 0 0 0 0 9 0 0 14 12 0 0 0 43 0 0 0 0 0 0 0 0 0 0 -10 0 0 0 0 0 0 0 2 0 0 0 0 0 0 0 0 0 0 0 0 0 0 0 0 0 0 0 0 0 0 43 0 0 0 0 0 0 0 0 0 0 0 0 0 0 0 0 -13 0 -45 0 0 0 0 0 0 0 0 -8 8 0 0 0 0 0 0 0 0 0 34 0 0 0 0 -2 -38 0 0 0 -20 0 0 0 0 0 0 0 -12 0 50 0 0 0 0 34 0 -17 -18 0 0 9 0 -22 0 0 0 0 0 0 0 0 0 0 0 0 11 0 0 -50 0 0 11 0 -12 0 -20 0 16 0 0 0 0 0 0 0 36 -19 0 0 25 0 0 0 0 0 0 0 0 0 -24 0 0 -13 23 0 0 0 0 0 0 0 0 0 0 0 
0 0 0 15 0 0 30 8 0 0 0 0 0 0 0 0 -37 -9 0 0 0 5 0 0 0 0 -24 0 0 0 40 3 0 0 0 0 0 0 0 0 0 0 0 0 0 0 0 29 0 0 0 0 0 0 0 0 -16 0 -4 0 0 0 0 0 0 0 0 0 0 0 0 -49 0 0 0 0 0 0 0 0 27 0 0 0 0 0 0 0 0 -28 0 0 0 5 0 31 0 0 0 0 0 0 0 0 0 0 -1 0 0 0 0 0 0 0 0 -14 0 24 0 0 -11 -45 0 -24 0 0 0 -17 0 0 -47 -37 -20 -14 0 -16 14 38 -29 0 0 39 0 50 0 0 -38 0 0 0 0 0 0 0 0 0 -35 0 0 0 0 -19 0 35 0 0 0 0 0 26 0 0 0 0 18 -39 0 0 0 0 0 14 -40 -30 0 27 0 19 0 0 0 0 0 0 0 0 0 0 0 34 
0 0 0 -14 0 6 0 0 47 0 -8 0 0 0 38 0 -32 0 0 0 0 0 0 18 0 0 0 0 0 0 0 -35 -13 0 0 -44 0 0 0 0 0 0 0 0 0 46 0 -17 0 -40 23 0 -50 0 0 0 0 0 -45 0 0 44 44 24 0 0 0 0 0 0 0 -43 21 15 0 3 30 0 0 0 -50 -2 0 0 0 0 0 38 37 0 -8 0 -18 0 -8 -25 36 19 39 0 0 0 48 0 0 -4 0 0 0 -44 0 -41 0 0 0 0 0 0 3 0 0 0 -3 0 0 0 0 0 0 -36 0 0 1 0 -12 0 0 30 0 0 -43 2 -22 -44 0 0 0 -29 0 0 0 0 0 -43 2 0 44 12 0 0 -24 0 0 0 0 0 -43 3 5 -6 0 0 0 50 38 -44 -21 0 -42 6 0 0 -25 0 0 0 0 0 0 0 -48 -18 -35 0 0 0 0 15 0 0 
0 -13 38 42 0 0 0 0 0 40 0 0 0 0 0 0 0 -19 0 0 0 39 0 -21 -49 0 0 0 -49 0 7 0 0 0 0 -7 23 0 0 30 -2 42 0 0 0 0 0 0 0 0 0 35 0 30 0 -3 50 30 -47 0 0 0 49 0 17 0 0 0 0 0 0 0 0 0 0 0 0 0 0 0 4 0 0 0 0 0 8 0 0 0 0 0 0 -22 0 0 0 0 0 -14 0 0 0 0 0 0 -40 0 -36 0 0 0 38 0 0 1 -17 0 0 -11 -2 -7 -40 0 -40 0 7 26 13 0 0 0 -18 0 28 0 0 0 0 16 0 0 0 0 0 0 0 0 0 0 0 0 0 0 0 46 0 31 0 0 -20 -43 2 0 0 0 0 0 0 0 0 0 43 0 0 0 0 0 0 0 0 0 0 0 0 14 0 0 0 0 -18 0 0 0 0 0 0 0 0 0 
-25 0 0 -9 0 0 -21 0 -49 -36 38 -28 0 0 -11 0 0 0 0 0 0 0 0 0 0 0 0 0 0 0 0 17 0 0 0 24 0 0 0 0 0 0 44 -7 0 0 0 0 0 0 0 0 0 0 0 0 0 0 0 -13 0 0 0 0 0 0 0 0 0 0 0 0 0 0 0 0 0 0 0 -46 0 0 0 44 0 0 0 0 0 0 38 0 0 0 0 0 0 0 32 0 38 0 -9 -13 8 0 0 0 0 0 45 0 0 0 0 0 0 0 0 0 0 -48 0 0 0 0 0 0 0 0 0 0 3 0 0 0 -23 0 -23 0 0 -8 0 0 0 0 7 0 0 0 0 0 0 0 0 45 0 0 0 0 0 0 0 0 0 0 0 0 0 0 43 0 0 0 -48 -32 0 0 0 0 0 0 0 -50 0 0 0 0 0 0 -35 0 0 0 0 30 0 0 0 0 
-34 -10 33 -44 0 0 0 0 0 0 0 0 0 14 27 0 10 0 0 0 48 4 0 0 0 0 0 -30 0 0 10 0 0 0 40 0 -16 0 0 0 0 0 0 0 -33 0 0 49 0 0 0 0 0 10 0 0 0 0 0 39 0 0 0 0 23 0 -13 0 0 0 0 0 33 24 0 0 0 0 0 0 0 34 0 0 0 0 0 0 0 0 0 0 -37 10 0 34 0 0 -5 0 0 0 0 0 0 0 0 0 -23 -17 0 0 0 -20 0 -45 7 4 0 -30 0 0 40 0 0 49 0 0 -45 0 0 0 0 0 0 0 0 0 0 0 28 0 0 0 -37 0 0 -34 0 0 0 0 0 0 0 0 0 0 0 8 35 0 0 0 0 0 0 0 0 -4 -27 0 0 0 32 43 0 0 0 16 0 0 0 0 0 0 -20 -38 0 0 0 0 0 0 0 0 0 -15 0 0 
0 0 0 0 14 0 17 -31 36 -2 0 0 0 0 0 0 0 35 0 0 -22 0 0 -4 0 0 0 0 34 0 0 0 0 0 0 0 0 0 0 0 0 0 0 -25 -15 0 0 0 0 0 0 -22 0 0 0 2 20 0 0 0 0 0 0 0 0 0 0 0 0 -15 0 0 -23 0 0 0 0 0 0 -29 -4 0 0 0 0 0 17 -36 0 0 0 0 -48 0 11 0 0 0 0 0 13 0 0 0 0 18 0 0 13 8 0 0 0 0 0 -10 -42 34 0 0 22 0 0 0 0 0 -45 48 0 -26 0 0 -30 0 5 -18 0 0 0 0 0 0 0 24 -5 0 -11 20 0 0 38 0 0 0 0 0 0 0 0 0 0 4 0 49 0 0 0 0 0 0 0 0 0 0 28 0 -5 0 0 0 0 0 0 25 0 0 44 -48 0 0 0 0 0 0 0 0 -3 0 0 27 
0 0 13 0 -46 0 -19 0 0 0 0 0 0 0 0 0 -38 0 0 0 0 0 -13 0 0 0 0 0 0 0 0 0 0 0 0 -26 0 0 -28 0 0 0 0 0 0 7 15 0 34 0 0 0 0 0 0 0 0 0 0 0 0 43 0 0 0 0 -36 0 0 0 0 0 -6 -34 0 0 0 0 0 0 0 13 -32 0 0 47 31 0 0 0 0 0 0 0 0 -5 -19 37 0 0 -41 0 0 -45 0 30 16 0 43 0 0 12 -10 0 0 0 50 5 0 0 0 0 0 0 0 0 0 38 0 0 0 0 0 0 0 0 0 -43 0 0 0 0 0 0 0 0 0 0 0 0 0 0 0 0 -18 0 0 0 0 0 0 0 0 0 45 0 0 13 -27 0 50 0 -29 0 0 0 -16 0 0 -5 0 0 0 -26 0 42 0 0 0 0 0 0 30 0 0 -22 0 0 0 0 
-29 0 -2 0 -10 38 -23 0 0 0 0 0 0 0 0 3 0 0 0 0 33 0 3 0 0 0 0 0 0 0 0 0 0 0 0 0 0 -48 0 0 0 0 0 0 -41 0 0 0 0 0 0 0 -7 0 0 -19 0 0 0 -32 -22 0 -10 0 -50 0 0 0 -30 0 0 -50 -7 0 7 0 0 0 0 0 0 3 0 0 0 0 -14 0 0 0 28 -35 0 0 0 31 0 0 0 0 0 0 0 0 -35 0 -33 0 -32 0 0 0 0 0 0 0 0 0 0 0 0 0 0 -20 0 0 0 0 0 0 0 0 0 0 0 43 0 0 0 0 0 0 0 0 0 0 11 0 0 0 0 29 0 21 0 0 -37 0 0 42 16 0 0 0 11 -34 44 0 17 0 0 0 0 -23 0 0 0 0 0 0 0 0 -24 0 6 0 -11 0 0 0 0 0 0 0 -3 0 0 0 0 0 
32 14 -39 0 0 0 -41 0 0 0 -20 0 0 -23 0 0 0 0 0 0 -3 0 0 0 0 0 -12 0 34 0 0 0 0 0 0 0 0 0 0 8 0 0 0 0 0 -11 0 0 4 0 0 0 0 0 0 0 0 0 0 0 0 48 0 0 -35 0 0 0 0 0 16 -13 0 -18 -7 0 -24 0 34 0 0 0 0 0 0 0 0 0 47 -14 49 0 0 0 0 0 -50 -24 29 40 0 0 0 0 0 50 0 40 0 0 -15 0 38 0 5 0 0 0 0 0 -1 0 0 0 0 0 0 0 0 -24 -34 0 -7 0 45 0 0 0 0 0 0 0 0 35 25 0 0 0 0 0 0 0 0 0 0 0 0 0 -29 4 0 0 0 0 0 -39 0 -17 0 0 0 41 0 0 -18 0 0 -47 -5 0 45 0 8 0 0 0 0 0 0 0 15 0 0 -15 0 0 0 -44 0 0 
0 0 0 0 0 0 0 -1 0 36 0 -5 0 3 0 0 0 33 0 26 32 0 -19 0 0 0 0 0 0 0 0 34 0 0 0 0 0 0 0 0 -47 0 0 0 0 0 0 41 0 0 0 0 0 0 0 0 -5 0 0 0 0 0 0 -14 0 0 -47 0 0 0 0 -35 0 0 0 0 0 0 -33 0 0 0 0 0 38 0 0 0 -32 0 11 0 0 47 0 0 0 0 41 -31 46 -35 0 1 0 0 30 0 0 0 0 0 0 0 23 0 0 0 0 0 32 23 0 0 0 -8 0 0 0 0 0 0 -28 10 0 0 0 -21 0 48 0 0 0 0 0 0 0 0 0 -12 0 -10 -35 48 0 0 0 0 45 0 0 0 0 0 0 0 -19 0 0 0 0 0 0 -4 0 0 0 0 -42 0 0 8 0 0 0 -14 -42 -17 0 0 0 0 0 0 0 0 0 0 0 0 
0 0 0 24 0 0 0 46 0 0 0 0 0 0 0 0 0 0 0 34 0 0 -45 0 22 0 0 0 0 0 0 0 0 0 0 0 -3 0 0 -3 0 0 0 42 13 0 0 0 0 -50 0 22 0 0 -30 0 0 0 0 0 0 0 20 0 -33 0 0 0 0 0 26 32 0 15 0 0 0 0 -19 0 -29 -20 49 0 0 0 0 0 0 31 0 0 6 0 0 -21 0 0 37 0 49 0 0 0 -5 0 0 0 -29 0 0 -9 0 -8 -49 -21 0 0 0 0 0 20 0 0 0 0 0 0 0 0 0 0 0 0 0 0 0 -29 0 -10 0 0 0 35 0 0 0 -43 0 -33 0 0 12 0 0 0 0 0 -23 0 0 0 0 0 37 0 15 0 0 0 0 0 0 0 9 11 0 0 0 0 0 0 0 0 23 0 0 0 0 34 0 0 0 0 27 0 0 0 0 0 
