125
-39 -1 -36 -31 40 -26 38 -7 -11 -38 -48 -44 -18 12 50 -43 39 44 -43 -43 -36 24 42 31 6 -42 34 6 42 -23 -26 -5 45 8 -49 -22 0 40 -5 35 2 31 -26 0 -47 -2 -17 35 48 -30 -32 38 -21 16 -9 -29 12 -3 -15 -13 1 -33 -1 -35 50 -3 35 13 47 47 -20 39 33 -49 -23 14 25 -10 -48 -50 -42 -13 -27 28 31 7 38 43 -13 49 24 31 -12 -34 -28 6 -4 -48 -2 4 -37 -23 9 11 -42 31 -7 -32 -20 -35 -11 49 -35 -35 -6 44 23 -44 8 -12 -12 -33 21 -36 14 
37 23 0 0 0 2 0 24 9 -34 -2 0 0 9 -32 -21 0 -45 1 -29 -34 40 41 -34 0 -25 27 -9 -36 0 -13 48 -20 -16 -41 -16 -38 0 -44 0 13 1 19 26 43 -18 44 12 0 19 9 -42 0 -2 12 0 2 0 40 -49 25 34 10 41 0 -15 47 -45 7 0 29 39 14 19 -42 21 1 0 5 0 22 -38 -8 34 39 0 -17 0 10 26 -11 22 -4 35 31 -27 0 0 -13 28 0 0 33 -20 0 3 0 24 7 21 -12 0 0 -33 31 35 0 -30 -50 0 44 5 0 35 -34 
23 51 -23 -44 10 0 7 -7 47 -5 0 0 -6 0 4 21 33 -13 -29 0 31 0 0 -41 -39 -40 -42 -26 -46 8 -47 -2 16 0 27 0 0 0 4 4 -18 -14 -25 -18 -26 0 -5 -5 -42 -50 47 45 14 0 -28 -40 9 -22 5 0 -46 15 -28 -32 -43 -37 -13 30 37 0 -39 24 -24 -49 0 -27 0 0 -9 44 -46 0 0 -4 0 -14 -26 0 0 0 5 -7 19 24 0 0 -24 -45 -2 26 -40 -24 -23 0 -47 0 0 47 -4 18 -48 0 29 -50 32 43 0 20 0 0 -13 16 -10 32 13 
0 -23 37 41 0 -3 -5 2 0 0 -36 -27 35 0 24 -36 -21 38 0 40 47 -15 -25 46 -18 -11 30 0 13 38 0 2 0 0 0 -46 -37 -19 0 33 39 12 36 5 -35 1 -27 -42 37 0 -3 -28 0 -23 0 -13 -33 -3 -17 34 49 -39 0 0 5 4 25 0 0 1 -25 -10 0 25 -14 26 3 21 22 14 5 0 -3 -35 2 -17 0 0 0 -15 41 -34 42 18 47 39 25 -10 -23 1 32 17 0 -44 28 -34 -11 -2 37 32 0 0 34 14 45 44 -10 -44 0 18 0 0 23 -48 0 
0 -44 41 44 5 -1 16 -50 0 0 -44 -37 17 -49 -31 0 13 39 0 -47 -27 49 -29 0 49 0 0 -34 49 38 0 0 -34 28 42 9 7 0 -10 26 0 9 40 -34 17 -17 0 50 0 31 -35 0 -2 0 2 6 48 7 0 -15 -17 0 12 -17 -48 -20 6 0 -6 -43 -31 46 -20 3 0 7 39 -17 -45 49 -19 -45 37 47 0 37 -26 3 -16 -19 0 36 -16 -28 4 -47 0 -26 0 -31 -25 0 -27 36 -8 19 0 19 36 33 0 16 -6 -42 -43 0 8 0 -6 16 -31 30 26 -30 31 
0 10 0 5 21 -2 -4 21 34 -4 32 8 0 0 -12 0 35 -17 -50 0 4 39 -28 -25 0 -21 31 -44 -20 -28 0 -29 -10 -50 -6 -32 31 0 15 -42 2 17 0 0 20 45 -40 2 -44 10 -12 16 0 -12 15 5 0 0 0 0 8 -24 50 1 0 0 -44 24 48 -13 47 0 -2 30 0 27 0 -16 0 30 0 18 -4 -26 0 41 47 -24 33 48 13 41 12 28 -32 47 0 0 -4 -14 -19 36 0 48 -23 -8 0 0 17 40 0 -44 0 0 17 45 27 0 -4 0 32 39 0 -8 49 
2 0 -3 -1 -2 48 -9 20 -19 0 10 29 -34 0 42 9 40 -26 0 33 -14 0 44 0 12 28 18 -32 0 23 0 13 -26 -22 5 -25 -30 -2 -18 36 0 0 23 -12 -20 -2 27 48 -39 6 -3 -5 23 25 -44 0 -24 -26 26 0 -14 -14 0 35 -39 -1 0 17 13 0 -49 0 -12 8 -24 -44 -31 -5 -8 0 3 15 5 12 6 44 49 0 24 -31 35 -8 20 -9 50 2 -11 25 36 22 50 1 0 28 18 49 3 -24 -12 -19 -17 0 -42 0 31 0 50 40 -23 -6 9 9 0 31 -4 
0 7 -5 16 -4 -9 4 0 24 0 32 0 -22 27 0 49 0 0 -11 18 -23 -15 0 -13 43 46 46 32 -18 0 35 0 0 47 -36 -38 -40 0 38 -11 21 5 -37 44 0 34 0 0 0 -11 -31 -21 -45 1 -1 0 -46 43 19 45 0 42 42 0 48 -48 0 0 49 12 -32 -29 0 0 0 0 31 -10 -1 -43 -36 -15 37 -16 5 38 32 -11 34 -37 -4 47 -18 0 35 31 -42 14 -35 0 -6 -30 23 -37 0 -9 0 0 -28 0 -44 0 -39 -36 19 0 14 36 46 49 -15 17 0 23 -46 
24 -7 2 -50 21 20 0 40 -37 30 0 3 0 0 -13 0 15 -34 40 -16 -3 31 -30 -23 8 -35 -43 0 0 20 17 -1 -47 -45 0 -13 44 0 0 20 12 5 -14 -39 -38 -22 0 0 -4 -3 0 38 7 -27 -43 2 -1 15 -15 17 37 -50 0 47 45 -26 0 0 0 36 5 41 2 -19 0 -8 42 21 -38 -31 38 36 48 -43 27 0 43 -35 27 0 -13 19 27 -24 41 -8 -50 4 18 -29 -16 -6 45 0 0 16 0 25 -16 14 -33 -45 17 0 27 -44 -30 26 7 28 33 15 -38 31 0 
9 47 0 0 34 -19 24 -37 16 0 -8 0 -50 38 -5 26 26 40 0 0 -5 0 15 23 -26 24 -25 -17 24 1 -11 0 24 -49 0 28 0 -40 50 -18 -50 -26 20 46 -40 -4 0 -19 0 -47 8 6 -50 39 0 0 -33 16 0 0 46 -26 -13 -38 0 -27 0 23 47 27 47 -15 0 -17 -8 -30 0 -33 28 -35 40 -44 36 -21 5 0 0 -40 -48 47 0 0 0 37 -1 0 0 -48 -7 -47 24 -18 -12 -13 0 10 17 -43 44 -48 -22 0 0 27 42 0 17 0 23 50 0 -10 -45 4 0 
-34 -5 0 0 -4 0 0 30 0 14 -45 0 -44 -23 0 -19 -4 28 -10 16 0 0 -25 32 -27 0 0 -12 3 -7 0 46 -33 0 0 -39 0 -48 33 -8 0 -26 -16 50 6 0 17 -43 3 -16 0 14 12 0 46 28 -6 -27 36 0 0 0 -27 0 0 15 0 33 0 45 -46 0 -22 0 0 -46 3 4 -44 0 -1 16 17 -1 29 -41 0 -46 17 35 -12 8 25 -8 0 -26 32 -38 0 50 0 12 31 -19 41 17 18 -34 -41 -10 -49 16 11 -16 0 -29 30 0 43 -21 0 -14 0 0 7 
-2 0 -36 -44 32 10 32 0 -8 -45 38 -33 -48 -38 0 10 0 47 0 -39 14 -31 -30 10 -13 29 -18 -4 -29 12 40 -17 42 13 -13 29 -8 -44 0 -21 50 39 0 38 -29 0 16 0 -9 0 -50 -50 15 -25 0 -12 0 34 14 45 0 8 0 -29 -5 -16 -22 0 30 -39 -17 30 -11 -24 -19 9 0 16 0 -19 -14 38 37 38 14 -50 -44 0 41 -26 0 4 0 -15 -50 34 -48 5 -2 -21 50 25 0 10 42 8 -44 0 -7 0 0 -30 0 18 0 6 50 24 0 -32 -13 0 0 0 -33 
0 0 -27 -37 8 29 0 3 0 0 -33 6 20 0 15 40 6 -46 0 0 -22 6 0 0 -23 0 -35 0 5 14 -21 0 4 -42 -44 -50 0 20 19 -46 17 0 0 18 -39 0 -29 -5 -8 32 -46 17 15 -17 0 -35 0 -16 -15 -25 28 -18 -30 -17 29 6 45 0 0 0 -8 29 0 15 -35 46 0 -21 -35 30 20 48 -19 -19 -49 7 0 0 17 0 39 3 0 -23 0 -4 8 0 0 21 38 22 42 0 27 0 -42 -9 21 -18 21 -37 0 30 46 27 0 11 46 -4 0 -26 39 -17 38 
0 -6 35 17 0 -34 -22 0 -50 -44 -48 20 7 17 25 -6 -47 0 0 0 47 -40 -9 -1 0 -5 20 -16 -35 -4 -50 -36 24 -12 13 26 0 38 35 -6 50 0 -19 0 -34 3 21 44 -18 20 3 0 40 -22 15 -17 0 -36 0 0 -15 18 45 14 3 0 24 0 0 9 45 -22 -35 0 -17 0 -40 28 37 1 45 -44 -22 0 0 -37 -29 -10 1 0 -24 -3 4 -9 44 -19 19 -36 -10 0 0 -36 -20 -24 10 0 0 -19 11 -42 -28 -32 50 39 0 49 32 -21 0 0 0 0 16 -24 -49 
9 0 0 -49 0 0 27 0 38 -23 -38 0 17 22 25 19 0 23 -41 5 21 43 2 -16 15 -26 38 -35 50 0 34 17 -12 0 -42 0 16 -31 8 0 49 -47 -10 35 -7 44 -16 15 -31 -30 0 0 -50 -26 0 2 35 5 0 -18 0 -33 19 -6 44 0 -33 0 -42 8 0 -14 0 -50 0 11 2 15 33 -18 -50 18 0 14 -37 0 42 -39 -16 47 -41 0 -34 0 11 20 -33 -47 0 -25 25 0 0 17 25 -11 0 -43 36 43 -21 -6 15 -35 30 -23 -10 46 -4 -27 0 -37 34 -23 -38 
-32 4 24 -31 -12 42 0 -13 -5 0 0 15 25 25 14 0 40 -41 -1 24 0 0 -13 0 0 0 -36 -10 29 39 -2 -5 3 -10 20 10 -24 3 -34 6 -41 7 0 -18 -37 0 26 23 0 0 29 -19 0 -48 16 39 -40 10 -39 -31 49 -25 25 0 0 0 -6 -41 -1 -3 -14 41 -6 0 0 -43 41 50 -38 32 27 0 0 8 -30 49 10 0 -3 -38 0 0 -16 -2 14 0 -8 46 0 0 -15 0 21 -26 19 -33 26 0 -29 0 0 -35 5 -24 4 0 25 0 -7 3 -42 -20 -24 0 -19 
-21 21 -36 0 0 9 49 0 26 -19 10 40 -6 19 0 9 -16 -35 34 1 49 0 49 -2 -32 36 -11 0 -4 20 0 5 -8 0 0 -26 41 41 0 0 0 -40 -38 16 45 26 -42 18 44 44 48 -44 -9 0 -47 33 11 -36 15 7 38 29 42 -17 10 -42 0 22 -35 24 0 -8 -45 0 -33 -10 20 -9 -10 41 8 36 0 0 0 -46 -11 45 -27 -38 49 -2 -9 0 -26 -16 48 29 9 0 10 -20 -19 -34 30 0 -26 45 38 0 -21 0 11 0 17 -23 23 0 28 22 35 42 -37 47 -2 
0 33 -21 13 35 40 0 15 26 -4 0 6 -47 0 40 -16 13 -45 17 0 0 0 0 0 0 2 21 0 10 -42 44 28 0 0 -28 32 50 11 11 0 -2 0 -33 4 -4 0 21 -7 0 -39 -31 -29 -30 40 -4 -28 15 29 20 -9 0 -27 16 46 4 -17 0 0 46 20 39 -33 -22 -46 17 -3 0 -20 41 -46 0 -23 2 38 -31 -47 -9 -14 39 12 -38 -37 0 23 -20 -21 24 -25 5 0 0 -3 43 0 -2 -37 0 0 -46 42 0 19 31 48 -43 0 45 -50 -19 38 -31 -18 2 0 -48 
-45 -13 38 39 -17 -26 0 -34 40 28 47 -46 0 23 -41 -35 -45 5 28 -40 -8 0 0 37 0 -19 -45 -26 30 0 0 0 0 29 0 -21 30 11 13 12 0 -44 41 -49 0 7 5 0 -36 23 -39 13 -21 39 -31 0 9 -35 0 40 40 28 -13 0 -34 -24 49 0 0 29 -48 0 12 -21 0 16 -46 0 0 37 44 9 45 27 0 17 -7 28 38 0 7 7 10 0 0 12 29 -27 -22 0 -50 15 25 -12 -47 -17 0 -32 0 0 -20 -28 30 5 23 -39 -20 11 -34 0 0 -26 -5 -3 32 
1 -29 0 0 -50 0 -11 40 0 -10 0 0 0 -41 -1 34 17 28 42 0 -23 42 0 -12 28 46 0 0 31 -46 14 -15 16 39 26 -21 -46 -20 26 -31 22 20 8 14 0 0 -13 -22 0 -7 43 0 -24 -18 39 -41 21 -8 0 11 1 0 41 27 -6 -7 -45 19 -7 18 -30 0 0 -9 40 45 -39 0 0 -19 -8 -4 10 1 -26 -49 -12 -28 49 36 -34 6 37 -21 0 15 10 41 -28 20 -29 -15 -40 38 0 20 -47 -37 -26 47 -41 -3 26 45 49 32 18 0 9 0 0 -44 0 28 -43 
-29 0 40 -47 0 33 18 -16 0 16 -39 0 0 5 24 1 0 -40 0 3 0 -18 -42 -2 -37 -45 0 -49 0 44 2 24 -9 -38 44 0 20 10 -38 -45 19 -37 0 -20 40 -35 4 0 18 1 -36 0 -48 -31 48 0 -2 0 -48 10 0 4 13 44 -16 -47 -16 -34 0 47 9 46 -26 1 -3 31 36 -39 0 -17 -28 11 34 42 -31 -16 -8 0 -8 0 0 27 16 0 0 4 46 -17 0 -9 0 -41 -24 0 -35 0 0 -37 -1 0 -32 9 0 33 0 -3 -13 -16 19 22 34 -35 -41 9 -28 
-34 31 47 -27 4 -14 -23 -3 -5 0 14 -22 47 21 0 49 0 -8 -23 0 40 46 -43 -18 -21 -7 -16 -11 33 0 0 18 0 0 0 -45 20 -45 -10 12 21 -44 21 -23 -34 0 -18 0 0 39 -4 -20 10 4 3 7 -2 50 31 -26 19 -6 47 0 6 0 0 28 2 0 30 2 0 -26 49 0 -11 -13 -42 16 0 0 0 10 0 24 -36 -35 0 20 11 -18 0 -34 -38 15 40 0 22 15 15 34 16 -42 -30 44 0 0 21 0 0 46 31 32 0 21 -19 0 0 -8 48 0 34 5 0 
40 0 -15 49 39 0 -15 31 0 0 -31 6 -40 43 0 0 0 0 42 -18 46 22 30 46 41 0 0 0 -24 0 -45 0 49 0 -7 -17 27 49 0 -47 0 44 -21 -9 -5 0 -36 -45 9 -33 49 -8 0 30 19 25 -43 9 12 -30 0 0 0 -2 -40 -33 39 40 43 0 -9 29 0 0 0 29 0 -13 0 23 27 -40 0 -6 31 5 -31 -48 -44 -23 -12 0 -47 -34 29 0 43 0 32 10 0 -40 13 12 0 -32 -48 0 26 4 43 0 -2 -16 -44 0 4 20 -25 0 18 0 36 0 -36 
41 0 -25 -29 -28 44 0 -30 15 -25 -30 0 -9 2 -13 49 0 0 0 -42 -43 30 41 0 -38 -2 -24 43 27 0 -34 0 0 -39 16 6 46 0 6 0 47 7 34 0 0 8 -19 0 -29 -39 7 0 -43 3 0 33 0 3 -6 0 -50 6 2 42 0 8 29 -42 -19 0 -3 -32 -45 3 31 -2 -29 -32 0 34 -20 30 0 -17 -20 -4 47 -9 0 0 0 26 1 0 7 4 14 -47 -11 -9 0 0 -13 0 0 -6 -43 -29 -42 0 -17 37 -9 -9 -13 -17 33 38 0 0 -24 35 44 -39 0 
-34 -41 46 0 -25 0 -13 -23 23 32 10 0 -1 -16 0 -2 0 37 -12 -2 -18 46 0 49 -50 34 36 42 -43 -27 31 33 -13 2 20 48 -23 0 -12 4 0 0 -5 -22 18 22 -38 0 -27 -33 -1 23 26 40 0 0 38 -19 0 3 13 49 -6 25 20 2 42 28 -27 0 -1 34 29 -33 46 12 -1 -7 -26 0 0 0 24 0 39 0 -40 -20 -14 27 38 7 3 32 0 0 46 0 -37 0 0 49 44 -26 -8 0 38 -26 -38 26 47 19 0 48 -45 -26 -25 -44 15 -13 14 -23 0 -49 23 
0 -39 -18 49 0 12 43 8 -26 -27 -13 -23 0 15 0 -32 0 0 28 -37 -21 41 -38 -50 10 -49 50 -16 -46 -23 4 -32 -21 0 -8 0 0 -43 -34 36 46 -35 -21 0 -12 6 16 -11 25 0 0 2 -45 -31 0 6 -41 40 12 -44 48 23 1 0 -26 -34 0 0 43 -3 0 -19 -29 0 0 0 0 6 0 0 -12 -3 42 -4 50 -40 -9 0 0 0 -45 24 4 48 -42 -31 0 0 22 -1 0 14 -8 36 -29 -40 38 41 0 11 0 37 30 -34 -4 -40 -25 31 16 12 0 49 31 -33 0 
-25 -40 -11 0 -21 28 46 -35 24 0 29 0 -5 -26 0 36 2 -19 46 -45 -7 0 -2 34 -49 44 -32 37 7 42 -20 9 -8 0 0 -25 -6 33 -16 -29 0 -4 42 14 -41 12 0 11 28 -19 0 0 0 47 -42 -37 37 -16 36 50 50 25 0 33 2 40 34 0 0 -43 -14 0 -9 -35 -3 11 0 5 -36 45 42 -25 -40 44 -31 48 6 -26 25 31 -10 32 0 -14 -3 -22 36 0 -36 -25 27 -42 26 -12 -37 -48 48 0 0 -35 46 9 16 0 6 -22 -21 0 -47 47 0 -10 -28 0 0 
27 -42 30 0 31 18 46 -43 -25 0 -18 -35 20 38 -36 -11 21 -45 0 0 -16 0 -24 36 50 -32 40 5 -35 32 25 31 0 -47 48 -43 30 -28 11 0 25 34 0 -15 0 -33 -46 -37 -29 7 21 -18 -37 22 -31 28 25 50 -31 -17 0 28 37 0 0 -5 0 -28 -40 50 0 0 -37 2 -35 -14 -6 50 22 12 0 34 -42 35 5 -3 17 22 0 -42 0 -27 -9 47 -14 -25 43 -41 -17 0 -5 0 0 -1 -33 -50 -41 -19 11 -28 -17 48 20 -41 -40 17 34 -27 16 -30 -35 18 0 -31 -33 
-9 -26 0 -34 -44 -32 32 0 -17 -12 -4 0 -16 -35 -10 0 0 -26 0 -49 -11 0 43 42 -16 37 5 39 8 0 -7 -29 33 8 -19 0 -47 24 48 44 0 -19 -48 26 0 43 41 0 -23 -5 -26 -36 -15 43 4 -11 25 -33 3 -14 0 42 -36 26 0 44 0 -30 0 0 -31 -26 43 -8 -42 41 0 46 -31 41 -48 -3 49 0 -36 -15 27 -37 -4 6 30 0 29 18 0 -40 28 0 34 0 -44 18 0 0 11 0 -15 0 0 0 16 0 0 1 44 0 42 30 -19 6 29 0 -3 -18 0 
-36 -46 13 49 -20 0 -18 0 24 3 -29 5 -35 50 29 -4 10 30 31 0 33 -24 27 -43 -46 7 -35 8 5 -38 46 28 0 10 0 0 9 36 49 18 0 0 16 -18 21 11 -15 1 0 11 -27 -9 0 18 10 7 41 0 37 -12 -26 31 -24 -49 -14 0 47 50 27 -27 40 37 -1 0 42 12 -30 40 -7 29 0 -49 0 -34 26 33 22 0 39 -23 9 0 -19 0 0 -13 -11 10 6 0 19 -33 0 -31 -5 -12 -29 5 37 -47 47 -47 0 4 -15 20 49 38 -44 0 -28 31 0 0 -16 
0 8 38 38 -28 23 0 20 1 -7 12 14 -4 0 39 20 -42 0 -46 44 0 0 0 -27 -23 42 32 0 -38 40 -11 -28 -30 0 5 41 -24 -45 45 32 -9 1 0 37 0 0 8 -46 -22 -18 0 -20 31 37 -32 0 46 34 -19 0 39 -37 0 0 -39 0 20 -16 -44 -37 8 39 6 0 23 13 42 -14 -46 -37 -13 0 -3 0 41 0 -40 33 0 -9 39 2 -35 0 20 0 0 23 27 16 23 -36 -14 -41 -42 17 -21 27 0 17 12 43 35 0 -23 0 44 42 -19 10 -37 0 0 -14 0 
-13 -47 0 0 0 0 35 17 -11 0 40 -21 -50 34 -2 0 44 0 14 2 0 -45 -34 31 4 -20 25 -7 46 -11 10 0 -44 -19 36 -28 0 0 -50 32 -13 -40 33 0 -13 -31 45 -45 0 -36 -41 38 0 13 0 0 10 46 49 -37 0 18 0 0 -40 8 49 0 -3 0 -45 -50 35 11 -46 0 5 -21 33 23 0 24 -17 -44 -12 25 -10 -46 0 0 30 0 20 -31 22 -27 -20 5 16 6 3 -44 -6 45 -39 43 24 -27 -6 22 16 -46 -37 -14 0 33 0 18 22 -3 -38 50 0 22 -15 
48 -2 2 0 -29 13 0 -1 0 46 -17 0 -36 17 -5 5 28 0 -15 24 18 0 0 33 -32 9 31 -29 28 -28 0 5 24 0 38 17 0 22 21 0 -41 0 0 -18 -11 42 12 28 23 44 0 -19 36 -30 0 -24 13 36 -9 0 -10 0 -20 -11 26 0 24 -47 42 0 45 -44 -30 0 30 0 -36 -11 -50 0 32 0 6 -19 31 0 4 31 19 -41 0 0 17 -18 0 -30 0 0 0 25 -17 -29 40 -6 -35 -38 44 15 -45 0 -32 -34 25 0 0 45 28 7 0 -31 0 0 0 -15 49 
-20 16 0 -34 -10 -26 0 -47 24 -33 42 4 24 -12 3 -8 0 0 16 -9 0 49 0 -13 -21 -8 0 33 0 -30 -44 24 26 -37 -13 48 0 -30 -23 0 -20 -30 41 28 16 -37 -17 0 -42 0 21 0 -12 -50 0 37 0 29 26 -37 -48 -17 -14 44 0 47 17 5 -8 39 -18 42 0 33 -36 21 -4 0 0 20 0 18 20 -13 43 42 2 -38 -3 11 -12 1 6 13 -11 -3 -9 0 -5 31 0 -42 0 -3 0 23 0 -48 0 31 -19 -14 -27 -26 33 0 -15 -22 -27 -34 -23 -17 -41 -3 48 
-16 0 0 28 -50 -22 47 -45 -49 0 13 -42 -12 0 -10 0 0 29 39 -38 0 0 -39 2 0 0 -47 8 10 0 -19 0 -37 35 49 0 0 24 -48 4 8 -19 35 0 16 -33 37 0 11 0 0 0 -18 0 0 0 19 -4 -29 39 0 0 -34 15 47 -50 -16 -23 19 38 40 8 -43 13 7 0 -8 5 19 0 8 -21 11 28 0 4 0 -3 -49 44 0 -10 0 -14 37 28 -27 33 0 21 0 -20 20 50 32 4 50 -43 -48 -5 20 -45 0 -39 -14 -5 -18 32 6 0 0 0 -17 42 -24 
-41 27 0 42 -6 5 -36 0 0 0 -13 -44 13 -42 20 0 -28 0 26 44 0 -7 16 20 -8 0 48 -19 0 5 36 38 -13 49 45 -7 5 46 -10 0 0 0 18 0 9 0 -25 -49 -4 22 45 47 26 -22 -8 34 0 0 -18 0 0 -5 -13 0 -19 50 -9 10 0 1 0 -34 45 0 1 20 0 0 0 0 -17 12 -39 0 -6 12 0 -20 -46 0 -40 0 -10 -43 -42 -28 10 -45 34 23 -46 16 28 42 44 -15 21 0 -12 0 18 -16 34 -15 18 -36 -44 -22 -41 47 -19 0 22 11 43 
-16 0 -46 9 -32 -25 -38 -13 28 -39 29 -50 26 0 10 -26 32 -21 -21 0 -45 -17 6 48 0 -25 -43 0 0 41 -28 17 48 0 -7 34 0 -34 42 0 -15 45 0 12 25 37 -32 -21 22 32 -13 -5 0 -9 -15 46 14 -4 33 0 8 -25 0 46 -5 0 15 0 3 0 -46 22 3 44 -12 -6 0 0 -3 -1 22 44 -19 0 32 0 -44 -46 41 35 0 -20 18 -16 0 -21 0 -1 1 -4 -30 -23 0 34 50 0 42 -24 0 30 38 34 20 0 0 37 47 -42 6 7 -45 0 43 50 49 
-38 0 -37 7 31 -30 -40 44 0 0 -8 0 0 16 -24 41 50 30 -46 20 20 27 46 -23 0 -6 30 -47 9 -24 0 0 0 0 5 0 45 -39 -21 0 0 0 0 -1 -2 0 -22 0 6 0 -39 0 -16 -13 13 41 -5 26 35 41 -49 -10 -35 28 -42 0 20 43 0 30 40 0 -48 -23 48 27 21 0 -3 -5 24 12 -47 0 0 0 -18 0 32 21 24 25 -31 33 -48 45 -42 21 33 40 47 0 -11 -21 0 0 -11 0 0 0 12 -9 33 -24 -31 0 -24 -37 -50 -36 27 0 0 -29 0 
0 0 -19 0 0 -2 0 0 -40 -48 -44 20 38 -31 3 41 11 11 -20 10 -45 49 0 0 -43 33 -28 24 36 -45 0 22 -30 24 46 -34 -39 25 36 -50 0 0 -12 -20 -50 0 0 -6 0 49 0 0 0 6 -33 -15 33 -26 -19 -2 16 -42 31 -2 -34 -25 -8 -19 28 -46 -50 -37 24 0 -35 42 -13 -12 40 -38 -27 -32 26 29 30 20 36 32 -39 33 1 -45 37 -25 -9 42 42 6 47 9 0 12 0 0 -39 46 0 0 0 -44 4 -28 -37 -39 -7 0 0 5 29 -19 32 0 0 0 41 
-44 4 0 -10 15 -18 38 0 50 33 0 19 35 8 -34 0 11 13 26 -38 -10 0 6 -12 -34 -16 11 48 49 45 -50 21 -23 -48 -10 42 -21 36 16 -22 18 35 0 -9 0 -23 0 -19 22 4 18 25 -3 0 -43 0 -40 30 44 -5 45 30 0 -25 -32 -47 -12 -14 -39 0 0 0 -15 -49 35 24 10 2 0 -30 48 -40 0 -47 0 0 -24 -3 30 0 22 0 -16 39 36 -18 40 35 43 22 19 2 2 42 -14 -14 0 25 -3 -12 -45 -37 14 33 -49 33 13 -43 -12 0 21 -6 -8 -28 -26 
0 4 33 26 -42 36 -11 20 -18 -8 -21 -46 -6 0 6 0 0 12 -31 -45 12 -47 0 4 36 -29 0 44 18 32 32 0 0 4 0 0 0 -50 -22 9 45 33 -12 -49 -43 40 34 -32 -1 32 0 -10 16 33 -10 29 11 -18 0 0 19 0 33 0 -46 0 -34 -10 0 0 0 27 30 26 0 0 0 -44 6 18 19 -35 0 -29 -8 -17 0 -28 -33 -40 45 -31 -13 -43 -46 -31 36 0 0 50 -49 0 34 0 47 0 -35 -42 0 0 0 -33 0 -33 -12 -20 -16 37 0 0 0 44 4 0 -12 
13 -18 39 0 2 0 21 12 -50 0 50 17 50 49 -41 0 -2 0 22 19 21 0 47 0 46 0 25 0 0 -9 -13 -41 -20 8 0 -15 0 0 18 45 32 1 -16 0 0 0 7 0 -4 0 -40 0 -18 2 0 -18 42 11 -31 0 0 38 -9 0 0 23 26 0 4 0 -34 -19 -34 -2 40 0 20 18 0 32 30 12 32 -29 -23 0 19 13 0 41 14 0 -32 -36 -19 43 11 -26 0 41 -3 39 -37 -26 26 0 0 -16 24 0 33 7 -14 0 19 -10 -15 23 14 -45 0 40 0 -9 22 
1 -14 12 9 17 0 5 5 -26 -26 39 0 0 -47 7 -40 0 -44 20 -37 -44 44 7 0 -35 -4 34 -19 0 1 -40 0 -30 -19 0 45 0 0 35 33 1 3 -31 -28 42 -1 0 0 42 26 -48 0 26 -26 33 41 0 -35 -23 23 0 24 -48 -1 -27 -14 10 -26 13 -27 -38 -13 -23 0 -37 -42 0 0 -8 16 0 -46 0 -30 5 2 9 -30 36 0 44 -49 0 21 0 27 -2 29 34 -40 -39 7 0 -16 6 48 37 39 10 49 7 30 -8 -20 4 0 0 6 26 0 31 -40 13 0 31 
19 -25 36 40 0 23 -37 -14 20 -16 0 0 -19 -10 0 -38 -33 41 8 0 21 -21 34 -5 -21 42 0 -48 16 0 33 0 41 35 18 0 0 -12 0 -12 -16 -31 22 -33 0 0 -34 0 0 13 -32 -25 33 7 20 -42 0 -10 0 0 39 0 36 -10 0 0 15 0 48 36 -48 -28 42 20 0 0 -21 22 14 0 0 0 30 -27 31 21 39 21 0 -31 -5 0 27 43 0 22 -35 0 4 -47 48 30 -43 -11 9 0 31 0 0 33 -37 45 -21 0 0 -41 -46 2 0 -22 -32 0 27 16 -38 
26 -18 5 -34 0 -12 44 -39 46 50 38 18 0 35 -18 16 4 -49 14 -20 -23 -9 0 -22 0 14 -15 26 -18 37 0 -18 28 0 0 12 -1 -20 -9 -49 0 -28 -33 10 0 -26 0 0 0 -29 0 0 -49 -10 48 0 22 -23 -18 -18 0 37 -49 -34 26 1 -14 0 0 0 39 28 -36 -23 2 25 43 -15 33 48 -28 0 31 -21 -22 0 40 0 -19 9 -20 15 -38 42 -42 11 -48 -26 40 0 -7 0 -32 -26 0 -49 41 0 0 0 32 15 0 0 0 17 -36 0 0 -3 24 4 -45 6 8 
43 -26 -35 17 20 -20 0 -38 -40 6 -29 -39 -34 -7 -37 45 -4 0 0 40 -34 -5 0 18 -12 -41 0 0 21 0 -13 -11 16 16 9 25 -2 -50 0 -43 0 42 0 0 15 -2 48 41 0 2 -18 8 0 49 -42 -27 0 0 18 45 -36 0 16 0 0 22 -4 6 49 16 18 -30 -41 -41 -22 -34 17 -2 0 -50 8 4 0 41 -6 0 -46 0 22 -5 0 -17 41 11 22 34 46 -39 45 0 -21 0 26 41 38 6 42 40 0 0 -42 -5 9 22 0 -50 -32 -7 11 10 -1 -7 -2 26 32 
-18 0 1 -17 45 -2 34 -22 -4 0 0 0 3 44 0 26 0 7 0 -35 0 0 8 22 6 12 -33 43 11 0 -31 42 -37 -33 0 37 0 0 -23 40 0 -1 0 -26 -2 18 -36 -3 28 0 0 -5 -28 42 0 28 -19 -5 0 0 0 -1 -18 1 41 -5 -20 -36 -47 -1 -28 49 -36 -33 0 44 35 44 39 39 -49 17 0 48 15 36 0 -32 -42 0 28 10 -32 0 0 -36 -50 0 24 0 0 45 -26 2 11 -45 48 -45 -31 49 0 -1 -21 31 -15 -11 -46 -2 26 3 0 0 17 -47 9 
44 -5 -27 0 -40 27 0 0 0 17 16 -29 21 -16 26 -42 21 5 -13 4 -18 -36 -19 -38 16 0 -46 41 -15 8 45 12 -17 37 -25 -32 -22 0 0 34 7 0 -34 0 48 -36 8 2 0 -39 -9 -37 -11 0 34 0 13 0 0 49 -31 -2 -42 -20 -34 -29 0 -32 0 1 -25 -12 0 46 27 -36 35 18 26 12 0 -24 44 -29 17 -28 3 24 7 -20 23 0 -38 0 -29 0 0 0 46 43 -19 25 0 29 21 -44 0 -12 -1 -31 -9 -33 -27 16 -15 6 0 29 0 0 0 -20 10 12 31 
12 -5 -42 50 2 48 0 0 -19 -43 0 -5 44 15 23 18 -7 0 -22 0 0 -45 0 0 -11 11 -37 0 1 -46 -45 28 0 0 -49 -21 0 -6 -19 -32 0 0 0 0 41 -3 2 33 23 -48 -10 6 43 48 47 -27 0 40 26 -17 -36 -7 -29 0 -2 -6 15 1 -5 -28 0 0 -50 -6 0 -33 0 47 32 0 0 -24 0 36 31 10 44 -25 0 24 0 -9 -41 43 0 15 17 0 -23 -15 38 0 -23 -8 0 0 0 -45 0 -9 14 -34 0 -41 19 2 30 11 -35 3 12 50 -11 -41 -24 
0 -42 37 0 -44 -39 0 -4 0 3 -9 -8 -18 -31 0 44 0 -36 0 18 0 9 -29 -27 25 28 -29 -23 0 -22 0 23 -42 11 -4 22 6 0 22 -1 -4 42 0 0 0 28 0 23 17 -6 48 2 -42 0 0 0 -38 -50 0 2 21 0 0 36 -10 -15 41 -4 0 -10 -43 2 0 -8 -50 12 0 17 -35 4 -42 0 -32 -45 0 38 29 44 0 -37 -24 9 -23 5 41 0 0 -49 -36 -47 0 -44 0 0 0 0 50 0 -14 25 47 0 0 1 14 44 0 0 36 -11 -10 6 8 26 -3 
19 -50 0 31 10 6 -11 -3 -47 -16 0 32 20 -30 0 44 -39 23 -7 1 39 -33 -39 -33 0 -19 7 -5 11 -18 -36 44 0 0 22 32 0 49 4 32 0 26 13 -29 2 0 -39 -48 -6 51 0 -6 0 0 27 37 28 0 23 0 2 -26 -40 0 29 0 0 10 0 49 -5 -29 -34 -23 0 34 -20 0 -1 0 -6 0 -10 -49 47 0 -31 10 36 -49 0 30 4 0 -28 -4 0 -41 0 0 26 -5 0 12 0 25 0 0 -29 0 -20 -27 15 27 0 37 -8 0 0 27 0 0 14 -44 0 
9 47 -3 -35 -12 -3 -31 0 8 0 -50 -46 3 0 29 48 -31 -39 43 -36 -4 49 7 -1 0 0 21 -26 -27 0 -41 0 21 0 45 -13 -39 0 18 0 -40 -48 -32 0 -18 0 -9 -10 48 0 47 0 -30 -28 30 -21 -30 41 -12 0 -17 0 -36 -35 34 -9 -6 0 -8 0 -40 0 1 3 0 -47 29 0 -37 0 -23 -43 0 26 -6 11 -26 0 41 41 -29 0 0 -16 39 36 0 8 48 -49 4 0 -13 -29 46 -36 43 0 38 14 -49 7 27 23 -48 10 -41 39 -35 -12 0 0 18 -32 46 
-42 45 -28 0 16 -5 -21 38 6 14 -50 17 0 0 -19 -44 -29 13 0 0 -20 -8 0 23 2 0 -18 -36 -9 -20 38 -19 0 0 47 -5 0 0 25 -10 0 0 -25 0 8 -5 -37 6 2 -6 0 7 39 -45 45 0 -25 -30 -41 -25 -28 -32 -43 0 -50 0 -9 -32 -11 -13 38 0 -6 -1 49 0 -25 -18 0 -37 15 39 -32 26 7 -17 2 50 0 -41 0 -24 -44 39 50 43 48 -11 0 26 -43 0 -50 28 31 0 0 -44 6 -34 6 50 4 -3 -4 -46 -21 39 0 0 0 -11 -38 25 0 
0 14 0 -2 0 23 -45 7 -50 12 15 15 40 -50 0 -9 -30 -21 -24 -48 10 0 -43 26 -45 0 -37 -15 0 31 0 36 -12 -18 26 0 -16 0 -3 16 -18 26 33 -49 0 -28 -11 43 -42 0 -30 39 35 3 0 -24 7 40 -15 0 16 -33 -6 0 0 0 0 -7 -27 -2 -7 -5 -50 37 23 0 -26 -8 28 -10 -28 43 -43 -44 49 0 -18 -25 11 0 16 0 -35 5 -15 38 45 -6 2 0 -24 19 -40 19 50 27 0 32 0 14 -4 0 -41 3 -34 0 34 0 5 0 -10 0 0 -41 -24 
-2 0 -23 0 -12 25 1 -27 39 0 -25 -17 -22 -26 -48 0 40 39 -18 -31 4 30 3 40 -31 47 22 43 18 37 13 -30 -50 0 -22 -9 -13 6 0 33 2 -26 7 -10 49 42 0 48 0 0 -28 -45 3 17 28 -17 -25 4 17 32 0 18 25 -43 -11 0 -37 -31 0 36 0 33 -2 27 0 -27 0 -46 0 0 27 15 -50 0 -50 -19 -20 -24 -16 0 -37 0 -5 -18 -22 -5 13 0 45 0 -5 0 -33 -29 5 4 -50 35 26 -49 19 -13 45 27 -41 0 0 32 43 0 -15 7 -6 7 -18 
12 -28 0 2 15 -44 -1 -43 0 46 0 0 15 0 16 -47 -4 -31 39 48 3 19 0 0 0 -42 -31 4 10 -32 0 0 0 0 -8 -15 13 -33 -43 -10 0 33 20 48 -42 0 34 47 0 27 30 45 0 28 24 -21 -47 0 27 20 16 -19 -46 0 3 39 0 42 41 0 13 0 12 0 0 -42 0 46 -29 3 -35 38 -47 21 19 0 0 -3 0 3 35 19 36 45 0 31 16 -39 0 8 9 -47 14 0 -10 0 -3 11 0 0 8 -48 0 32 36 18 0 -41 0 9 -6 16 -45 0 -34 
0 -40 -13 6 5 0 0 2 0 28 -12 -35 -17 2 39 33 -28 0 -41 0 7 25 33 0 6 -37 28 -11 7 0 0 -24 37 0 34 46 41 -15 0 29 -18 41 -42 0 -27 28 0 -27 0 37 -21 0 -24 -17 -21 40 0 -6 1 8 41 -28 49 -24 -21 0 -43 8 0 -13 32 -14 42 31 43 -5 46 -22 0 0 19 0 0 -12 0 -4 -29 0 0 -7 29 29 0 -35 0 -15 0 -17 -32 0 -26 -37 2 0 0 34 -15 -8 44 0 -28 0 34 50 -15 0 0 15 38 50 -5 5 0 -16 -41 
2 9 -33 48 0 -24 -46 -1 -33 -6 0 0 0 35 -40 11 15 9 21 -2 -2 -43 0 38 -41 37 25 25 41 46 10 13 0 19 0 14 -5 33 -40 11 42 0 0 22 0 -19 13 0 -38 28 -30 -25 7 -25 -47 0 11 0 20 31 -38 0 32 0 0 -3 -36 26 -30 -14 7 0 43 32 36 25 -10 45 -16 0 44 6 0 0 47 45 0 -39 41 17 33 8 49 -35 -47 0 13 -34 48 0 29 0 0 21 15 -48 -2 0 20 0 17 -22 0 -12 0 0 25 3 4 0 -23 -3 -38 17 32 
0 -22 -3 7 0 -26 43 15 16 -27 34 -16 -36 5 10 -36 29 -35 -8 0 50 9 3 -19 40 -16 50 -33 0 34 46 36 29 -4 0 -4 26 -26 30 -18 11 -35 -10 -23 0 -5 0 40 -50 0 41 -30 40 4 0 -6 0 10 0 22 -4 -33 28 0 45 -20 0 -12 -22 24 -34 -46 12 0 -28 0 -17 0 -43 -9 0 0 48 -20 0 0 -22 1 0 -11 0 45 -25 0 0 0 0 34 -39 -25 0 -44 -25 -18 0 22 -4 -31 9 0 -8 43 32 8 19 0 0 4 0 49 -42 16 19 -5 -49 
40 5 -17 0 0 26 19 -15 0 36 14 -15 0 0 -39 15 20 0 0 -48 31 12 -6 0 12 36 -31 3 37 -19 49 -9 26 -29 -18 33 35 -19 44 0 -31 -23 0 -18 18 0 0 26 0 23 -12 -41 -15 17 27 1 20 0 3 -32 0 7 0 22 0 0 0 -18 0 0 -33 -9 0 16 23 37 0 33 -32 4 -42 38 27 0 0 -46 17 19 -40 25 9 -40 0 -45 20 40 34 -12 22 0 37 12 0 -49 -36 29 -46 -38 0 12 0 -42 1 0 0 -37 25 45 12 -10 -5 0 48 0 45 
-49 0 34 -15 0 0 45 17 0 0 45 -25 0 -18 -31 7 -9 40 11 10 -26 -30 0 3 -44 50 -17 -14 -12 0 -37 0 -37 39 0 0 41 -2 -5 0 0 23 0 -18 45 0 49 -17 2 0 0 -25 0 32 20 8 31 22 -32 19 -41 16 0 9 -40 30 0 50 27 -20 0 0 0 -48 3 22 43 -19 0 0 0 -12 49 -7 -14 0 0 0 0 9 35 -26 25 28 3 50 0 46 0 36 -28 1 34 43 -48 16 -46 28 0 13 0 32 32 24 13 -36 46 0 -36 7 -10 -2 49 6 -32 
25 -46 49 -17 8 -14 0 37 46 0 0 28 -15 0 49 38 0 40 1 0 19 0 -50 13 48 50 0 0 -26 39 0 -10 -48 0 0 8 -49 16 45 19 0 0 39 0 -36 0 -31 -36 21 2 -17 -28 16 0 16 41 -38 -4 0 -41 30 -6 22 7 8 -38 -46 0 26 0 -48 -39 24 -29 0 0 29 -15 -43 48 10 28 -48 0 5 -38 7 7 -17 47 -13 13 22 17 0 0 41 0 0 6 -31 0 -14 19 0 0 -23 31 19 0 -32 -27 -39 -32 0 21 -42 0 -24 -41 0 11 10 -38 0 
34 15 -39 0 -24 -14 42 -50 -26 0 8 -18 18 -33 -25 29 -27 28 0 4 -6 0 6 49 23 25 28 42 31 -37 18 0 -17 0 -5 -25 -10 -42 30 0 38 24 0 37 0 -1 -2 -7 0 -26 0 -32 -33 18 -19 -28 0 -33 7 16 -6 1 0 37 48 12 -33 22 0 47 27 0 -21 -14 0 31 45 4 0 0 0 30 -45 -20 37 0 0 0 -24 -43 -37 0 0 -11 -17 0 -48 -33 -35 -38 -43 -40 -28 -8 0 -43 28 0 8 -40 0 12 44 23 -48 -44 0 -6 12 8 0 -32 -8 0 39 
10 -28 0 12 50 0 42 0 -13 -27 0 -30 45 19 25 42 16 -13 41 13 47 0 2 -6 1 0 37 -36 -24 0 0 -20 -14 -34 -13 0 -35 31 0 33 -9 -48 36 -49 16 -18 -42 -29 0 -40 -36 -43 -6 25 -46 49 32 28 0 0 22 0 47 0 31 -19 12 0 -37 -34 4 0 -40 29 20 0 0 0 -20 -46 35 -1 0 23 -6 -27 -16 0 0 -21 2 0 12 0 -29 0 4 0 -43 -9 23 24 0 0 0 0 1 0 48 44 -47 41 -21 -14 -29 22 26 3 -46 -6 35 29 23 40 -36 
41 -32 0 -17 1 35 0 47 -38 0 -29 -17 14 -6 0 -17 46 0 27 44 0 -2 42 25 0 33 0 26 -49 0 0 -11 44 15 0 46 28 -2 -25 0 0 -1 -10 -34 0 1 -20 0 36 0 -35 0 0 -43 0 -24 0 0 22 9 7 37 0 11 -49 -48 -19 -32 0 0 -19 -18 -31 25 0 10 16 -38 43 40 48 13 0 -7 -6 0 0 -39 12 0 0 0 -42 0 0 -3 0 15 0 33 -26 -17 0 -10 31 -16 35 26 31 0 18 35 0 -1 -19 14 -13 -40 -28 23 0 0 -23 -18 45 
0 -43 5 -48 0 -39 48 45 0 0 -5 29 3 44 0 10 4 -34 -6 -16 6 -40 0 20 -26 2 0 0 -14 -39 -40 26 0 47 -19 -5 -42 -34 -32 -46 0 -27 0 26 0 41 -34 -2 -10 29 34 -50 0 -11 3 -21 0 45 0 -40 8 48 31 -49 43 0 -43 38 -18 -34 0 21 37 -33 0 0 0 0 -26 -27 10 0 -45 0 0 33 -36 -13 0 27 31 -49 45 0 -19 15 -48 0 49 0 44 -18 7 17 -35 18 0 25 -23 0 2 0 0 30 0 -7 46 -36 38 -39 -14 0 -9 0 -23 
-15 -37 4 -20 0 -1 -48 -26 -27 15 -16 6 0 0 0 -42 -17 -24 -7 -47 0 -33 8 2 -34 40 -5 44 0 0 8 0 47 -50 50 0 0 -25 -47 0 23 -14 0 1 22 -5 -29 -6 -15 0 -9 0 0 0 39 0 -3 -20 0 30 -38 12 -19 -48 0 44 30 0 0 19 -19 13 48 19 -19 22 -30 -29 44 46 0 -42 0 -38 26 -17 -12 -29 30 37 34 10 -29 26 -33 -30 -11 -26 -5 36 4 -20 -12 -4 -39 38 4 -45 41 40 -26 -9 0 42 0 -26 0 5 -19 0 0 37 31 39 0 
47 -13 25 6 -44 0 0 0 0 0 -22 45 24 -33 -6 0 0 49 -45 -16 0 39 29 42 0 34 0 0 47 20 49 24 17 -16 -9 15 20 -8 -12 -34 26 10 15 -14 -4 -20 0 15 41 0 -6 -9 0 -37 0 -43 -36 0 0 0 -46 -33 12 -19 -43 30 34 48 0 -47 49 0 -43 47 -4 17 -20 0 35 0 0 46 0 0 0 -23 -21 48 0 27 38 -32 0 40 0 0 44 -47 -5 0 0 0 -5 -9 -35 41 48 -8 0 -30 35 0 -37 -47 -28 40 0 -40 0 0 44 -27 33 41 39 
-45 30 0 0 24 17 0 0 23 33 0 0 0 0 -41 22 0 0 19 -34 28 40 -42 28 0 0 -28 -30 50 -16 0 -47 5 -23 10 0 43 -19 -14 -10 0 -26 0 0 6 -36 -32 1 -4 10 0 -32 -7 -31 42 8 26 -12 -18 50 0 22 0 -32 38 0 48 48 0 28 0 -48 12 0 -34 -26 10 34 30 22 -43 47 0 33 -24 -26 0 0 0 24 -12 8 9 39 -32 13 0 -46 -36 14 -23 -33 8 45 -21 -27 6 -30 43 -42 -19 26 0 -15 49 -46 -15 31 0 -16 0 -45 -17 0 50 
7 37 0 -6 48 13 49 0 47 0 30 0 0 -42 -1 -35 46 0 -7 0 2 43 -19 -27 43 0 -40 0 27 -44 -3 42 -8 19 0 3 0 28 -39 0 4 13 48 0 49 -47 0 -5 0 0 -8 -11 -27 0 41 0 -30 -22 0 27 26 0 -37 0 -18 0 0 0 18 0 1 0 -39 -19 0 0 -50 0 -7 2 0 -29 0 48 0 -22 45 23 27 -20 -11 -12 -25 0 31 27 0 39 0 21 31 45 22 44 -38 24 48 -7 -29 7 -26 -27 -44 4 29 -21 28 -37 31 -39 0 0 35 25 -8 
0 0 1 -43 -13 0 12 36 27 45 -39 0 9 8 -3 24 20 29 18 47 0 0 0 0 -3 -43 50 0 -27 -37 0 0 39 38 1 0 30 -46 0 0 0 -27 36 0 16 -1 1 -28 -10 49 0 -13 -2 36 0 -13 -14 24 0 -20 0 47 -34 0 -34 19 -47 28 0 7 -48 0 -32 -17 -25 -17 0 22 5 0 0 0 -33 -5 -18 -17 0 0 45 6 24 30 0 -33 -9 -15 -21 0 -6 30 0 0 -24 4 0 39 8 -13 13 -34 -31 -38 0 -8 9 -37 -21 0 37 1 13 40 7 0 -15 
29 -39 -25 -31 47 -49 -32 5 47 -46 -17 -8 45 0 -14 0 39 -48 -30 9 30 -9 -3 -1 0 -14 0 -31 40 8 -45 45 -18 40 0 -46 40 -50 0 0 -34 -38 -48 39 18 -28 -25 0 -43 -5 -40 38 -7 0 13 32 7 -34 -33 0 -48 27 4 -19 0 -19 49 0 1 -48 1 29 -25 34 -16 23 -42 -10 -24 0 0 40 -34 -18 0 0 0 0 -44 20 19 17 37 32 43 -5 -7 25 5 -29 0 -35 37 0 0 -40 -36 0 0 20 10 0 -32 0 -35 -34 -39 -22 -19 40 34 31 0 0 0 
39 24 -10 46 0 0 -29 41 -15 0 30 29 -22 -14 41 -8 -33 0 0 46 2 29 -32 34 -19 0 0 -26 37 39 -50 -44 42 8 -34 22 0 -37 0 27 -19 -13 -28 28 -30 49 -12 0 2 -29 0 0 -5 33 0 -14 0 -46 -9 0 -39 0 0 -18 21 13 0 -48 0 0 29 27 37 2 0 3 0 1 -44 25 0 0 15 43 0 -33 0 -26 10 -9 3 22 -7 12 -31 0 -4 0 0 0 5 -27 12 -1 40 0 46 -38 -40 0 -24 -47 -11 0 0 13 7 -13 -47 0 -44 29 -15 0 -16 
14 -24 0 -20 -2 -12 0 2 0 -22 -11 0 -35 0 -6 -45 -22 12 0 -26 0 0 -45 29 -29 -9 -37 43 -1 6 35 -30 0 -43 45 3 -48 24 -15 30 -34 -23 42 -36 -41 -36 0 -50 0 -34 1 -6 -50 -2 12 42 43 12 0 0 24 -21 -40 -31 37 48 -43 12 -39 -32 -25 37 25 38 32 42 -23 -35 40 5 50 -30 29 0 -50 -25 -37 0 -36 50 -23 29 -44 -21 25 43 0 -19 28 0 -13 0 -43 43 -42 0 18 -41 -11 40 8 -27 -41 -16 10 30 0 0 22 -46 -49 -7 49 12 -27 
19 -49 25 3 30 8 0 -19 -17 0 -24 15 0 -50 0 0 -46 -21 -9 1 -26 0 3 -33 0 -35 2 -8 0 0 11 0 33 13 0 44 -23 0 -49 26 -2 0 20 -23 -41 -33 46 -6 -8 -23 3 -1 37 27 0 31 32 0 16 -48 -29 -14 29 25 -33 19 47 0 -19 -17 34 2 38 40 0 -5 -28 -30 0 32 0 -21 -34 28 0 -5 10 -37 47 0 0 -19 -16 19 32 -9 0 0 0 0 -49 0 0 32 47 0 28 0 18 42 -21 -30 47 11 6 0 14 26 -1 -43 38 -33 0 -27 1 
-42 0 -14 0 0 -24 0 0 -8 0 -19 -35 -17 0 0 -33 17 0 40 -3 49 0 31 46 0 -3 -35 -42 42 23 -46 30 -36 7 1 -12 48 -35 35 0 40 -37 0 2 -22 0 27 0 -50 0 0 49 23 0 0 43 36 -28 23 3 0 0 20 0 0 -19 -4 -34 0 -25 -16 0 32 0 10 -2 -32 -44 49 30 40 -25 20 -33 0 0 24 -3 22 42 -36 0 -13 0 -34 30 0 0 -41 3 11 25 0 0 9 -2 28 -50 -39 0 8 9 -35 15 -49 4 0 15 0 -36 22 45 29 -42 -45 
21 -27 26 7 27 -44 0 -8 -30 -46 9 46 0 11 -43 -10 -3 16 45 31 0 29 -2 12 0 11 -14 41 12 13 0 0 21 0 20 -6 27 42 24 0 0 -42 0 25 -34 44 -36 -33 12 34 -47 0 0 -27 -42 -5 25 0 37 22 0 31 0 10 0 22 17 -26 0 -17 23 3 42 -5 -2 40 0 0 12 -45 -32 -35 31 14 28 -34 -34 -15 34 0 0 -2 -49 12 14 0 -35 0 33 0 42 23 11 0 45 44 7 -42 -5 -14 3 21 0 0 7 0 -11 0 -25 47 0 -5 20 0 50 
1 0 3 39 0 -31 31 42 0 3 0 0 -40 2 41 20 0 -46 -39 36 -11 0 -29 -1 0 0 -6 0 -30 42 5 -36 -4 -8 0 0 21 -13 10 0 20 0 -21 43 17 35 35 0 0 -20 29 -25 -26 0 0 46 -10 -17 0 43 29 45 0 16 0 -30 -20 10 -50 0 -42 0 -23 -28 -32 0 48 -1 0 -10 -15 29 0 9 4 -27 3 -22 0 -1 42 17 37 19 11 -10 -24 -3 0 14 -26 0 0 -31 -12 -18 -5 36 -36 -20 31 48 48 -35 -22 49 0 -30 0 -6 -33 -18 6 4 0 
0 0 21 -17 -16 -5 -10 21 -33 4 16 -21 28 15 50 -9 -20 0 0 -39 -13 -13 -32 -7 6 5 50 46 40 -14 -21 -11 0 5 0 0 0 -12 2 -44 18 0 22 -15 -2 44 18 47 17 0 0 -18 -8 -46 46 -22 45 0 33 -19 -15 4 0 -38 0 -29 0 34 0 22 -10 1 -35 -30 -44 0 -1 5 -31 20 0 -43 0 44 0 5 0 0 -5 11 -38 0 43 16 -48 -46 2 29 37 0 6 9 -28 43 -22 -35 29 0 20 0 0 -28 -7 0 46 0 -43 -22 -38 0 -12 -1 19 0 37 
5 -9 22 -45 0 -8 -1 -38 28 -44 0 -35 37 33 -38 -10 41 0 0 0 -42 0 0 -26 0 -36 22 -31 -7 -46 33 -50 0 19 0 -3 -3 40 0 6 0 -8 14 33 0 39 26 32 -35 -1 -37 0 28 0 -29 0 -16 -43 -32 0 -43 0 -20 43 -26 44 35 30 -7 5 -24 -44 40 0 49 12 0 -31 37 0 0 -13 -9 45 6 0 28 30 42 -28 -27 0 0 -41 -39 -40 25 12 -35 22 0 16 43 0 -39 0 31 -46 33 -18 16 37 0 24 0 19 -29 0 14 -9 41 33 45 -34 20 
0 44 14 49 30 0 -43 -31 -35 0 -19 30 1 -18 32 41 -46 37 -19 -17 16 23 34 0 0 45 12 41 29 -37 23 0 20 0 0 -1 -5 -38 -30 18 32 16 0 48 -50 39 12 0 4 0 0 -37 -10 0 3 0 0 -9 4 0 48 0 -46 40 -27 46 0 22 2 0 0 25 5 32 30 -45 -10 20 0 17 -14 0 17 36 45 1 46 47 36 49 0 30 -7 -47 0 10 37 -46 47 27 16 0 11 -32 17 -41 0 -11 -19 12 -15 -27 0 1 0 4 0 -12 -39 0 12 0 -30 0 -10 
22 -46 5 -19 0 3 -36 38 40 -1 -14 20 45 -50 27 8 0 44 -8 -28 0 27 -20 0 -12 42 0 -48 0 -13 0 32 0 8 -17 22 24 -27 48 19 30 0 0 -28 8 -49 0 0 -42 -6 -23 15 -28 27 -35 19 44 0 -42 0 10 0 35 48 10 0 0 -43 0 0 0 0 50 0 40 -32 -15 0 0 -14 6 2 0 14 24 30 0 -31 -10 0 49 -34 -8 0 0 0 0 0 16 0 29 50 -48 0 41 -44 -39 28 42 35 -48 32 -1 29 -7 43 -4 43 0 25 24 39 19 0 -46 
-38 0 0 -45 18 15 -15 36 -44 16 38 48 -44 18 0 36 -23 9 -4 11 0 -40 30 0 -3 -25 34 -3 -49 0 24 0 18 -21 12 44 12 -32 -40 -35 12 -46 0 0 4 17 -24 -24 0 0 -43 39 43 15 38 0 6 0 38 -12 28 30 -1 13 0 -42 46 47 -29 0 40 0 -30 -21 -25 -35 29 -43 -13 0 2 30 29 -40 15 0 50 33 0 -41 24 -49 -18 -12 43 0 -43 49 -26 24 -16 8 22 -24 19 10 -6 -13 17 0 13 33 -6 0 28 8 1 49 -8 43 -19 30 25 -41 0 
-8 0 -3 37 -4 5 37 48 36 17 37 -19 -22 0 0 0 2 45 10 34 0 0 0 24 42 -40 -42 49 0 -3 -17 6 20 11 -39 -19 -47 26 0 0 32 0 30 31 0 0 44 0 -32 -10 0 -32 -43 -50 -47 0 0 48 27 49 -48 -45 0 0 -45 0 0 0 0 -33 -34 15 29 -34 20 31 0 0 -9 17 0 29 21 -4 46 -32 43 -8 -44 0 0 42 -30 -25 -4 0 -13 2 42 -48 9 0 -37 0 8 -35 -29 22 -50 0 0 0 0 -40 0 37 50 4 25 7 0 -10 -23 46 -2 
34 -4 -35 47 -26 12 -16 -43 -21 -1 38 -19 0 14 8 0 38 27 1 42 10 -6 -17 0 -4 44 35 0 -34 0 -44 -19 -13 28 0 0 0 29 -47 -29 -29 -30 -27 -21 41 48 -29 36 -45 -49 26 26 -44 0 21 -12 0 -20 0 -7 0 -20 23 -7 0 -38 0 33 48 -5 -18 43 0 28 -33 14 9 44 45 36 14 -40 -4 31 21 33 -46 -17 22 -43 0 -44 -25 7 0 5 1 10 19 -38 -22 0 27 -35 26 25 -29 -20 0 -22 0 32 -32 0 -21 16 42 -28 -12 21 0 -11 40 32 -44 
39 0 2 0 0 6 5 27 5 29 14 -49 0 -37 -30 0 -31 0 -26 -31 0 31 -20 39 50 -31 5 -36 26 41 -12 31 43 0 -6 32 0 30 0 -8 -23 5 31 -22 -6 15 17 31 0 47 -6 7 49 -50 19 0 47 0 0 -14 5 37 -6 -6 0 26 0 -24 0 -18 0 0 -50 0 0 28 4 0 6 45 24 15 46 21 39 0 0 0 11 34 0 27 0 -22 46 28 -43 28 -38 26 36 -8 0 41 49 17 35 -9 50 -32 15 0 14 -8 -49 6 37 -34 0 0 18 2 4 0 -3 
0 -14 -17 37 41 44 38 0 0 -41 -50 7 -37 0 49 -46 -47 17 -49 -16 24 5 -4 0 -40 48 -3 -15 33 0 25 0 42 4 12 0 0 20 0 -17 0 2 21 0 0 36 -28 10 38 0 11 -17 0 -19 0 -4 45 0 -46 0 -38 0 -27 0 33 -17 -23 -26 -22 -17 0 -33 -25 -5 0 -34 -27 5 0 1 30 0 -32 33 0 26 -22 -13 -42 -7 -46 0 45 0 33 0 43 -27 -13 -30 28 -41 0 -49 -23 32 0 -33 31 32 27 20 15 -42 -1 7 0 0 2 0 -36 0 -22 0 40 
-17 -26 0 -26 47 49 32 43 0 0 -44 0 -29 42 10 -11 -9 -7 -12 -8 -36 -31 47 -40 -9 6 17 27 22 -40 -10 4 2 0 0 -44 -18 36 -24 0 19 9 39 40 -46 0 3 44 29 -31 -26 2 -18 -20 0 -29 0 -22 17 0 7 0 -16 0 -36 -12 -21 0 45 0 0 0 -37 10 24 -34 3 0 28 46 0 50 43 -46 0 -22 19 -40 -11 40 13 32 19 -3 20 0 19 0 0 0 25 0 9 39 14 -5 49 41 2 -36 -40 -35 0 -15 -28 0 4 -17 -44 0 -28 0 35 0 21 
0 0 0 3 -24 0 -11 -35 -40 -46 0 0 -10 -39 0 45 -14 28 -28 0 -35 -48 -9 -20 0 -26 22 -37 0 33 -46 31 -38 -3 -20 -46 0 32 -3 -28 13 -30 21 0 0 -32 24 -25 44 10 0 50 -25 -24 -3 0 -39 1 19 0 7 0 0 -39 -13 -29 48 0 23 0 0 -26 0 -37 -3 -15 -22 0 30 47 -31 33 -8 -17 0 -13 -40 42 20 47 -14 22 -5 -23 -26 18 11 -45 0 0 0 15 -16 -39 0 -27 0 -22 -23 44 -42 41 4 43 -16 -41 -3 -19 0 -19 46 -9 45 14 0 
10 0 0 -16 33 24 34 27 -48 17 41 17 1 -16 -3 -27 39 38 49 -8 0 -44 0 -14 0 25 0 -4 39 0 0 19 -3 -49 -46 41 32 -39 30 -33 0 36 0 -19 22 -42 7 0 0 36 41 0 11 -16 0 0 41 0 -40 0 -17 -24 0 12 0 30 0 0 27 45 -44 10 -36 47 22 34 0 -5 42 36 -10 0 -44 22 11 -42 -11 20 24 -5 29 -8 0 -4 -7 -35 0 35 47 -25 -33 -34 0 39 -21 0 23 40 47 0 0 0 -30 0 21 -13 0 -23 -4 16 0 -11 0 -32 0 
26 0 -15 -19 48 -31 -37 0 47 35 -26 0 0 47 -38 -38 12 0 36 0 20 -23 0 27 0 31 -42 6 -23 -9 0 -41 11 44 0 35 21 33 0 -40 41 0 -31 9 -5 0 -20 24 -37 -49 41 -41 0 0 3 -7 17 -11 25 9 47 -43 -21 0 27 37 27 24 -20 6 20 -9 50 0 42 0 -1 11 -28 49 0 -41 0 -43 34 -7 40 47 -5 15 1 0 42 -6 -21 0 -28 0 0 0 -10 0 0 0 -35 -14 18 -30 0 0 -3 -33 37 0 0 -10 22 -35 -45 -4 -31 -35 -45 -20 0 
-11 5 41 0 13 35 -4 -13 0 -12 0 39 -24 -41 0 49 -38 7 -34 0 11 -12 0 38 -45 -10 0 30 9 39 30 0 -12 0 -40 0 24 1 22 45 14 44 -5 -20 0 28 23 0 -24 0 -29 0 16 -37 35 29 33 0 9 35 -13 -37 2 0 31 34 38 -12 -11 24 19 3 -23 0 -36 0 42 -38 -27 0 49 24 0 0 0 -46 13 -14 29 1 33 -33 27 0 3 -9 0 0 0 28 0 0 1 -25 -19 12 35 0 0 0 0 -28 -37 30 -11 0 0 40 -2 -39 -2 0 -27 0 0 
22 -7 -34 36 41 -8 47 19 0 8 4 3 -3 0 0 -2 -37 7 6 27 -18 0 26 7 24 32 -27 0 0 2 0 0 1 -10 0 -20 25 -45 0 -31 0 -49 0 15 -17 10 0 -9 9 30 0 -24 0 0 19 29 8 45 -40 -26 13 0 0 0 -49 10 -32 8 -12 30 17 22 29 -19 0 -2 17 0 0 30 -34 -49 42 -44 27 0 32 22 -8 0 -33 51 16 -44 -31 0 -38 0 -38 -32 -23 0 0 -21 -49 -27 -23 -9 -37 20 -49 7 23 -34 0 -22 12 0 -23 -20 29 -42 1 -17 24 
-4 19 42 -16 12 20 -18 27 0 25 0 0 4 -34 -16 -9 0 10 37 16 0 -47 1 3 4 0 -9 29 -19 -35 20 17 6 0 -10 18 -31 37 -16 -13 -32 0 27 -38 41 -32 -38 -41 -23 4 0 -44 -35 -5 36 0 49 -25 0 25 22 0 12 -42 45 -29 0 9 -25 0 37 -7 -44 -16 -13 -49 37 43 0 -7 -8 -18 -30 -25 0 45 19 -5 0 42 27 16 10 0 0 8 -38 32 -41 26 -15 0 -23 0 17 8 0 -41 0 3 25 -41 -21 -47 0 0 0 0 0 0 41 5 -49 -12 0 
35 24 18 -28 28 -9 0 -24 37 -8 -15 -23 -9 0 -2 0 23 0 -21 0 -34 -34 0 32 48 -14 47 18 0 0 -31 -18 13 -14 -43 -16 33 -25 39 -43 -36 21 43 42 11 0 0 43 5 0 -16 39 5 -18 45 -35 -35 0 -45 28 17 -11 0 0 0 26 40 39 0 -33 32 12 -21 19 0 12 19 16 -41 -47 0 -12 -25 7 -22 0 -3 -23 -4 -6 0 -44 0 8 -49 0 -47 48 0 0 -10 45 2 0 -34 -35 -47 25 -12 16 24 -32 -16 -40 0 37 0 -44 0 23 -11 17 29 24 17 
31 0 47 4 -32 50 35 41 -1 0 -50 0 44 11 14 -26 -20 0 0 0 -38 29 7 0 -42 -3 -14 0 0 20 22 0 -11 37 -42 0 -48 -9 36 -46 -19 0 0 -42 22 0 -29 0 41 -28 39 50 -15 -22 0 0 -47 0 20 3 0 -17 -29 0 -19 -33 0 -32 31 -9 43 -31 25 32 -34 14 11 -48 -39 0 0 43 -4 0 46 33 20 -26 -7 -21 3 -31 0 -49 51 -25 -19 12 39 0 -14 -21 -23 0 0 22 16 -29 0 -38 0 -45 -37 -8 -48 41 0 0 0 2 0 19 0 0 -14 
-27 0 39 -47 47 2 31 -8 0 -26 34 -4 -19 20 0 -16 -21 12 15 4 15 0 4 0 -31 -22 -25 -40 -13 0 -27 -30 -3 28 -28 -21 45 42 -18 -31 43 27 22 11 34 -36 0 15 0 -4 36 43 38 -5 31 -15 0 0 40 50 0 0 0 -3 15 -30 0 13 27 -15 -5 0 43 -9 30 0 -10 -46 -40 10 0 0 0 5 28 0 0 18 -35 0 -9 0 8 0 -25 42 20 0 -1 0 33 14 -21 -33 48 -29 -36 -33 34 -47 -36 25 0 34 -8 -14 1 17 0 41 -49 0 0 -44 -22 
0 -24 25 0 0 -11 -42 -50 0 32 -48 8 19 -33 -8 48 24 29 10 46 40 43 14 46 0 36 43 28 -11 0 -20 0 -9 -27 10 0 -42 42 40 36 11 -2 -35 -48 46 -50 0 17 0 0 0 48 45 13 16 0 13 0 34 0 41 -48 4 0 -48 -11 44 0 0 -21 -7 -4 0 0 0 -35 -24 2 25 37 0 -43 -13 1 -43 43 19 11 0 -28 0 -38 -38 -47 -19 20 8 5 -16 0 -21 -17 -12 -29 -16 29 8 -9 -15 50 1 4 0 -31 0 -36 -22 0 37 17 -43 0 0 39 45 
0 -45 -10 -26 0 25 14 4 -48 -38 5 0 -36 -47 46 29 -25 -27 41 -17 0 0 -47 0 0 0 -41 0 10 23 5 0 0 33 -45 -1 21 6 35 0 -26 29 0 -26 -39 0 0 0 -49 -41 8 -11 -6 0 -39 -17 -34 34 -12 46 0 -33 0 15 0 -26 -47 -46 39 0 25 0 -19 0 0 0 -3 29 12 -46 0 49 2 10 28 -27 0 -45 35 0 0 0 32 48 12 0 5 36 15 2 20 -21 6 24 5 9 0 46 0 0 0 0 3 31 -49 0 -21 -31 20 0 0 0 47 31 30 
-13 -2 -23 0 -4 36 -35 18 -7 0 -2 0 -10 0 0 9 5 -22 -28 0 22 32 -11 -37 22 -36 -17 34 6 27 16 0 -5 0 34 1 33 47 43 0 0 34 4 40 45 24 46 -23 -36 0 48 0 2 45 0 -32 48 -39 22 0 0 -35 -43 0 49 -5 -5 -36 0 -6 5 0 28 0 -41 33 0 37 -35 47 16 -26 42 19 -38 -13 0 0 47 0 0 -38 -41 0 39 -1 -16 15 44 -49 -15 39 39 -20 31 -43 0 0 -13 37 3 0 -18 0 0 26 4 43 -14 0 -24 40 -12 0 2 
28 26 1 -31 -14 22 0 -29 -47 50 -21 21 0 -25 0 0 0 0 20 -9 15 10 -9 0 -1 -25 0 0 0 16 6 25 31 21 23 -4 40 9 22 50 41 -40 -47 0 0 0 43 -15 -47 0 -49 26 0 0 8 0 0 -25 0 36 6 -38 -9 33 0 36 0 14 21 30 -29 0 0 0 3 0 14 0 22 27 0 24 -48 -38 26 -30 0 0 -25 0 28 -32 26 0 0 0 0 2 -49 13 -22 44 26 0 43 0 -19 -21 22 -3 12 -15 0 -2 -34 13 -41 -19 0 0 49 45 48 -32 -45 
0 -40 32 -25 -19 50 -6 -16 24 0 50 38 0 25 -15 10 0 -50 -29 0 15 0 0 0 0 27 -5 -44 19 23 3 -17 0 0 -46 -30 47 0 19 -49 -3 -39 48 -7 -21 0 -19 38 0 26 4 -43 -24 -5 9 -26 29 0 37 -28 -31 -43 23 -26 44 4 0 -23 31 0 0 5 -13 -49 11 42 -26 6 0 16 29 -16 9 -22 36 28 25 0 -33 -10 0 -23 -15 -10 -14 33 -21 20 -15 -22 36 -47 -36 -7 27 26 5 5 -31 3 0 -30 35 16 -48 -48 0 0 -30 31 -12 -2 25 -29 0 
0 -24 17 0 36 1 -30 -6 -18 12 25 22 -36 0 0 -20 -3 15 -15 -41 34 -40 0 49 14 -42 0 18 -33 -36 -44 -29 -42 -20 16 -23 0 12 2 0 39 7 30 0 0 45 25 0 -44 -5 0 0 19 0 -47 -37 0 -44 12 1 0 -40 24 -17 -18 -20 0 -33 45 0 -35 -27 0 0 25 23 0 9 16 0 50 8 0 0 -8 -41 0 15 -34 0 0 0 0 45 -21 14 -17 -21 39 44 -47 47 -49 -8 0 -20 47 0 0 -22 42 -28 -47 40 -31 -5 0 -7 29 0 0 0 7 -42 -14 
33 -23 0 -27 0 0 23 45 -12 31 0 42 -20 0 21 -19 43 25 -40 -24 16 13 -13 44 -8 26 0 0 0 -14 -6 40 0 20 28 0 -11 0 2 34 -37 0 -43 -32 26 -26 0 -23 0 0 -13 -50 -40 -33 14 2 0 -25 0 34 -14 -28 0 0 7 -12 -5 8 22 -24 37 12 -43 0 0 11 0 -28 43 11 -48 22 -37 27 0 0 9 -16 0 0 1 0 -23 2 -23 -21 -12 6 39 26 -36 -49 7 48 42 -7 1 21 0 -50 -28 0 13 -48 42 0 12 0 -1 31 45 16 0 0 35 
-20 0 -44 36 48 28 -37 0 -13 -19 10 0 -24 17 -26 -34 0 -12 38 0 -42 12 0 -26 36 -12 -1 0 -31 -41 45 -6 -3 50 42 34 -21 0 42 0 -26 -16 -11 -26 41 2 29 -8 0 12 -29 28 19 -29 0 0 21 -18 -49 43 19 -8 0 -10 17 -4 -9 45 44 4 0 -1 43 32 0 0 -31 43 0 -32 0 -24 0 -35 41 -49 39 -39 39 0 -25 -21 0 0 0 -33 -29 24 -20 0 -7 -8 48 50 1 9 0 -43 -41 0 30 -33 29 38 0 -39 0 -42 -34 -16 -47 -41 9 -8 10 
0 -47 28 -8 -23 18 0 0 0 41 42 27 10 25 19 30 -2 -47 0 -35 -30 0 0 -8 -29 -37 -33 11 -5 -42 -39 -35 0 32 44 50 0 -39 -14 47 26 6 9 0 38 11 21 0 0 0 46 31 50 5 -10 0 15 0 -36 -48 0 0 0 31 -35 -39 -35 -21 -38 0 0 40 -42 47 9 45 -12 -22 -39 17 41 19 8 26 49 -23 14 0 -21 -35 -19 -49 17 -34 0 48 -16 5 31 43 27 0 42 1 48 5 2 -44 0 39 40 0 0 21 -26 28 38 30 25 27 -24 0 -26 0 0 
3 0 -34 19 -8 49 -9 16 10 17 8 0 0 -11 -33 0 -37 -17 20 0 44 -32 -6 0 -40 -48 -50 0 -12 17 43 -38 23 4 -15 0 0 46 -14 0 0 48 0 -49 6 -45 -44 0 0 25 -36 0 27 4 0 34 -48 22 29 16 0 -43 0 -16 18 38 41 -27 24 39 -40 0 0 0 -2 44 -18 -35 0 -41 -44 10 -35 25 17 32 -5 -27 0 -14 12 -27 8 -35 22 -29 29 9 -43 0 26 -20 -7 9 5 6 22 0 14 -18 -15 47 0 47 39 -34 -44 -46 -49 0 26 -34 -41 12 22 
0 0 -11 0 0 3 0 0 17 18 -44 -42 0 0 26 -26 0 0 -47 0 0 -48 -43 38 38 48 -41 -15 -29 -21 24 44 0 50 21 42 -11 0 0 -35 0 37 31 41 42 48 0 0 50 0 43 0 0 -50 -3 -15 -2 -4 -46 -46 -23 28 1 35 0 4 48 6 48 8 -36 46 18 28 28 7 -5 29 31 0 -39 -6 -29 -29 35 0 49 0 23 18 35 -23 0 -47 16 -36 8 0 0 -19 5 47 1 0 2 22 42 -13 -34 0 -45 -47 28 -6 19 27 23 -44 16 -20 -25 -16 0 12 26 
24 47 -2 19 0 -24 0 25 -43 -34 0 -9 -19 -43 0 45 0 -32 -37 -37 0 0 -29 -26 41 0 -19 0 5 27 -27 15 -48 -43 0 -24 0 0 25 -42 -16 39 0 0 40 -45 -12 -45 0 0 0 -44 32 35 11 -8 0 -31 -38 28 31 0 0 26 25 -45 -8 -30 -7 -13 0 -38 -41 0 -50 -42 36 0 -46 -11 28 -13 22 -20 -9 -33 41 -22 40 -30 0 -9 -41 25 -29 -33 -9 46 0 -21 5 0 21 -43 -44 0 -13 21 25 2 -6 14 32 -5 0 -23 -46 -19 -21 -42 0 46 -45 -38 0 
7 -4 37 36 17 -12 -28 -16 44 -41 -7 21 11 36 -29 38 -46 0 -26 -1 21 26 -42 -38 0 0 11 0 37 0 -6 -45 0 -48 -12 0 0 0 -3 0 24 10 0 0 0 -31 -1 0 -14 -29 38 6 0 26 0 44 20 9 0 0 19 8 48 31 -23 41 0 43 -29 13 0 -40 -11 18 -39 -5 -36 20 33 -19 42 17 -50 0 50 31 2 -23 47 0 0 -37 0 -12 0 34 -15 0 -13 22 -31 0 0 -41 0 14 -34 25 5 48 0 23 0 41 0 -31 -14 -18 -25 -18 39 0 49 0 0 
21 18 32 33 40 -19 0 14 -48 -10 0 -18 -42 43 0 0 42 0 47 0 0 4 0 26 11 -35 -28 0 -47 17 22 0 31 -5 0 30 0 -44 -12 0 0 49 33 0 0 49 -31 -9 25 0 14 -34 14 -49 0 0 0 0 12 13 0 -40 44 0 0 40 -30 -42 7 -34 20 0 40 42 0 -14 -20 0 -18 12 35 0 0 -22 -32 32 -36 44 0 0 0 20 3 16 -38 -47 50 0 37 -3 3 -22 -50 0 39 -18 0 2 48 36 8 -8 -7 11 -12 -17 11 0 -1 13 9 16 5 46 35 
-12 -48 0 0 0 -17 -44 -33 -22 -49 0 21 -28 -21 0 -21 0 -20 -41 -32 0 43 -17 47 0 46 -17 16 47 12 16 -32 -19 20 18 38 12 4 -45 0 33 7 -37 32 -42 0 -9 14 47 -20 -49 6 -4 19 8 -28 17 -8 0 0 -32 0 -47 18 2 -26 35 -19 -26 -31 10 -24 8 -21 8 3 31 0 16 -15 -48 13 0 0 15 27 -40 -42 0 -3 0 -49 25 24 0 -36 1 0 3 12 0 42 -28 30 40 -15 -45 -6 0 8 50 0 -12 24 -15 0 0 -11 0 31 26 -25 -20 0 -21 
0 0 0 16 -44 0 0 -45 0 16 -30 -37 -32 -6 -35 0 19 -28 -3 9 46 0 37 19 37 9 48 0 -47 43 -46 -34 -14 -45 -16 34 -9 -28 -37 -33 7 30 45 15 -5 -1 -33 -34 0 -27 7 50 0 -13 -48 0 -22 43 -42 32 -27 12 41 35 0 -9 0 26 -27 -38 0 -47 -27 -30 9 21 48 -28 37 -27 32 33 0 32 0 20 -35 41 0 -33 -28 7 -41 -32 -45 25 4 0 0 -15 -30 -28 0 -33 0 47 -47 14 23 -8 0 48 0 0 0 0 24 -23 23 -14 -50 11 -44 0 19 
0 29 34 -6 0 -42 -39 17 0 11 0 0 50 15 5 11 31 30 26 0 31 -2 -9 0 30 16 20 0 0 35 -37 25 -27 0 34 20 33 -37 14 0 -14 -8 -21 0 9 -21 -27 0 0 15 27 4 -41 45 0 34 0 32 1 32 -39 44 -21 0 0 0 -37 0 -44 0 -32 -11 -41 47 -35 0 48 -7 0 0 -1 -6 0 -32 14 15 0 4 -30 37 -37 23 -21 -16 -37 0 0 3 -18 0 35 -47 13 29 0 0 28 32 0 -7 -12 0 31 -16 -40 0 -10 0 -10 42 9 -4 45 0 -32 
-33 -50 14 -42 0 0 -36 0 27 -16 18 30 39 -35 -24 0 48 5 45 33 32 -16 -9 48 -34 0 -41 1 4 0 -14 0 -26 -39 -15 0 -24 -39 33 -33 0 -20 0 0 22 31 16 -41 1 27 23 -3 3 27 32 50 -12 8 0 24 -32 23 -14 -1 30 42 -47 -15 4 -8 0 0 -16 11 15 0 -35 0 24 1 29 0 -40 0 -8 -42 -15 43 0 0 30 -34 -47 -40 -8 34 -31 31 0 -2 16 40 -48 38 21 47 -6 -5 41 11 24 0 -16 34 4 -8 -21 -17 -22 -18 0 24 0 -18 -27 
31 32 45 -43 17 31 19 27 42 0 0 46 0 30 4 17 -43 23 49 0 0 -44 -13 -45 -4 6 -40 44 -15 -23 0 0 33 -14 18 0 -31 -7 -49 -12 19 4 0 0 0 -15 -15 19 14 0 -48 -4 -34 -41 36 -15 0 19 0 13 0 -48 -29 -19 0 0 -28 49 29 9 -35 0 10 6 -49 7 -22 46 0 0 -7 28 0 -21 -49 -1 -28 -16 21 0 -11 0 0 0 -48 -8 0 -49 0 -34 -48 -31 42 0 -26 39 19 0 0 -12 -15 0 -40 4 27 0 25 29 -47 31 0 -15 35 -33 6 
35 43 44 0 45 0 0 -44 0 -29 6 27 49 -23 0 -23 0 -39 32 -3 21 0 -17 -26 -40 -22 17 0 20 0 33 45 0 -5 -36 37 0 0 33 -20 -10 0 -41 17 -50 -11 6 2 44 37 10 -46 0 0 18 0 0 0 -37 -36 21 -44 22 14 -7 -26 40 -46 -21 -37 -34 13 30 0 4 0 49 0 19 4 43 8 37 16 6 7 0 -41 -13 -10 0 -22 0 37 41 -14 -36 0 26 13 -48 -5 0 -39 28 -34 27 -23 -31 -17 0 0 0 -8 0 36 -8 37 -5 30 37 -31 -50 17 0 
0 0 -10 8 27 50 14 -30 17 30 50 0 32 -10 25 23 45 -20 18 -13 -19 4 33 -25 -25 -21 34 42 49 44 0 28 -15 -18 -44 47 -24 0 13 -16 -15 0 -46 -36 -32 -46 0 30 0 -8 -41 -21 34 0 0 0 25 0 25 46 -42 0 26 -13 46 0 0 -15 28 -21 -39 7 0 14 0 -11 0 -43 -29 0 -4 1 50 42 37 0 4 -3 0 22 0 12 0 0 0 1 -22 -21 4 -41 0 0 12 0 38 -44 23 -46 -14 11 0 24 -10 -21 25 -8 22 27 -48 -47 3 -15 31 13 0 
-30 20 -44 0 0 40 36 26 0 0 24 11 -21 46 0 0 -50 11 0 -16 0 20 38 -44 31 0 -27 30 38 42 18 7 -22 32 -22 -42 -37 5 -43 37 23 6 2 0 -7 -2 29 11 0 0 39 39 0 32 -41 15 3 4 45 0 0 -6 3 -40 -36 5 -40 31 -37 0 -22 -13 0 26 15 0 -30 -22 0 -12 43 49 4 -28 -34 0 -17 -19 -23 -35 40 0 0 -44 0 17 0 -31 43 -19 0 -7 0 -42 30 -46 -44 -19 -18 0 -11 -23 0 -17 29 37 27 16 7 -5 15 42 1 0 43 
-50 0 0 -6 -4 -23 46 7 23 43 0 46 0 -4 -7 28 -19 -34 9 19 0 -25 0 15 16 -47 16 -19 -44 -19 22 0 -27 6 -41 6 -50 29 -12 0 14 26 0 0 11 26 0 -35 36 0 -35 0 5 43 0 38 4 0 12 -36 -24 12 -46 -28 38 -19 0 0 31 37 -19 -47 22 -1 0 -25 0 -38 14 -39 0 -8 25 -12 0 2 -44 0 -4 -45 -2 -23 0 0 0 0 37 20 -14 0 -30 29 -1 -34 25 -49 16 -21 -25 -1 0 23 -10 -22 -47 -5 -48 7 47 0 -35 -24 29 0 -16 
0 0 18 16 0 -6 49 28 50 -21 -32 -4 0 -27 3 22 38 0 0 22 -8 0 0 -13 12 47 -30 6 0 10 -3 -31 -34 0 47 7 -36 -19 0 0 -45 0 -22 -3 10 3 0 3 -11 27 -12 0 0 0 9 50 0 49 -10 7 -41 8 -6 23 -39 0 0 -16 -39 1 40 0 -46 -43 -36 47 -6 0 -9 0 25 43 7 21 0 0 0 -19 16 -4 -39 -20 0 23 2 41 17 0 0 0 31 0 31 -16 27 0 -20 -42 -18 13 31 -14 42 -18 31 30 -47 -5 0 20 -32 -5 -1 0 50 
44 -13 0 -31 32 9 -15 33 0 0 -13 0 0 0 -42 35 -31 0 0 34 48 18 -24 14 0 0 -35 29 -28 -37 -38 0 -23 0 -19 -45 27 32 21 0 0 31 -32 24 -1 0 0 12 -10 0 0 0 -10 -15 -6 -5 -23 -42 -5 -10 0 0 35 0 -14 0 44 0 0 13 34 -44 -49 38 22 0 -33 -12 41 12 24 -19 0 0 18 -36 -28 46 0 -31 -2 29 41 -11 0 -49 -43 0 -24 49 -12 0 45 -47 -24 26 -25 0 39 9 26 -50 9 0 0 37 3 15 -35 -32 14 1 -15 0 0 
5 16 0 30 39 9 17 15 -10 -14 0 -26 0 -37 -20 42 -18 -26 -44 -35 0 0 35 -23 49 -10 18 0 31 0 50 0 -17 0 0 0 0 0 -6 44 40 -40 0 4 -7 0 -20 50 6 0 0 -11 0 7 16 5 -3 16 0 -2 11 -32 29 0 0 37 -27 -45 0 40 31 29 -7 -33 45 -5 -18 -1 33 0 39 30 -10 -11 2 0 0 -9 -11 -35 0 -42 5 17 19 0 0 0 40 45 -2 0 16 -41 0 -34 -16 46 0 16 -25 11 -4 24 -15 -31 -15 42 -24 -5 1 37 -8 24 0 
0 -10 23 26 0 0 0 -38 -45 0 0 39 16 34 -24 -37 2 -5 0 -41 34 36 44 0 31 -28 0 -3 0 0 0 0 -41 -17 22 43 0 0 -8 4 0 13 27 -45 -2 17 10 -11 8 14 18 -38 0 -6 -45 0 -38 19 48 49 10 -8 23 -23 -9 31 33 -17 35 7 0 -15 49 0 29 20 6 19 45 -30 19 25 -23 40 4 -22 35 45 0 -45 -27 1 -49 29 0 0 0 47 -12 48 25 7 0 9 -26 -41 0 -45 49 5 -20 -44 45 0 35 -50 31 1 29 -1 -15 -8 5 -45 0 
35 32 -48 -30 -8 31 23 31 4 0 0 -17 -24 -23 0 47 0 -3 28 9 5 0 -39 -49 -33 0 -31 -18 0 -14 22 -15 -3 42 11 50 -29 0 -28 0 -9 0 16 6 26 -47 12 -41 26 -44 -32 25 -41 7 0 -16 17 -5 0 6 -38 0 40 -18 0 39 41 0 25 0 0 0 12 -27 -42 0 4 0 -34 0 0 -41 46 32 0 0 0 14 -32 -20 0 -17 -12 24 0 -44 39 31 0 -32 -29 -42 0 -8 0 12 12 -38 0 46 0 0 0 -18 -33 17 13 0 0 0 0 24 -45 21 40 
-34 13 0 31 49 -4 -46 0 0 7 -33 38 -49 -38 -19 -2 -48 32 -43 -28 0 -36 0 23 0 0 -33 0 -16 0 -15 49 48 -24 43 49 0 41 -26 -12 22 31 -38 8 32 9 31 -24 -3 0 46 0 -24 -18 -34 -41 32 -49 45 -32 0 39 -36 45 -23 0 39 50 -8 -15 0 -16 -27 1 -45 50 0 37 20 -10 -46 0 -2 -44 -3 40 21 0 0 0 0 24 0 17 -14 -22 45 30 2 -45 0 -14 35 10 0 22 26 0 0 35 -21 19 -32 -27 6 0 0 43 -16 50 0 0 0 40 9 
