90
7 36 44 29 -47 -29 -29 -30 -27 -21 41 48 -29 36 -45 -49 26 26 -44 -17 14 38 -20 -30 35 -20 23 -7 17 47 33 48 -5 -18 43 -30 -42 -10 -35 8 -17 -22 16 -9 -5 10 -1 36 2 50 6 5 27 5 29 14 -49 4 -5 41 -31 17 12 28 31 -20 39 50 -31 5 -36 26 41 -12 31 43 3 -6 47 30 -10 -49 4 22 -14 -29 -34 -41 -41 34 
29 23 0 18 -5 0 -14 0 0 34 28 0 0 0 0 0 17 29 49 -46 17 34 0 0 0 -1 -47 0 0 -35 13 0 -23 4 0 0 29 34 0 0 0 -10 -38 0 0 30 0 -22 0 0 -16 -35 -4 0 -3 -28 0 39 0 0 0 13 0 12 -9 49 0 0 0 7 43 0 0 0 0 -2 -50 0 -3 0 0 -46 0 0 0 5 -46 -10 0 0 
23 38 0 0 0 2 0 41 0 -19 0 10 -28 17 -49 24 0 33 -45 0 28 31 0 0 -1 0 25 29 0 7 49 -46 0 -20 33 0 39 26 0 0 0 0 0 -50 -15 0 -23 0 11 7 26 0 0 22 0 0 0 -30 0 48 35 0 -16 0 40 0 -30 12 0 37 45 39 47 -32 0 0 0 0 0 -26 0 9 0 0 -10 -24 40 0 0 0 
0 0 9 -44 10 0 0 24 0 24 0 0 0 0 0 -31 0 0 0 1 -2 -34 21 0 0 47 37 0 0 4 0 0 0 0 0 -9 0 44 -26 0 -28 0 4 0 0 -7 0 14 33 0 -42 15 3 -45 27 0 14 39 0 0 29 0 50 29 11 0 22 50 22 0 0 0 0 -32 42 -28 0 0 -1 0 0 46 3 0 -36 -44 -27 0 0 0 
18 0 -44 14 0 0 7 -7 0 -37 0 0 29 0 0 -12 48 1 -14 -29 -29 0 43 42 0 -2 0 -5 17 0 34 0 32 0 -22 0 29 0 32 0 -34 0 33 16 0 44 0 0 18 -35 21 0 0 -45 8 0 0 35 0 31 0 0 -33 12 0 0 0 0 0 -10 -40 0 -14 0 0 -10 0 -50 0 3 0 0 39 0 42 0 0 -16 -19 32 
-5 0 10 0 32 -30 -5 0 -19 -18 0 0 0 -47 27 42 0 0 0 0 0 0 0 -18 0 0 0 0 34 0 -18 0 0 -7 0 49 0 0 0 -24 20 -13 26 -15 18 0 33 25 -12 0 5 0 -38 43 0 -5 -2 0 0 34 -2 0 0 36 0 0 0 42 0 0 8 -23 39 8 -8 49 22 -44 0 0 0 11 0 -17 -1 0 0 0 0 0 
0 2 0 0 -30 29 16 0 0 -34 38 -8 3 31 0 0 9 35 39 0 40 0 -6 46 0 37 0 38 -18 -17 0 8 0 0 0 0 -39 7 -38 41 0 0 0 0 45 0 0 0 -41 0 0 0 -39 32 0 -21 0 29 0 0 0 0 34 -31 -26 0 -49 0 41 -43 48 2 0 0 0 0 -25 0 35 -48 -3 -43 -31 -16 -3 0 0 44 0 0 
-14 0 0 7 -5 16 19 -50 47 -5 -2 -45 0 -50 0 -13 49 40 0 -50 0 0 0 0 -42 -12 -32 0 0 -12 24 0 -45 0 0 0 2 0 26 50 38 0 1 -18 11 0 41 -18 0 8 -15 0 -10 0 -43 38 0 -23 -32 0 -42 0 0 3 -30 0 29 -13 0 0 31 0 0 0 -6 0 -29 0 -30 0 49 0 31 -5 5 0 0 0 0 0 
0 41 24 -7 0 0 -50 27 0 0 0 0 0 -44 0 -5 0 0 -44 0 30 -27 0 -13 -43 -2 0 0 15 -4 3 0 0 -11 0 -41 0 0 -45 30 -31 50 0 39 1 0 0 37 0 0 0 0 50 0 -37 0 0 0 -29 0 0 0 0 37 0 0 8 -27 30 0 -49 30 0 -12 34 6 0 8 0 0 0 -23 42 -10 -9 0 0 -42 15 31 
0 0 0 0 -19 0 47 0 16 0 0 0 -33 -48 -23 0 0 15 47 -11 33 4 -15 0 30 -18 0 2 0 0 0 38 0 0 -10 24 0 0 -17 0 0 33 0 0 -14 35 0 0 21 0 -18 30 0 0 0 0 -45 0 0 0 -27 21 36 0 3 0 -18 0 -17 0 0 -38 -43 0 41 -13 0 -34 -43 -50 0 -34 0 21 22 0 2 0 38 0 
34 -19 24 -37 -18 -34 -5 0 0 39 16 0 0 0 -38 0 0 26 -34 0 18 -14 49 0 0 46 28 -19 0 -16 -17 -28 -16 11 0 31 -47 -8 0 16 0 0 -48 0 12 33 0 -18 0 0 -36 -22 0 38 0 14 0 13 26 0 28 0 29 11 -44 0 0 0 1 37 0 12 18 -41 0 0 0 22 45 0 0 0 3 -33 -45 0 0 10 0 0 
28 0 0 0 0 38 -2 0 0 16 11 0 0 0 0 15 -19 0 40 0 -16 -23 39 -25 0 0 -37 0 0 -35 0 23 50 0 -28 33 0 0 0 0 41 0 0 0 9 0 0 0 0 0 0 0 0 44 29 -50 0 0 12 30 0 0 -4 0 50 0 0 -30 35 0 -15 -19 0 0 -30 0 0 0 3 -8 0 45 0 4 0 0 0 0 0 0 
0 10 0 0 0 -8 -45 0 0 0 0 18 -6 -37 17 0 10 40 28 0 0 -3 0 -29 -34 0 -21 0 -36 0 0 0 0 -2 0 0 0 48 48 0 0 0 -18 0 0 0 0 0 18 0 -44 0 -36 -39 48 0 -50 0 -28 0 -27 -25 0 0 -17 0 -33 0 0 16 -37 -48 -19 0 -22 0 -42 -37 0 0 0 0 0 16 0 0 25 35 0 0 
0 -28 0 29 0 3 0 0 -33 0 0 -6 38 9 -14 0 40 6 47 0 16 -5 -15 0 -41 0 41 -45 -11 42 -9 20 0 2 -19 0 10 0 0 0 0 35 -8 21 0 10 0 0 7 0 -17 0 0 23 -31 0 12 0 0 0 0 0 0 18 0 0 -25 0 47 0 0 0 -43 22 0 -10 36 0 -22 0 0 0 -40 -21 18 14 0 48 0 0 
0 17 0 0 -47 31 -50 -44 -48 0 0 -37 9 22 -32 25 -6 -47 0 34 0 0 0 8 46 0 -38 -7 21 0 0 1 0 0 0 -28 0 40 -25 0 11 0 -21 12 0 0 -12 0 0 -33 0 33 0 -7 -39 0 15 0 2 0 0 0 -21 0 -27 18 29 19 -38 45 0 41 0 0 0 19 0 27 0 0 0 0 2 0 -20 28 0 0 38 -32 
0 -49 0 0 27 0 0 0 -23 -38 0 17 -14 -32 18 0 19 0 44 0 34 14 0 0 0 -39 -50 0 -45 -26 29 -7 35 0 -23 -45 -19 5 -43 0 -20 0 -46 -50 0 0 0 0 16 43 0 0 0 0 43 0 15 -2 15 0 0 0 0 0 40 0 -27 25 0 0 -20 47 0 -32 0 0 -22 0 -15 0 20 29 41 0 -10 0 32 0 -12 0 
0 24 -31 -12 42 0 -13 -5 0 0 15 0 0 25 0 44 0 0 23 0 0 0 0 0 -25 0 -7 -2 0 0 -4 12 17 -19 0 0 0 0 0 46 0 0 -6 0 0 -25 -12 0 0 11 -46 -11 0 0 0 -19 40 0 -44 0 -21 0 -26 -48 -37 0 28 0 -29 0 0 -13 0 38 26 0 -33 1 0 0 -8 -2 20 15 0 0 0 0 0 38 
17 0 0 48 0 9 49 0 0 0 -19 10 40 -6 19 0 23 0 0 0 5 -3 0 -30 0 -50 0 0 0 0 0 0 -11 0 0 26 -37 0 0 -23 0 35 0 50 0 0 -16 -1 0 0 0 11 9 39 10 -44 -50 0 0 0 0 0 30 -7 0 0 0 0 -17 -5 -1 25 0 0 0 0 -1 -38 0 33 -10 0 0 50 -44 0 0 0 0 -32 
29 33 0 1 0 35 40 0 15 26 0 40 6 -47 0 0 0 10 -40 -20 24 0 -31 15 0 0 -12 0 -16 13 0 0 0 0 -34 -16 27 38 41 0 0 0 6 0 0 0 0 0 25 -31 0 -37 -29 -33 -43 -29 0 -25 15 48 -24 0 -18 0 -37 0 4 16 14 29 -48 6 -45 48 -37 30 0 7 -34 13 0 0 -46 -9 0 0 0 -43 30 -43 
49 -45 0 -14 0 39 0 -44 47 -34 40 28 47 0 44 23 0 -40 44 1 1 21 6 -25 -3 0 16 -49 0 29 0 0 40 -1 -10 0 -41 0 0 -6 -18 0 0 0 -26 40 -7 -26 -2 42 -15 0 -27 0 0 13 -9 -17 28 -40 -17 0 0 35 39 0 0 -13 -6 3 0 -44 30 -5 0 0 -7 0 -23 0 0 0 0 -20 0 49 -9 0 0 -50 
-46 0 1 -29 0 0 -50 0 -11 0 0 0 0 34 0 0 0 -20 1 22 0 0 0 -30 8 0 -34 0 0 0 0 36 0 0 -26 0 0 -17 12 0 0 13 0 0 0 0 0 4 0 0 8 0 25 17 7 0 -30 -22 46 -13 -21 0 0 -19 0 0 36 41 0 0 25 0 0 7 -18 0 0 -30 0 44 0 11 -33 0 -21 30 -47 0 -18 -47 
17 28 -2 -29 0 40 0 30 33 18 -16 0 16 0 34 0 5 24 1 0 13 49 15 0 0 0 -29 -21 -5 0 0 0 -24 46 0 28 0 0 0 0 0 26 0 0 16 23 26 25 30 -43 45 0 0 39 -1 0 -21 -26 0 6 3 -19 -35 44 0 0 6 13 0 0 -13 0 0 37 0 -34 0 49 0 0 -46 0 0 0 0 0 0 0 0 0 
34 31 -34 0 0 0 0 -27 4 -14 -23 -3 -5 0 14 0 -3 0 21 0 49 45 0 0 0 0 -38 0 0 0 0 0 7 -17 -47 0 0 0 0 -47 0 -38 0 49 0 -37 0 0 0 42 12 -46 0 -19 0 -20 0 0 0 5 0 13 -10 0 41 -26 0 47 -40 0 0 0 24 0 0 0 0 -12 0 36 30 -38 -11 -39 33 -43 0 0 0 0 
0 0 21 43 0 -6 0 0 -15 49 39 0 -15 0 0 0 0 -31 6 0 15 0 44 20 0 0 0 0 50 0 0 20 0 0 0 12 42 0 0 0 -43 -10 0 -41 0 -14 23 -25 35 37 -17 -45 -29 7 0 -8 -6 47 15 0 0 0 0 -31 -2 0 0 0 0 10 0 0 0 0 0 -34 0 0 12 0 -36 0 0 -13 0 -31 0 0 0 48 
0 0 0 42 -18 46 0 -13 0 0 -25 -29 0 8 0 0 -30 15 -25 -30 0 0 20 8 10 8 46 5 0 -16 33 -42 -2 -36 0 -15 -6 48 0 0 33 0 -37 0 0 20 0 -9 0 0 37 0 0 -5 21 0 0 40 0 0 9 -38 41 -23 0 0 23 0 0 0 23 0 0 -14 8 0 0 0 -37 -24 0 12 -29 -13 -24 -35 0 0 -35 27 
0 -1 0 0 0 0 -42 -43 30 0 0 -34 -41 46 0 -25 0 0 -3 8 0 0 0 10 26 -26 -35 0 30 37 0 0 0 17 -33 0 5 -46 -7 0 -28 6 -41 -2 -47 -16 -34 0 0 0 -25 0 26 11 -26 23 0 0 0 0 0 28 0 0 48 0 25 0 27 0 0 -22 0 0 0 0 7 0 43 0 0 0 -1 0 -31 0 22 0 0 49 
-1 0 47 -2 0 37 -12 -2 -18 46 0 0 0 0 -39 0 -50 0 0 0 0 0 0 8 -26 29 0 0 -9 5 -33 -46 44 -5 0 0 -36 9 -8 32 24 -12 0 0 7 0 0 43 0 0 -32 0 -22 -18 0 2 0 0 0 0 -2 -30 26 0 0 0 0 -6 0 -34 0 45 0 0 0 -47 -34 0 0 0 1 0 0 -23 0 -19 0 40 47 -48 
-47 25 37 0 0 0 -32 0 0 28 -37 -21 41 -38 -50 -7 0 -12 16 -34 -29 -38 0 46 -35 0 3 31 0 0 0 0 0 5 0 18 0 -32 -38 0 0 -34 0 22 -40 0 -12 -26 0 1 -22 0 0 -36 31 0 0 -18 -47 0 0 -25 40 10 23 -23 0 0 0 0 0 24 23 0 1 0 -33 42 43 46 -12 0 0 -6 0 30 22 0 -29 -45 
0 29 0 -5 0 38 0 0 2 -19 0 0 -45 -7 0 -2 0 0 -49 0 -21 0 0 5 0 0 31 40 39 0 0 0 14 28 4 39 0 -25 0 0 0 -16 34 0 0 -19 0 0 0 0 0 -49 23 0 -41 -18 -14 0 0 28 0 7 -50 0 0 -8 42 0 0 -23 0 -33 33 49 0 0 0 0 -34 20 0 0 -6 0 0 1 0 -10 0 0 
0 0 0 17 34 -18 0 15 0 0 0 -36 -11 21 -45 0 0 -16 0 0 -5 0 50 0 30 -9 0 39 39 -36 9 0 2 0 24 0 0 -38 -37 0 -45 11 4 0 -44 0 0 -39 -7 0 0 0 -42 0 0 0 0 -8 -1 0 -24 0 0 0 -18 0 31 0 0 -46 -42 -6 0 0 -21 0 -48 -5 0 -23 0 21 0 5 0 0 -19 37 0 0 
-35 7 4 0 0 -17 -12 -4 0 -16 -35 0 42 0 -26 0 0 13 29 0 0 0 0 -16 37 5 0 0 -36 18 -11 0 0 -15 -12 0 -13 -13 0 0 0 48 36 21 0 40 -39 0 -18 -1 34 43 0 0 21 -40 0 0 -20 -1 -46 5 41 0 45 0 -37 37 3 0 -17 0 0 47 42 -20 27 33 0 -41 -35 0 -30 0 -42 -20 0 0 0 -45 
13 49 0 34 -18 0 24 3 0 -17 0 0 -9 0 29 -4 0 0 0 0 0 0 0 33 0 -33 0 0 9 -11 8 0 -45 0 0 -42 0 28 0 0 22 49 -29 0 0 -38 0 20 0 0 7 -6 0 0 0 -11 -48 30 0 -50 -1 48 -30 26 0 0 18 -36 0 -40 -24 0 0 0 0 0 0 0 0 -33 0 20 42 0 0 0 3 -14 0 0 
0 -46 0 0 0 8 0 0 38 -28 23 0 20 1 -7 12 0 0 0 36 0 0 20 -42 0 -46 0 0 0 0 0 14 -34 0 0 0 -48 -39 31 0 0 45 0 47 -37 -33 0 -20 0 -26 0 -19 -4 22 0 -25 -5 3 48 -16 -33 6 40 0 49 0 0 -24 0 0 -7 49 0 30 0 0 0 0 -28 46 0 -6 5 0 0 0 -36 -47 -30 0 
-23 0 0 32 0 0 -45 0 0 -16 50 0 0 0 35 17 -11 0 40 0 -24 7 0 -2 0 44 0 14 2 0 -45 -34 5 18 -8 32 0 0 -30 17 -24 -50 0 0 0 41 50 0 0 -2 -34 0 22 32 0 0 -24 0 3 0 -6 0 4 0 -17 -49 -17 0 0 20 -47 -45 -41 0 36 -39 0 30 16 -6 0 27 -36 0 -26 0 38 -38 -21 0 
4 -20 0 0 -7 0 0 -11 0 11 0 -2 2 0 0 -19 0 0 -1 0 46 -17 0 -36 17 -5 5 28 0 -15 0 0 18 3 0 -10 -42 0 0 0 0 21 0 46 23 0 38 0 -17 27 0 48 6 0 -13 -19 29 0 0 39 0 -22 0 0 2 16 0 0 0 -26 0 -16 22 0 27 -25 29 -46 -7 -8 40 42 -4 40 0 -46 40 0 -25 0 
0 33 0 -22 0 0 0 0 -10 0 -28 0 -19 0 -23 0 0 -34 -10 -26 0 -47 0 0 -33 0 0 4 24 -12 0 0 -8 0 26 0 20 -50 19 0 46 -23 18 0 0 0 18 -8 45 0 0 0 0 49 0 0 31 -31 0 33 0 0 -6 -12 0 0 0 0 33 0 0 0 0 -42 45 0 -19 0 0 -23 -37 0 0 0 -36 37 -1 0 -35 0 
0 0 -9 0 49 0 0 -41 24 31 33 0 0 -28 -45 0 26 -16 0 0 28 0 12 -15 0 0 18 39 0 0 -42 0 32 -10 0 29 0 0 0 -19 -34 0 32 25 7 0 0 -44 0 0 0 0 22 4 49 0 0 47 0 0 0 -24 0 -41 0 0 15 -29 0 0 -17 39 0 -1 -39 -43 49 50 42 3 0 0 29 -45 22 0 -14 -45 29 -6 
29 39 0 29 0 -39 2 0 0 -47 0 0 10 0 -19 0 -37 27 -41 0 0 0 42 -6 5 -36 0 0 0 -13 0 -48 0 -42 20 0 34 0 0 0 0 4 0 0 0 0 35 0 10 0 -36 0 -1 32 0 0 36 22 0 38 35 0 0 -15 -25 19 0 17 26 0 0 29 19 -35 0 0 0 0 0 -1 0 0 0 -41 0 -1 20 18 0 23 
34 26 44 0 0 7 0 0 0 -8 0 48 0 40 5 0 0 38 0 -17 0 0 0 48 -46 9 -32 -25 -38 -13 28 -39 0 0 -50 0 0 15 0 0 50 -34 0 0 0 0 0 -29 0 -32 -18 0 -4 0 0 0 -12 43 0 0 0 0 0 0 0 0 -26 3 -49 0 2 42 0 46 9 0 0 29 0 37 0 0 21 26 -35 -28 45 15 -22 0 
0 0 -26 32 0 -38 26 -45 -17 0 0 48 0 -25 -43 0 0 41 0 12 0 0 0 0 -7 -8 -38 0 -37 0 0 31 -30 0 19 0 0 0 10 -2 -44 0 0 -9 -44 -21 -46 -39 -22 39 12 0 42 0 0 -5 -18 18 -42 37 -43 0 0 0 32 0 -27 26 0 -14 0 0 -3 0 8 22 0 0 12 27 0 0 -13 0 -8 0 -50 -15 44 29 
0 0 0 0 -24 41 50 30 0 16 0 0 0 0 0 46 -23 0 -6 0 0 -47 0 0 0 32 0 0 0 0 0 0 17 0 0 -19 0 0 -2 45 4 -21 0 0 -46 0 0 -34 -4 0 -5 0 0 26 0 0 26 37 -31 7 0 17 0 0 0 39 0 0 0 0 1 0 0 -7 0 -11 0 -18 0 0 45 -42 10 0 -41 23 0 36 2 0 
0 0 -28 -34 20 0 38 -31 0 0 41 0 0 11 -20 0 0 0 -18 0 0 0 -43 33 -28 24 0 0 -45 0 22 0 -24 0 46 -34 0 50 -44 4 46 0 4 -12 0 0 4 -7 0 0 0 -48 0 13 -40 0 0 13 0 0 0 0 5 0 0 0 0 -19 -11 3 0 0 40 0 0 0 -42 21 0 31 27 0 0 0 0 34 0 -44 -46 -11 
-10 0 0 0 -13 0 0 50 33 0 0 0 35 0 0 0 35 0 0 13 26 -38 -10 0 6 -12 -34 -16 11 48 49 45 -50 21 -23 0 4 -34 0 -21 0 37 0 -50 0 -5 -49 -37 0 0 19 0 0 -29 -48 25 -16 0 0 0 0 15 -17 0 0 0 38 0 44 -23 0 0 -42 2 0 0 0 0 24 0 0 0 20 0 -50 0 8 0 -8 0 
-38 0 4 33 26 0 1 0 0 -48 0 -18 -8 -21 -46 -6 0 6 0 0 0 0 0 -37 -41 0 0 34 4 36 -29 0 0 0 18 32 0 0 0 0 4 0 15 -8 27 -21 14 45 0 0 0 0 28 2 0 -10 0 -5 0 0 9 16 0 0 0 45 24 0 15 0 -48 0 28 43 20 0 0 0 0 0 0 0 0 0 0 0 0 0 0 31 
0 -50 0 16 -15 0 -18 39 0 0 0 0 21 12 -50 0 50 0 0 0 0 49 -41 0 -2 0 22 0 0 21 0 47 0 46 0 25 0 0 -9 0 -12 -50 -8 41 1 0 -20 -4 0 0 2 0 0 0 43 0 -3 29 0 0 0 -27 0 0 31 0 0 0 0 0 0 0 0 0 29 -46 0 0 24 0 27 -34 -21 0 0 45 0 38 0 0 
0 -15 0 0 18 45 11 1 -14 12 9 0 0 0 0 0 0 0 -26 0 16 0 0 0 -47 7 -40 0 -44 0 0 -37 0 23 0 7 0 0 -44 -46 0 0 27 1 5 0 0 0 0 0 48 0 23 -39 -18 0 0 -22 0 0 0 34 26 0 0 9 37 0 46 47 0 0 0 24 18 -17 0 0 -41 16 0 44 43 -20 0 0 0 48 -47 0 
30 0 -7 44 0 0 0 0 35 33 0 0 10 0 0 -25 0 0 40 0 23 -37 -14 20 -16 0 0 -19 0 40 -38 -33 41 0 0 0 0 0 -21 0 0 -5 -21 0 0 45 -3 0 44 17 0 0 0 0 0 -25 0 -9 36 6 -2 -16 0 0 0 -45 0 -9 28 -19 0 0 -28 -25 47 -8 0 47 -35 -48 49 0 17 0 0 0 -8 0 0 0 
0 -23 0 0 33 0 41 0 0 0 0 0 0 -12 0 -12 -16 0 -7 0 26 0 23 0 -34 0 -12 0 0 -39 0 0 50 38 18 0 35 0 -46 0 4 -49 14 -20 0 -3 40 0 0 16 0 -41 13 -15 0 0 -18 -13 0 -37 -2 0 0 36 -32 0 -1 0 -2 0 8 0 -30 0 0 45 0 0 0 -29 23 -21 35 -44 -3 41 -28 -17 -4 7 
-22 0 14 0 25 0 -18 37 0 -18 0 0 0 0 0 0 -1 0 -26 4 25 0 -25 -9 0 43 -26 0 -39 0 20 -20 0 0 -8 -44 0 -29 -39 -34 -7 -37 45 -4 0 0 0 6 0 0 -19 0 0 -43 23 0 26 0 0 28 -43 -18 -15 -49 0 0 0 3 0 15 0 49 50 0 0 0 -4 0 48 0 0 -18 35 18 -3 0 0 0 0 0 
0 11 33 18 -12 -41 0 0 21 0 0 18 7 0 16 0 0 25 -2 0 30 0 35 0 0 0 0 0 -7 -18 0 0 0 -17 45 0 10 0 -22 -4 0 0 0 0 0 44 0 0 40 -25 -43 0 0 0 -35 0 0 0 0 -11 0 0 0 0 0 0 -45 0 34 22 0 24 0 -40 0 -14 0 0 -43 -33 0 0 0 0 40 0 0 0 0 0 
0 7 0 -35 0 0 8 0 0 0 0 0 0 -33 43 11 0 -31 42 0 -43 42 37 0 0 0 1 0 0 -1 0 -26 -2 27 0 0 0 -32 39 0 0 0 0 0 0 17 16 0 -25 27 0 -44 43 9 0 -5 0 0 -8 7 0 10 36 34 25 -17 37 -49 0 -23 0 17 46 0 0 0 0 0 12 0 43 34 0 0 0 -37 0 0 0 0 
-16 26 -42 21 5 0 -15 0 -18 -36 0 -44 -17 0 0 -46 0 0 -15 8 45 12 -17 37 -25 -32 -22 0 0 34 7 0 -34 0 0 0 -36 -18 12 -5 0 19 0 2 48 0 0 -19 -43 0 8 -39 31 47 0 -37 -49 0 -15 0 0 0 14 -15 -46 -28 0 0 -1 22 0 -16 0 27 -3 0 0 14 0 25 0 -47 -20 0 0 23 -20 0 0 0 
-35 0 15 0 0 0 0 0 30 -22 0 0 0 33 0 -11 11 -37 0 0 0 -46 -45 0 0 0 0 -49 0 43 -6 -19 0 48 0 0 0 0 0 0 -48 0 0 0 0 0 -41 0 0 -44 -39 25 10 -3 0 6 0 0 0 0 -41 -37 0 0 0 16 41 0 -10 48 -20 0 -43 -44 -43 0 0 -24 3 0 0 0 29 -15 0 0 0 0 48 0 
-4 0 3 0 -38 -39 -10 50 0 0 0 -36 0 0 0 0 9 -29 -27 25 0 0 -29 0 26 -22 0 23 -42 0 0 -4 22 6 0 22 -1 -4 42 0 0 0 28 0 23 0 13 0 0 43 31 10 10 -35 1 0 -28 2 0 -24 37 0 45 0 0 0 -32 -18 0 -27 0 17 0 -3 0 -48 -43 0 -26 20 0 0 0 0 0 0 -12 -49 36 0 
0 22 -45 -45 43 32 0 0 0 38 44 -39 23 -7 0 0 39 -33 0 17 39 -19 7 -5 11 -18 -36 0 0 0 0 22 32 0 49 4 32 0 0 26 13 -29 2 0 -39 0 -15 -43 0 9 47 -3 -35 39 -47 0 -11 -26 0 37 0 -35 0 45 -17 0 0 -42 48 0 0 0 -23 0 0 -30 0 0 -23 0 16 0 -3 -19 0 0 0 0 0 0 
-3 0 27 8 0 0 -43 -37 0 0 29 48 -31 -39 43 0 10 -43 0 7 -1 0 0 21 -26 0 31 -41 0 21 0 0 0 -13 0 49 0 0 0 0 -40 -48 0 43 -18 0 0 23 -35 0 0 0 1 -47 14 -6 0 7 23 0 0 -8 0 17 8 0 13 0 1 26 0 20 10 0 0 0 -15 -31 0 0 0 10 31 0 -19 0 0 -4 0 -4 
-28 0 0 0 -5 -21 38 0 0 14 -50 0 0 0 0 -19 -44 -29 13 0 0 -20 -8 0 23 2 0 -18 0 -40 -11 -25 0 -19 0 0 0 0 -5 0 0 25 -10 0 0 -25 0 0 0 -5 -37 6 0 0 -6 8 0 -10 -30 34 25 0 -4 0 -14 41 0 27 -20 0 -25 -8 0 -8 -27 0 0 -40 0 0 3 2 0 18 0 0 0 11 37 -35 
0 0 14 0 -2 0 0 0 -45 0 0 -50 12 15 15 40 -50 0 -9 -30 -21 0 -6 0 0 0 0 -14 0 0 -48 -5 -24 29 31 0 36 -12 -18 26 0 -16 0 -3 0 0 -18 26 0 0 -49 0 -28 -11 0 0 37 49 33 0 41 50 0 0 0 0 -19 0 0 0 0 0 43 0 0 30 30 36 19 0 0 -43 46 47 0 -1 0 0 -19 47 
39 -30 39 35 0 29 -23 0 0 13 0 0 0 0 -2 0 0 -25 -17 -22 -26 0 47 40 0 0 -18 0 -8 0 30 3 0 0 -31 47 22 43 18 37 13 0 -5 29 -22 -9 -13 0 0 0 0 0 2 -26 7 -10 49 38 33 0 0 9 20 45 37 3 0 25 36 0 39 -24 -19 0 32 0 29 2 -49 -19 0 0 0 17 0 -5 27 0 -22 -26 
0 0 0 0 0 0 -32 -29 0 26 12 -28 0 2 15 -44 0 15 28 46 0 0 15 0 0 0 -47 0 -1 -20 0 48 3 0 0 0 0 0 -42 -31 0 0 0 0 0 36 0 0 0 -8 -15 0 0 0 23 -30 33 33 31 0 0 0 0 0 0 37 32 16 0 0 23 13 -14 0 0 -6 0 0 25 -17 20 0 -47 0 0 -38 0 -1 0 0 
0 48 0 31 34 0 0 0 0 0 30 0 0 0 0 0 0 48 -40 -13 6 5 0 0 0 0 0 28 0 -1 -50 -16 0 39 33 0 38 0 37 7 0 0 0 0 0 6 -37 28 -11 7 0 0 -24 37 0 34 0 0 0 4 0 0 0 47 0 0 0 8 -35 -24 0 0 -10 0 0 19 -16 -22 0 0 0 37 36 0 0 -30 42 0 0 0 
0 35 29 0 -2 0 -42 0 -27 28 0 -27 0 0 0 -21 0 -24 -17 -21 3 0 0 9 0 -2 0 0 -24 -46 -1 -33 -6 0 0 0 35 0 -43 0 0 0 9 0 0 -2 -2 -43 0 0 0 -41 37 0 0 25 41 0 0 0 35 -19 0 0 0 15 9 2 0 -19 41 10 0 0 0 41 8 -11 0 0 0 22 0 -18 0 18 32 0 0 -16 
13 0 0 0 0 0 0 0 21 0 0 -25 0 0 0 0 0 0 0 0 -19 13 0 -38 28 -30 -25 7 0 5 48 6 0 -22 0 -24 0 0 0 17 0 15 16 -27 34 -16 0 -18 0 10 0 -37 0 -35 -8 0 50 9 0 0 -19 27 -29 -7 0 0 0 0 0 -3 1 15 -26 0 38 0 0 0 30 2 -19 0 0 -8 26 32 0 -3 2 -43 
0 -16 50 -33 0 34 0 0 36 29 -4 0 0 -21 0 -26 30 -18 0 0 -35 -10 0 41 0 26 40 -50 0 41 -30 40 4 0 -6 0 0 0 0 0 5 -17 0 0 26 0 0 -15 0 36 14 0 45 0 0 -4 0 20 0 0 0 -29 32 7 28 0 16 0 -43 0 22 -14 0 28 1 28 0 -35 0 38 -4 0 29 -46 32 0 8 0 0 -21 
12 0 29 12 36 -31 3 37 0 11 0 0 18 0 0 -48 -7 0 35 -19 44 0 -31 -23 0 0 10 0 0 0 26 0 0 0 -12 -41 -15 0 0 0 0 0 0 0 0 0 36 -49 0 34 -15 0 0 45 17 0 0 45 0 47 0 -7 7 8 0 15 -6 -34 0 0 0 0 0 -39 0 0 -11 0 0 0 -34 0 0 0 -35 0 0 -45 0 0 
-9 40 11 0 0 -26 -30 0 3 -44 50 -17 0 -27 40 -37 0 -37 39 0 0 41 -2 0 48 0 23 0 -18 45 0 49 -17 2 0 0 -25 0 32 0 0 0 0 31 0 0 -32 0 0 25 -46 0 0 -17 8 -14 0 37 0 0 0 0 28 0 42 -39 7 0 0 0 -17 -5 6 0 0 17 17 -6 0 -42 0 0 0 0 0 0 -12 0 10 20 
49 0 0 0 0 0 0 0 0 0 0 0 0 18 0 0 0 0 0 0 0 -26 0 0 0 0 -23 -8 0 0 0 0 -49 16 0 0 19 0 0 39 0 0 45 0 9 -45 0 0 0 -17 -28 16 0 0 0 41 0 3 37 0 15 0 0 15 -39 5 10 32 -33 0 -46 32 0 4 0 0 40 0 -19 0 -25 0 0 0 13 48 0 -3 34 0 
0 -30 22 0 0 -49 29 8 -18 0 0 -33 -25 29 -27 28 0 4 0 36 6 0 0 23 25 0 0 42 31 -37 18 0 -17 0 0 15 0 -26 -27 0 0 38 24 0 37 0 -1 0 -45 37 0 41 -32 0 13 0 -19 0 32 0 9 0 16 -6 7 10 41 0 43 49 -50 15 -17 0 -46 8 0 -18 -17 -14 -16 0 0 -34 28 -50 0 0 0 0 
0 12 50 0 42 0 -13 -27 0 0 -30 0 0 19 25 0 0 16 -13 41 13 47 0 0 0 -6 0 0 0 37 -36 -24 0 0 0 -29 17 3 26 0 -19 0 0 0 0 -9 0 3 0 -49 0 0 -18 -42 0 27 0 25 16 8 2 0 0 -34 0 32 0 49 22 -11 47 41 -42 0 0 -45 0 1 0 0 0 0 0 0 28 0 0 48 0 46 
0 0 22 0 0 41 0 30 -17 1 35 0 47 -38 0 -29 -17 14 -6 0 0 -40 0 0 27 0 0 0 0 3 0 0 0 0 33 0 26 -49 0 0 -11 44 15 0 46 28 -2 0 34 0 -1 -10 0 48 1 -20 0 36 0 -35 0 0 -43 0 0 -33 43 22 3 3 0 0 0 0 0 45 2 0 0 0 0 22 0 0 0 0 -27 24 0 14 
7 37 0 -10 0 -43 0 0 0 37 0 16 0 45 0 0 -5 29 3 0 0 0 10 0 0 -34 0 -23 -46 0 -40 0 20 -26 0 0 0 0 -14 0 3 -23 0 0 47 -19 0 15 22 -23 22 48 -27 0 26 0 0 0 0 -24 -19 -3 0 0 0 0 49 -11 3 2 45 -6 -4 0 0 -18 29 0 -23 -24 0 0 -30 33 -29 12 48 0 24 8 
43 45 0 -40 8 48 31 -49 0 0 -15 -37 0 0 -20 0 -1 -48 0 25 -13 0 0 23 0 0 0 0 -42 -17 -24 -7 -47 0 0 -17 0 2 0 1 0 0 -48 0 0 0 8 0 0 0 0 -20 0 0 0 -25 0 39 23 0 41 1 22 0 -17 -46 -50 47 0 45 21 -9 10 0 -27 0 -32 -26 0 0 0 0 -20 0 0 0 0 18 42 0 
0 39 0 0 -23 2 0 30 -38 12 -19 -48 0 41 47 -13 25 6 -44 0 0 0 0 0 -22 45 24 -33 -6 0 0 49 -45 -16 0 39 29 42 0 0 0 0 0 0 0 0 0 49 24 17 -16 0 17 0 20 -8 0 -24 13 0 10 15 -14 0 -5 32 15 41 0 -6 -9 18 0 0 36 0 34 0 0 0 0 0 0 4 -16 4 0 -21 -40 38 
0 47 0 -14 39 0 0 0 -43 18 0 -19 -43 0 0 0 0 -45 30 0 0 24 0 0 0 0 23 33 0 0 0 0 -41 22 0 0 19 0 -3 0 40 -42 28 0 0 -28 -30 50 0 46 0 -43 0 -23 10 0 43 -19 -14 -10 0 -26 0 0 6 0 -17 -42 0 -4 10 0 12 0 0 0 0 0 -50 -8 21 40 0 -14 -43 0 30 12 0 27 
0 -32 -32 0 8 0 0 -12 0 -41 0 0 22 0 -32 38 0 48 -5 7 37 0 0 -14 0 0 0 49 0 47 0 30 0 0 -42 -1 -35 46 0 -7 0 2 43 0 24 -25 0 0 -40 0 27 -44 -3 0 0 -8 0 0 0 0 0 0 28 -39 0 4 0 0 0 0 0 0 0 24 16 0 42 -45 0 0 -27 0 0 0 -32 0 0 0 -22 1 
0 0 42 0 -8 0 -6 34 41 0 -30 -22 0 0 0 26 0 -37 0 -18 0 0 0 8 0 0 1 0 -21 42 0 0 36 27 45 -39 0 9 8 0 0 0 20 29 18 47 0 0 0 0 -3 -43 0 0 0 -27 0 32 0 0 0 38 1 0 0 0 -46 0 0 0 -27 36 0 16 40 -6 0 29 0 -19 26 -31 37 0 0 -37 0 0 0 42 
-2 0 -28 -10 49 0 0 6 -13 0 0 0 -10 19 0 0 0 30 0 0 -34 0 -34 0 0 -47 0 0 0 -20 0 0 -39 -25 0 -43 0 0 22 -11 0 0 0 -46 -17 -8 45 0 -14 0 0 0 -48 -30 0 0 30 0 -6 19 41 0 28 0 17 0 8 -45 45 -18 0 0 0 0 -6 46 -26 -29 0 -35 7 0 -42 -38 0 -10 -28 12 0 0 
-50 0 0 0 22 -25 -29 0 0 0 0 -42 36 0 -22 -33 -1 0 -7 0 0 0 0 0 7 -34 -33 0 -48 27 0 0 0 29 -19 49 0 0 0 0 -42 0 0 0 0 0 0 -4 0 0 0 0 -43 0 -15 0 30 29 0 -16 8 0 0 -11 17 40 0 0 2 29 -32 34 0 42 0 -26 7 -9 -5 -17 27 3 0 0 37 0 0 0 0 0 
0 0 0 -50 -44 0 0 8 -34 22 0 -37 0 27 0 1 -38 7 0 -30 49 -12 0 0 0 0 42 0 -5 33 0 0 30 -46 0 50 0 29 0 -18 21 0 0 0 0 47 0 0 0 0 14 -24 0 0 -31 -40 36 2 0 -22 -11 0 -35 0 -6 0 -18 1 0 0 -26 0 0 -45 29 -29 -9 33 -42 0 -44 42 -23 -29 0 3 0 -13 -50 0 
-3 0 -1 0 0 35 -30 0 -43 45 3 0 -22 0 -15 0 0 -34 -23 0 0 0 12 -37 43 0 43 -34 0 0 0 -28 16 -7 0 42 0 0 12 0 0 24 0 24 -41 -35 0 48 -43 12 0 3 -26 -23 0 0 19 -49 25 0 0 30 0 0 0 -19 -17 0 0 -23 0 0 -50 0 0 0 -5 -42 32 0 0 0 -28 0 0 0 -49 3 -22 -27 
0 -26 0 3 0 -48 0 0 -50 0 -8 0 0 0 0 0 33 13 0 44 0 36 0 -24 0 0 46 20 -23 -41 -33 46 -6 -8 -23 3 -1 37 27 0 31 0 0 0 16 -48 -29 0 -33 0 25 0 20 0 0 0 0 -19 -17 0 0 2 38 0 -42 0 -14 0 0 -24 0 0 -8 0 -19 -35 -17 0 0 35 -8 11 0 34 0 0 0 -21 0 33 
0 0 0 0 0 -3 49 0 0 0 0 0 0 0 20 -8 -10 0 0 0 -46 30 -36 0 0 1 -12 0 0 -35 0 0 0 40 -37 0 0 0 0 45 27 0 0 27 0 49 23 0 0 43 0 0 0 16 0 3 0 0 20 0 0 -19 -4 -34 0 -25 -16 0 0 0 0 0 21 -27 26 7 27 -44 0 -8 9 -44 38 0 -26 0 0 0 0 -4 
-46 9 46 0 11 -43 0 -23 -34 0 45 0 0 0 29 -2 0 0 0 11 0 -38 0 12 0 0 0 0 21 0 20 -6 27 42 0 0 0 0 0 -42 0 0 0 -34 44 0 -21 -18 0 34 -47 0 0 0 10 2 -43 0 0 37 22 0 0 0 0 0 0 0 22 0 0 0 40 0 -31 0 3 42 0 11 -44 24 0 22 44 -6 -42 -46 0 0 
0 0 3 39 0 -31 31 42 0 3 0 0 -40 2 41 20 0 -46 0 -33 0 -11 0 -29 -1 0 0 -6 0 -30 42 5 -36 -4 0 29 0 21 -13 10 0 20 0 -21 43 17 35 35 0 0 -20 29 0 -3 31 0 46 0 -47 36 0 0 29 0 0 0 0 0 0 -30 -20 0 0 0 37 -42 0 -23 -28 0 38 0 6 -10 35 0 0 0 0 0 
0 0 0 0 -17 -16 -5 -10 21 -33 4 16 -21 0 0 15 50 -9 -20 0 0 -39 -13 -13 0 -23 -6 0 5 0 0 0 0 40 0 -45 -41 26 0 0 0 0 0 0 -20 0 -44 18 0 0 0 -15 0 -19 0 18 47 17 0 0 -18 -8 -46 0 0 0 -34 0 0 33 0 4 -14 0 0 -38 0 -29 0 34 0 22 -10 32 30 0 16 0 0 35 
0 -10 -36 42 -1 -3 5 -9 22 -45 0 0 18 -20 -10 0 -44 0 0 -21 0 33 0 -24 -31 0 0 0 0 -42 0 0 -26 0 -36 22 0 -35 -8 -41 0 -50 0 0 0 0 -3 -3 40 0 0 0 0 0 -19 0 0 0 0 0 0 26 32 -35 0 13 28 28 0 -29 0 -16 -43 -32 0 0 37 0 0 0 -26 44 35 30 23 48 -15 4 0 0 
5 -24 -44 0 0 0 0 0 0 0 0 0 14 28 0 0 0 0 49 30 0 -43 -31 -35 0 -19 30 1 0 -20 0 0 0 -46 37 0 -1 -28 0 23 34 0 0 45 0 0 41 0 0 -37 23 0 0 0 0 0 -1 -5 -38 -30 18 32 0 0 0 48 -50 0 0 12 0 4 0 0 -37 -10 0 3 0 0 0 -6 0 0 48 7 0 17 -45 -34 
-46 40 -27 0 0 0 0 0 2 0 0 25 0 0 32 0 0 0 -9 -47 0 0 0 0 22 0 22 0 -19 0 3 -36 38 40 -1 -14 20 45 -50 0 0 8 0 0 0 -8 -28 0 0 0 -20 0 -12 0 0 0 0 27 0 42 32 0 8 0 -12 0 0 0 -27 48 0 0 30 0 0 -28 0 0 -49 0 0 -42 0 16 -15 0 16 -24 15 0 
-10 0 0 -16 0 44 0 -42 0 10 0 35 48 0 0 0 0 -43 0 0 0 0 0 0 0 40 0 -10 37 0 -14 -47 -38 0 0 -45 18 15 -15 36 -44 0 0 38 48 0 -17 0 0 0 0 0 -49 0 -4 11 0 0 -1 0 0 -3 0 -45 0 -3 0 48 24 0 18 -21 12 0 0 12 0 -13 3 -21 0 -46 0 0 4 17 -24 18 17 -44 
0 0 0 -19 0 0 0 15 38 0 0 0 0 38 -12 0 0 30 0 -18 0 0 0 -35 0 47 -29 0 0 0 0 -30 -21 -25 -35 29 0 -22 44 2 -46 -8 0 0 -47 0 -4 0 0 0 0 48 36 0 0 37 -19 -22 0 0 0 2 0 0 10 34 0 0 0 24 42 -40 0 -22 0 0 0 -50 -22 0 0 0 0 0 0 -45 15 17 32 -19 
0 0 0 32 0 0 0 31 0 0 0 0 0 -32 0 38 -32 -43 -50 -47 0 0 48 27 49 -48 -45 0 0 -45 0 0 0 0 0 -6 23 0 29 0 -11 0 31 0 0 0 7 0 0 0 0 0 0 0 -4 -35 47 -26 0 0 -16 -43 -21 0 20 0 0 46 14 8 0 38 27 1 42 0 0 0 -27 33 -4 0 0 35 0 -34 0 -44 -19 12 
