70
-19 -47 41 17 -11 -15 29 -22 4 -39 43 41 -18 -2 -12 -3 -6 -27 -11 45 -17 -36 -10 12 -30 3 -21 -22 45 20 12 45 23 49 5 46 -28 20 20 -10 5 19 2 -6 45 -5 -5 50 -28 -42 -47 -23 47 -43 1 27 -14 -21 -18 -23 -6 28 4 28 -27 36 0 -4 44 26 
13 0 -30 0 0 0 30 -6 -44 0 -15 37 9 0 12 35 0 0 14 0 0 11 -28 0 0 0 1 0 25 -3 0 -38 -22 -16 15 -12 0 0 -22 -43 26 0 -10 31 -23 9 2 0 0 -23 -29 -40 0 4 17 23 -8 -26 -49 0 0 0 0 21 0 0 0 0 1 -22 
0 50 0 0 35 -40 0 0 0 0 0 0 5 37 0 22 0 -27 22 0 -16 0 47 41 -13 0 0 27 0 0 -27 0 0 15 0 13 -46 -33 -1 48 38 0 0 0 0 -10 0 0 -47 0 17 -12 0 0 0 -44 -22 42 18 0 -6 0 0 0 0 8 -33 11 28 49 
-30 0 25 1 1 -15 20 0 0 -24 0 0 0 24 -30 -48 0 0 -33 12 0 43 -34 34 48 0 0 0 5 -2 0 0 0 -11 0 0 0 27 0 -2 36 0 27 39 0 0 0 -27 18 43 14 -20 10 0 0 0 0 33 0 0 0 0 -41 14 -49 -40 0 0 0 -20 
0 0 1 6 -7 -30 0 0 0 34 -19 0 -32 0 -6 0 0 44 0 -34 0 0 0 0 0 0 -40 0 0 0 0 40 27 0 0 0 19 7 0 0 0 0 0 0 0 0 18 13 0 47 0 0 0 -4 27 0 -2 30 0 0 28 0 33 -2 15 0 0 0 -28 0 
0 35 1 -7 37 0 0 0 0 0 24 42 -23 0 0 16 -15 0 0 0 0 0 -24 0 0 0 -21 -50 0 -14 0 45 0 6 0 -24 0 0 0 30 -39 0 48 0 -30 0 0 0 8 -3 -45 0 0 -29 0 0 41 44 0 48 0 29 0 -26 28 0 0 0 0 35 
0 -40 -15 -30 0 36 0 -13 0 -49 0 0 13 -27 0 -30 37 36 0 0 -25 0 0 46 -7 42 -26 0 -39 41 0 -43 -41 -12 -43 0 0 -16 0 -19 0 -42 -16 47 0 0 19 -48 33 0 -19 0 0 0 0 -43 0 0 -38 -24 0 0 0 0 0 -29 0 -50 0 0 
30 0 20 0 0 0 22 0 -21 0 -8 -24 -32 0 -34 43 0 -32 0 0 0 -1 10 0 44 20 0 -26 -36 0 24 0 -40 0 40 0 8 44 -8 48 0 21 0 0 -46 0 0 0 -33 0 -6 -36 0 38 0 0 36 3 0 32 0 7 -9 -15 0 -25 0 -6 0 24 
-6 0 0 0 0 -13 0 1 0 8 0 0 -22 -47 21 0 7 0 -42 -1 0 0 0 24 36 -45 -50 0 0 0 44 -32 0 0 0 45 10 46 0 0 14 -8 45 0 47 0 46 0 0 4 -41 40 37 13 -6 -45 0 0 -49 0 0 24 32 0 0 -20 0 11 -44 50 
-44 0 0 0 0 0 -21 0 16 16 0 4 -22 9 0 0 0 -24 0 -10 -50 -26 -25 0 0 0 20 0 12 0 0 0 0 42 48 0 47 4 7 43 -45 -27 0 -48 0 -4 0 31 -23 -25 -38 0 27 0 44 0 14 -32 -12 30 0 0 25 0 2 -37 -45 -27 -26 15 
0 0 -24 34 0 -49 0 8 16 45 39 0 5 -44 0 0 0 0 1 -49 -25 0 38 47 0 5 0 0 28 -2 32 45 -45 -26 0 0 -43 -20 0 0 0 11 -36 29 -46 0 0 0 0 4 10 47 0 0 0 0 0 33 0 -50 -33 -11 0 0 0 0 0 30 32 0 
-15 0 0 -19 24 0 -8 0 0 39 49 0 0 -11 0 0 23 0 0 0 -16 0 -41 0 43 -30 0 0 -18 0 10 -13 45 -16 -2 3 19 0 29 21 0 0 0 0 0 0 0 44 0 47 -21 20 1 0 0 -37 0 17 2 -47 0 50 0 0 4 20 0 -20 -2 -43 
37 0 0 0 42 0 -24 0 4 0 0 22 0 0 0 0 0 29 0 -13 -44 -20 -28 0 0 35 0 -4 -39 0 10 0 0 -22 -29 0 0 0 0 0 -5 -21 23 0 -45 37 -20 -8 -8 0 0 0 0 0 0 0 45 0 0 -36 0 0 6 -36 0 6 0 25 36 -4 
9 5 0 -32 -23 13 -32 -22 -22 5 0 0 3 38 -2 -50 -40 0 49 -31 0 0 0 45 -44 0 -15 47 0 0 0 0 -36 -3 0 -43 0 0 36 0 49 0 1 32 -35 0 -16 -3 0 0 2 0 0 0 11 22 -2 0 0 0 0 0 1 -21 -24 -11 0 0 0 0 
0 37 24 0 0 -27 0 -47 9 -44 -11 0 38 28 0 6 -28 34 0 0 44 29 0 0 9 0 -37 0 0 -16 0 0 -7 -44 0 -1 34 -30 43 38 0 0 0 5 0 -45 -48 -31 -40 -28 12 -29 50 0 0 23 50 0 14 17 0 20 0 0 0 -9 47 0 -3 -33 
12 0 -30 -6 0 0 -34 21 0 0 0 0 -2 0 24 0 0 -38 0 23 -4 13 -20 0 0 28 -40 0 0 49 0 0 22 0 31 -33 -41 0 -22 0 27 0 -46 22 25 0 -32 0 -25 0 0 0 -36 0 44 17 29 0 20 0 0 -7 17 4 0 0 43 3 0 0 
35 22 -48 0 16 -30 43 0 0 0 0 0 -50 6 0 3 0 0 0 -25 -21 0 0 0 42 25 34 8 -21 0 42 37 0 0 0 -7 29 41 0 -9 0 0 0 -40 -43 48 0 44 0 -43 39 0 -32 -28 0 0 0 0 17 0 0 -21 0 0 37 0 33 20 0 0 
0 0 0 0 -15 37 0 7 0 0 23 0 -40 -28 0 0 14 -33 0 0 -29 41 0 0 0 35 -3 0 -27 0 30 0 0 0 -35 0 0 0 -28 37 8 -30 0 0 11 -44 0 0 0 5 0 -40 0 -45 6 -7 -1 0 0 0 7 0 19 30 -49 0 0 0 0 0 
0 -27 0 44 0 36 -32 0 -24 0 0 29 0 34 -38 0 -33 11 0 0 -39 0 0 0 0 32 0 9 0 -26 41 0 0 -40 -35 15 21 0 18 -28 -47 0 0 -18 0 -10 22 26 -29 -39 30 0 0 23 0 0 15 0 0 45 0 34 0 47 0 -26 40 23 0 29 
14 22 -33 0 0 0 0 -42 0 1 0 0 49 0 0 0 0 0 9 47 0 -31 0 5 0 35 0 -19 0 -21 0 0 0 0 0 0 0 0 -35 0 0 0 0 27 0 -11 37 0 37 0 17 0 0 -12 -35 -13 0 18 20 -12 0 -10 0 0 -7 0 -19 0 0 0 
0 0 12 -34 0 0 0 -1 -10 -49 0 -13 -31 0 23 -25 0 0 47 17 0 -19 0 0 49 -36 -32 14 -5 0 37 0 -43 -44 42 49 17 14 2 0 0 0 24 38 11 50 44 -24 16 -50 0 -50 0 0 0 0 0 0 39 14 15 0 -15 0 29 26 0 0 -1 -50 
0 -16 0 0 0 -25 0 0 -50 -25 -16 -44 0 44 -4 -21 -29 -39 0 0 16 0 -35 18 0 21 0 -8 9 0 -29 0 39 -14 -4 10 -43 -28 42 -35 0 0 -45 -11 25 35 0 0 46 -46 -3 0 0 42 -1 0 0 0 -13 0 0 0 0 0 -19 0 0 39 0 -12 
11 0 43 0 0 0 -1 0 -26 0 0 -20 0 29 13 0 41 0 -31 -19 0 7 0 0 27 -27 -22 -45 0 0 -9 0 0 0 0 18 0 -1 12 -42 0 0 9 0 0 8 -38 29 -19 -8 -39 0 27 24 0 -12 0 0 10 3 -49 -30 30 8 -18 0 0 37 0 14 
-28 47 -34 0 -24 0 10 0 -25 38 -41 -28 0 0 -20 0 0 0 0 0 -35 0 18 5 0 20 -6 0 -6 -33 42 10 24 -28 0 0 39 0 20 0 43 8 0 0 0 0 8 0 0 44 -40 -24 0 0 0 0 0 0 0 11 19 0 0 -44 21 38 0 -2 32 0 
0 41 34 0 0 46 0 24 0 47 0 0 45 0 0 0 0 0 5 0 18 0 5 40 8 0 -14 0 0 0 46 -38 0 -18 -10 0 0 0 -43 -10 -37 0 0 0 -4 0 0 -13 -12 36 0 -8 -8 0 -10 -29 0 7 0 -41 25 0 19 0 0 29 29 0 0 -5 
0 -13 48 0 0 -7 44 36 0 0 43 0 -44 9 0 42 0 0 0 49 0 27 0 8 44 32 13 40 5 -32 -3 -5 22 5 42 0 0 -23 0 0 9 0 -35 0 0 0 0 0 0 0 0 34 0 46 -28 0 0 0 26 40 -11 0 -38 0 19 -47 -10 0 0 13 
0 0 0 0 0 42 20 -45 0 5 -30 35 0 0 28 25 35 32 35 -36 21 -27 20 0 32 16 18 0 30 0 0 20 -16 -20 0 0 22 -16 -1 0 21 -37 -31 0 35 15 -38 0 0 -41 39 0 25 -50 0 0 -12 0 0 37 24 -27 0 0 0 -39 48 0 0 0 
1 0 0 -40 -21 -26 0 -50 20 0 0 0 -15 -37 -40 34 -3 0 0 -32 0 -22 -6 -14 13 18 13 0 -3 -41 0 0 6 0 17 32 0 0 0 0 -49 -22 0 -18 0 0 35 10 -41 0 0 -48 0 -33 0 24 25 0 -15 0 -22 0 -34 0 -27 0 -1 0 -5 0 
0 27 0 0 -50 0 -26 0 0 0 0 -4 47 0 0 8 0 9 -19 14 -8 -45 0 0 40 0 0 37 -40 -30 -3 -42 13 14 0 0 -5 0 9 0 0 -20 14 -35 0 4 3 45 0 29 0 0 -24 0 0 46 0 1 -41 5 0 48 2 0 -18 35 38 31 0 0 
25 0 5 0 0 -39 -36 0 12 28 -18 -39 0 0 0 -21 -27 0 0 -5 9 0 -6 0 5 30 -3 -40 32 -34 0 0 -10 43 0 0 28 2 16 0 -16 0 -32 0 23 0 4 0 0 22 19 0 26 -35 0 0 41 0 0 -44 10 0 34 0 7 -23 -39 38 25 -4 
-3 0 -2 0 -14 41 0 0 0 -2 0 0 0 -16 49 0 0 -26 -21 0 0 0 -33 0 -32 0 -41 -30 -34 33 -6 -3 -20 -30 0 0 8 0 -7 14 39 15 0 37 0 0 -37 0 37 -18 36 -44 37 0 0 0 0 0 0 19 0 0 -6 -31 0 39 30 0 16 -13 
0 -27 0 0 0 0 24 44 0 32 10 10 0 0 0 42 30 41 0 37 -29 -9 42 46 -3 0 0 -3 0 -6 39 0 5 0 0 -23 -2 0 0 0 0 0 0 31 39 0 0 0 0 0 0 -18 -42 0 0 0 0 44 0 0 0 0 0 -20 42 -34 0 -7 46 -25 
-38 0 0 40 45 -43 0 -32 0 45 -13 0 0 0 0 37 0 0 0 0 0 0 10 -38 -5 20 0 -42 0 -3 0 23 0 0 7 -31 0 0 -40 10 0 0 17 0 -17 35 0 -23 -26 -30 0 -42 0 0 0 0 7 0 0 0 -31 0 0 7 -22 28 0 0 8 0 
-22 0 0 27 0 -41 -40 0 0 -45 45 0 -36 -7 22 0 0 0 0 -43 39 0 24 0 22 -16 6 13 -10 -20 5 0 19 3 0 0 0 0 -5 0 30 28 -28 0 0 0 30 0 -31 -50 0 29 0 0 0 -3 0 0 0 -15 -25 36 0 -42 49 0 0 15 48 0 
-16 15 -11 0 6 -12 0 0 42 -26 -16 -22 -3 -44 0 0 0 -40 0 -44 -14 0 -28 -18 5 -20 0 14 43 -30 0 0 3 10 -25 0 -30 40 0 42 -4 23 0 0 2 7 -18 0 0 0 32 -46 0 0 -37 22 6 8 0 0 0 0 -37 0 0 0 0 0 -10 0 
15 0 0 0 0 -43 40 0 48 0 -2 -29 0 0 31 0 -35 -35 0 42 -4 0 0 -10 42 0 17 0 0 0 0 7 0 -25 29 -36 0 38 0 0 50 0 0 0 0 0 -17 50 13 -27 -39 -25 0 22 0 0 0 22 32 0 0 0 -23 34 -22 7 50 29 0 -23 
-12 13 0 0 -24 0 0 45 0 0 3 0 -43 -1 -33 -7 0 15 0 49 10 18 0 0 0 0 32 0 0 0 -23 -31 0 0 -36 35 0 -45 -32 0 0 0 0 0 0 0 -39 -5 0 -6 -25 0 29 0 0 -17 0 0 0 -38 -10 -3 31 29 0 -31 33 0 0 0 
0 -46 0 19 0 0 8 10 47 -43 19 0 0 34 -41 29 0 21 0 17 -43 0 39 0 0 22 0 -5 28 8 -2 0 0 -30 0 0 5 0 0 0 0 23 0 -9 -36 -17 0 0 0 1 0 46 28 0 20 16 0 0 0 0 0 0 14 0 0 44 -44 -30 -48 0 
0 -33 27 7 0 -16 44 46 4 -20 0 0 0 -30 0 41 0 0 0 14 -28 -1 0 0 -23 -16 0 0 2 0 0 0 0 40 38 -45 0 46 0 0 0 -10 0 -2 -28 22 17 0 0 0 0 0 0 23 -26 0 36 -35 41 20 0 -48 0 0 -8 0 18 0 47 0 
-22 -1 0 0 0 0 -8 0 7 0 29 0 36 43 -22 0 -28 18 -35 2 42 12 20 -43 0 -1 0 9 16 -7 0 -40 -5 0 0 -32 0 0 31 0 0 0 0 -17 0 0 0 0 47 -17 6 0 -37 0 -28 -23 11 -33 13 -5 9 -41 0 0 0 44 30 0 -32 0 
-43 48 -2 0 30 -19 48 0 43 0 21 0 0 38 0 -9 37 -28 0 0 -35 -42 0 -10 0 0 0 0 0 14 0 10 0 42 0 0 0 0 0 23 0 -47 49 -9 0 36 -32 0 -3 0 0 -19 3 0 17 0 -13 0 0 49 -11 0 -13 46 -23 2 -28 0 0 0 
26 38 36 0 -39 0 0 14 -45 0 0 -5 49 0 27 0 8 -47 0 0 0 0 43 -37 9 21 -49 0 -16 39 0 0 30 -4 50 0 0 0 0 0 7 -15 -31 -14 8 33 0 0 16 42 -46 41 0 19 0 -43 3 25 -26 17 0 0 0 0 -15 0 0 -35 -46 0 
0 0 0 0 0 -42 21 -8 -27 11 0 -21 0 0 0 0 -30 0 0 0 0 0 8 0 0 -37 -22 -20 0 15 0 0 28 23 0 0 23 -10 0 -47 -15 31 -39 -12 0 14 0 29 0 -35 0 0 -48 -31 0 0 8 0 0 -33 0 38 0 29 0 -36 38 23 -20 -46 
-10 0 27 0 48 -16 0 45 0 -36 0 23 1 0 -46 0 0 0 0 24 -45 9 0 0 -35 -31 0 14 -32 0 0 17 -28 0 0 0 0 0 0 49 -31 -39 41 0 -42 0 34 -20 -19 18 0 12 0 0 -3 0 11 0 -3 43 0 -28 0 0 47 0 0 12 0 0 
31 0 39 0 0 47 0 0 -48 29 0 0 32 5 22 -40 0 -18 27 38 -11 0 0 0 0 0 -18 -35 0 37 31 0 0 0 0 0 -9 -2 -17 -9 -14 -12 0 25 0 22 0 -2 0 39 -15 0 0 0 39 15 -24 6 38 41 -29 0 50 -37 0 0 33 3 0 -38 
-23 0 0 0 -30 0 -46 47 0 -46 0 -45 -35 0 25 -43 11 0 0 11 25 0 0 -4 0 35 0 0 23 0 39 -17 0 2 0 0 -36 -28 0 0 8 0 -42 0 8 0 0 27 8 0 4 0 0 0 -7 0 24 0 47 0 -15 50 23 -2 0 8 0 0 0 18 
9 -10 0 0 0 0 0 0 -4 0 0 37 0 -45 0 48 -44 -10 -11 50 35 8 0 0 0 15 0 4 0 0 0 35 0 7 0 0 -17 22 0 36 33 14 0 22 0 5 0 47 4 0 -1 0 43 -8 -37 0 -37 0 0 0 0 1 6 45 0 -11 11 0 -9 -23 
2 0 0 18 0 19 0 46 0 0 0 -20 -16 -48 -32 0 0 22 37 44 0 -38 8 0 0 -38 35 3 4 -37 0 0 30 -18 -17 -39 0 17 0 -32 0 0 34 0 0 0 15 21 -15 -22 15 -15 12 0 -32 0 37 -27 -13 -8 31 46 0 -3 0 30 0 30 0 0 
0 0 -27 13 0 -48 0 0 31 0 44 -8 -3 -31 0 44 0 26 0 -24 0 29 0 -13 0 0 10 45 0 0 0 -23 0 0 50 -5 0 0 0 0 0 29 -20 -2 27 47 21 40 -10 38 0 -20 0 0 0 0 6 41 49 -22 33 0 0 0 0 0 25 29 -49 36 
0 -47 18 0 8 33 -33 0 -23 0 0 -8 0 -40 -25 0 0 -29 37 16 46 -19 0 -12 0 0 -41 0 0 37 0 -26 -31 0 13 0 0 0 47 -3 16 0 -19 0 8 4 -15 -10 10 0 0 0 0 -47 19 0 34 -20 0 0 0 32 -23 0 0 -5 0 13 20 0 
-23 0 43 47 -3 0 0 4 -25 4 47 0 0 -28 0 -43 5 -39 0 -50 -46 -8 44 36 0 -41 0 29 22 -18 0 -30 -50 0 -27 -6 1 0 -17 0 42 -35 18 39 0 0 -22 38 0 38 0 0 0 2 -10 0 0 0 0 0 -49 1 0 0 0 27 -45 0 0 0 
-29 17 14 0 -45 -19 -6 -41 -38 10 -21 0 2 12 0 39 0 30 17 0 -3 -39 -40 0 0 39 0 0 19 36 0 0 0 32 -39 -25 0 0 6 0 -46 0 0 -15 4 -1 15 0 0 0 20 0 -5 26 17 0 -42 0 0 -17 -40 0 0 9 -18 0 -42 0 0 0 
-40 -12 -20 0 0 0 -36 40 0 47 20 0 0 -29 0 0 -40 0 0 -50 0 0 -24 -8 34 0 -48 0 0 -44 -18 -42 29 -46 -25 0 46 0 0 -19 41 0 12 0 0 0 -15 -20 0 0 0 33 0 0 0 0 34 -36 0 -49 7 43 0 -39 0 16 0 48 0 0 
0 0 10 0 0 0 0 37 27 0 1 0 0 50 -36 -32 0 0 0 0 0 27 0 -8 0 25 0 -24 26 37 -42 0 0 0 0 29 28 0 -37 3 0 -48 0 0 0 43 12 0 0 0 -5 0 43 10 16 -37 0 0 0 0 8 30 -13 0 0 0 -2 0 2 45 
4 0 0 -4 -29 0 38 13 0 0 0 0 0 0 0 -28 -45 23 -12 0 42 24 0 0 46 -50 -33 0 -35 0 0 0 0 0 22 0 0 23 0 0 19 -31 0 0 0 -8 0 0 -47 2 26 0 10 32 0 0 -29 38 -30 -32 0 -5 0 -23 0 0 0 0 0 -37 
17 0 0 27 0 0 0 -6 44 0 0 0 11 0 44 0 6 0 -35 0 -1 0 0 -10 -28 0 0 0 0 0 0 0 0 -37 0 0 20 -26 -28 17 0 0 -3 39 -7 -37 -32 0 19 -10 17 0 16 0 1 -41 0 7 0 0 -10 -49 0 0 -32 0 -34 -13 0 -17 
23 -44 0 0 0 -43 0 -45 0 0 -37 0 22 23 17 0 -7 0 -13 0 0 -12 0 -29 0 0 24 46 0 0 0 0 -3 22 0 -17 16 0 -23 0 -43 0 0 15 0 0 0 0 0 0 0 0 -37 0 -41 6 0 0 0 49 -6 35 0 25 0 0 0 -46 0 11 
-8 -22 0 -2 41 0 36 0 14 0 0 45 -2 50 29 0 -1 15 0 0 0 0 0 0 0 -12 25 0 41 0 0 7 0 6 0 0 0 36 11 -13 3 8 11 -24 24 -37 37 6 34 0 -42 34 0 -29 0 0 6 0 0 0 -18 0 0 0 0 -17 -9 0 0 11 
-26 42 33 30 44 0 3 0 -32 33 17 0 0 0 0 0 0 0 18 0 0 0 0 7 0 0 0 1 0 0 44 0 0 8 22 0 0 -35 -33 0 25 0 0 6 0 0 -27 41 -20 0 0 -36 0 38 7 0 0 15 -10 15 40 48 -5 0 0 0 0 0 28 0 
-49 18 0 0 0 -38 0 -49 -12 0 2 0 0 14 20 17 0 0 20 39 -13 10 0 0 26 0 -15 -41 0 0 0 0 0 0 32 0 0 41 13 0 -26 0 -3 38 47 0 -13 49 0 0 0 0 0 -30 0 0 0 -10 37 -37 0 0 0 -30 0 -29 -12 0 0 -22 
0 0 0 0 48 -24 32 0 30 -50 -47 -36 0 17 0 0 0 45 -12 14 0 3 11 -41 40 37 0 5 -44 19 0 0 -15 0 0 -38 0 20 -5 49 17 -33 43 41 0 0 -8 -22 0 0 -17 -49 0 -32 0 49 0 15 -37 43 0 48 -27 -19 0 0 0 0 0 36 
0 -6 0 28 0 0 0 0 0 -33 0 0 0 0 0 0 7 0 0 15 0 -49 19 25 -11 24 -22 0 10 0 0 -31 -25 0 0 -10 0 0 9 -11 0 0 0 -29 -15 0 31 33 0 -49 -40 7 8 0 -10 -6 -18 40 0 0 30 -14 0 0 5 0 0 -8 0 0 
0 0 0 0 29 0 7 24 0 -11 50 0 0 20 -7 -21 0 34 -10 0 0 -30 0 0 0 -27 0 48 0 0 0 0 36 0 0 -3 0 -48 -41 0 0 38 -28 0 50 1 46 0 32 1 0 43 30 -5 -49 35 0 48 0 48 -14 30 9 0 0 -38 0 0 7 7 
0 0 -41 33 0 0 -9 32 25 0 0 6 1 0 17 0 19 0 0 -15 0 30 0 19 -38 0 -34 2 34 -6 0 0 0 -37 -23 31 14 0 0 -13 0 0 0 50 23 6 0 0 -23 0 0 0 -13 0 0 0 0 -5 0 -27 0 9 48 26 0 -30 5 23 0 0 
21 0 14 -2 -26 0 -15 0 0 0 0 -36 -21 0 4 0 30 47 0 0 0 8 -44 0 0 0 0 0 0 -31 -20 7 -42 0 34 29 0 0 0 46 0 29 0 -37 -2 45 -3 0 0 0 9 -39 0 -23 0 25 0 0 -30 -19 0 0 26 27 0 0 -11 -28 0 24 
0 0 -49 15 28 0 0 0 2 0 4 0 -24 0 0 37 -49 0 -7 29 -19 -18 21 0 19 0 -27 -18 7 0 42 -22 49 0 -22 0 0 -8 0 -23 -15 0 47 0 0 0 0 0 0 0 -18 0 0 0 -32 0 0 0 0 0 5 0 0 0 10 0 -9 -19 29 -7 
0 8 -40 0 0 -29 -25 -20 -37 0 20 6 -11 -9 0 0 0 -26 0 26 0 0 38 29 -47 -39 0 35 -23 39 -34 28 0 0 7 -31 44 0 44 2 0 -36 0 0 8 -11 30 0 -5 27 0 16 0 0 0 0 -17 0 -29 0 0 -38 -30 0 0 50 -14 0 -4 0 
0 -33 0 0 0 0 0 0 -45 0 0 0 0 47 43 33 0 40 -19 0 0 0 0 29 -10 48 -1 38 -39 30 0 0 0 0 50 33 -44 18 30 -28 0 38 0 33 0 11 0 25 0 -45 -42 0 -2 0 -34 0 -9 0 -12 0 0 0 5 -11 -9 -14 13 -23 0 -3 
0 11 0 0 0 -50 -6 11 -27 30 -20 25 0 0 3 20 0 23 0 0 39 37 -2 0 0 0 0 31 38 0 -7 0 15 0 29 0 -30 0 0 0 -35 23 12 3 0 0 30 29 13 0 0 48 0 0 -13 -46 0 0 0 0 -8 0 23 -28 -19 0 -23 23 0 0 
1 28 0 -28 0 0 0 -44 -26 32 -2 36 0 -3 0 0 0 0 0 -1 0 0 32 0 0 0 -5 0 25 16 46 8 48 -10 0 0 -48 47 -32 0 -46 -20 0 0 0 -9 0 -49 20 0 0 0 2 0 0 0 0 28 0 0 0 7 0 0 29 -4 0 0 10 0 
-22 49 -20 0 35 0 24 50 15 0 -43 -4 0 -33 0 0 0 29 0 -50 -12 14 0 -5 13 0 0 0 -4 -13 -25 0 0 0 -23 0 0 0 0 0 0 -46 0 -38 18 -23 0 36 0 0 0 0 45 -37 -17 11 11 0 -22 36 0 7 0 24 -7 0 -3 0 0 3 
