100
-5 36 7 -47 11 31 13 -16 -29 14 29 -40 -7 -20 -9 38 44 -45 8 -50 22 11 50 26 30 48 13 0 -3 38 -20 20 37 -45 25 36 0 35 -39 -34 39 14 14 -48 -22 -22 38 12 -29 23 32 3 -44 -33 10 -10 35 22 -49 -36 -31 34 -39 -13 -25 2 27 -17 -30 26 -24 43 -32 48 38 11 -29 -39 29 -32 -11 40 -19 12 3 -1 10 12 -38 -21 -20 -27 -50 -36 -35 12 -34 7 -1 -25 
23 0 -27 6 0 40 30 -31 -50 -20 0 11 6 11 -45 30 16 43 -46 -47 -50 -30 31 -35 34 0 0 0 -50 -15 28 13 0 -13 -37 0 50 0 -23 28 23 -33 41 -22 -42 15 -29 -15 1 38 26 35 0 0 0 0 32 8 -6 0 0 38 34 45 42 0 0 -23 -37 -24 -14 0 15 -2 8 27 -22 49 -5 8 -13 -21 0 13 -12 -8 2 0 17 -13 -31 13 -43 0 0 20 0 -18 -11 -22 
0 40 -7 26 -28 49 -44 -29 -7 -1 50 -14 4 -48 -33 0 0 14 -42 19 20 43 0 10 22 5 8 7 6 35 16 44 -34 40 -30 -35 0 -19 -13 -1 6 0 0 0 0 31 38 -46 -41 17 0 38 0 -23 -42 -30 -33 0 -18 2 44 -2 8 35 0 -37 0 0 27 -44 35 38 0 10 30 22 0 -43 -41 47 0 0 -15 -15 -13 -16 -22 -24 0 0 -19 32 14 28 -24 0 -7 38 -45 -40 
-27 -7 11 12 49 -15 30 4 -32 32 0 7 37 -26 0 0 23 -26 47 0 -18 0 0 0 -16 -32 -42 0 10 -47 -20 8 -33 -2 43 -40 -29 22 -26 8 3 -7 0 0 -34 12 0 -31 -43 -38 -46 12 -7 -10 0 -2 42 33 33 0 1 40 9 26 0 -3 49 45 0 0 0 -18 21 30 25 -30 36 46 -37 47 39 0 -30 -45 0 -2 5 0 -32 34 -9 0 0 44 -1 0 24 2 0 36 
6 26 12 48 -18 27 -4 23 10 44 35 0 0 13 0 44 0 -34 19 -13 -38 50 0 26 0 50 -16 -6 31 29 -22 -3 -43 40 -21 -9 0 0 -13 -40 -42 19 0 0 27 0 0 -22 -26 16 29 34 14 -43 -4 0 34 28 49 0 36 11 -4 0 -35 -11 0 22 -11 18 9 0 -25 0 0 13 -44 46 0 -9 -15 50 0 -7 -15 16 0 0 0 -11 -18 -16 -18 -16 0 0 9 0 -24 12 
0 -28 49 -18 45 0 0 0 -20 -32 0 11 25 48 0 0 -14 36 -6 26 0 -19 0 38 -19 -45 0 1 0 -27 0 9 -50 -12 19 30 6 20 0 -31 20 38 0 0 -22 18 0 0 -28 5 3 23 -33 37 -20 28 0 -9 -13 -25 -13 0 33 32 0 3 -34 -36 32 0 9 12 -7 -13 18 11 -24 32 -24 37 -11 0 6 11 9 -15 -26 -48 -34 38 -33 17 23 0 -17 -32 -28 49 29 2 
40 49 -15 27 0 4 0 0 33 6 16 -34 0 0 46 20 25 -44 0 -2 -3 -13 -33 17 25 28 0 13 0 8 0 0 -31 19 -37 0 11 38 25 -39 7 26 0 7 -14 42 26 28 0 0 0 30 38 40 0 -36 12 -20 0 -42 -15 47 0 7 -49 0 -21 -34 -10 50 17 -14 -10 0 0 -26 29 -17 37 49 13 -9 8 -27 41 0 24 -47 31 0 -26 -36 0 23 23 19 -13 18 7 0 
30 -44 30 -4 0 0 20 10 21 0 0 14 -33 -16 -6 0 -7 47 0 -45 44 -24 12 -14 -36 -43 0 0 3 1 -48 0 0 18 0 6 -17 47 0 -50 0 -10 -5 23 0 -34 15 21 8 41 -25 28 27 -11 -47 0 -18 25 -6 0 39 44 44 -22 2 -24 -30 -13 -29 -9 0 -44 31 -45 0 -37 47 -15 0 0 45 -43 30 0 17 0 -29 -28 -40 -17 -21 38 47 48 0 0 -9 0 -45 0 
-31 -29 4 23 0 0 10 12 33 0 -41 0 -27 16 -24 0 23 6 -15 -2 18 0 38 3 17 37 -15 0 50 -44 -33 48 0 0 0 -11 18 0 0 -6 0 5 -1 7 -22 0 -36 0 -17 -39 -6 -33 -10 38 30 -4 -18 1 -32 5 48 48 -33 -45 -35 0 -16 0 -7 0 -44 -25 0 17 -3 0 29 42 7 25 32 0 -14 49 0 -8 0 -35 -8 11 34 46 0 0 32 21 -31 9 -21 5 
-50 -7 -32 10 -20 33 21 33 2 -37 -4 -7 -50 -44 -26 0 4 0 39 0 17 -50 -12 0 29 -15 26 21 25 0 -7 0 9 -45 43 0 -5 0 0 15 27 0 10 0 0 2 48 24 27 -13 38 -46 -41 15 21 -27 4 -16 0 0 -30 -4 -22 -43 17 46 13 0 41 40 40 35 0 0 -28 13 16 15 4 -36 0 40 -7 -28 50 8 -15 -19 0 -40 -50 -16 25 0 8 -28 0 -17 0 -6 
-20 -1 32 44 -32 6 0 0 -37 37 49 0 4 0 0 46 -16 -15 -12 34 3 45 -5 -32 0 0 32 11 -32 17 28 -29 -39 -44 45 -27 0 -32 -12 -23 5 26 0 -4 13 -32 -15 40 0 -17 18 -37 40 -19 -42 46 2 34 0 -24 3 12 -21 -28 -36 0 -49 -30 -46 0 -31 44 30 -18 -27 -25 39 -48 0 32 0 5 30 0 36 6 0 0 0 11 50 -37 41 0 23 38 -11 46 38 0 
0 50 0 35 0 16 0 -41 -4 49 29 -13 3 0 -49 20 32 -3 14 0 0 18 -6 28 0 0 -8 41 49 25 27 0 0 -19 0 0 -39 0 -41 14 33 0 0 -26 -17 -11 46 18 -46 6 0 -24 0 9 -33 48 29 34 -13 -41 0 8 37 6 -44 -47 40 0 -24 0 0 -25 -29 -16 -32 -11 -23 24 -8 -23 19 -40 0 15 44 12 -16 -25 -24 -25 38 -29 34 -35 -16 0 -44 -15 16 -25 
11 -14 7 0 11 -34 14 0 -7 0 -13 15 44 21 0 16 -47 0 0 -17 -10 0 -49 -41 21 41 0 41 -35 0 0 0 0 0 -12 30 -28 -14 23 21 -39 -31 -24 -28 23 47 -7 21 9 50 22 49 23 0 38 -17 -37 -25 27 -21 -29 -37 -12 0 -4 -35 0 41 0 7 0 -15 -26 0 0 -6 15 14 0 0 -13 46 0 0 0 -48 -25 0 -7 0 -8 -21 -42 -35 -45 -1 11 20 0 33 
6 4 37 0 25 0 -33 -27 -50 4 3 44 3 0 -28 17 -14 -39 -14 24 15 27 25 0 16 -13 -47 9 -50 8 47 42 0 40 0 -13 -1 11 -10 -4 27 -43 11 49 46 0 14 -29 31 -27 27 0 -4 17 -4 0 4 0 -28 -44 -40 0 0 0 0 46 -21 0 -18 0 10 -22 -29 38 -46 -46 27 0 -48 0 26 0 -7 0 42 -28 0 29 0 -29 1 -30 0 -48 8 0 -10 50 0 0 
11 -48 -26 13 48 0 -16 16 -44 0 0 21 0 40 -24 -9 0 21 21 0 20 12 0 0 20 41 -24 -14 0 -47 14 50 -37 41 0 -2 -43 16 2 0 0 38 25 40 -49 -46 10 -16 -24 -48 0 -38 5 33 0 0 30 0 -28 49 0 -25 0 30 6 -34 -12 -49 -40 36 13 32 -4 -33 -30 43 20 -6 36 0 -28 29 -17 -38 17 0 1 0 0 -39 -40 5 -39 0 10 -4 -17 0 0 6 
-45 -33 0 0 0 46 -6 -24 -26 0 -49 0 -28 -24 45 0 -9 0 22 -4 -9 40 -32 0 28 0 -47 6 44 8 0 0 0 -38 -8 2 31 48 0 -6 0 -20 1 17 -36 0 -39 0 35 23 31 -39 -9 16 -36 -10 0 39 49 0 8 -5 -29 -22 0 0 0 11 0 -28 -9 -21 0 -8 -21 32 0 27 -50 32 0 0 4 2 -20 -29 -1 0 -11 34 18 46 0 -33 41 25 -10 40 41 16 
30 0 0 44 0 20 0 0 0 46 20 16 17 -9 0 16 1 2 -22 0 -22 -23 -47 -32 0 0 -36 48 -25 8 0 9 41 41 -17 0 -16 -8 12 -2 3 0 0 -39 -35 1 0 12 0 29 0 34 49 30 0 40 -33 12 0 0 27 -24 46 0 1 -27 -10 -4 -11 0 0 0 0 -13 -50 -37 -42 -39 -46 -22 -41 -19 -18 12 26 -30 34 -13 0 -2 0 12 -33 14 0 0 13 -3 0 -18 
16 0 23 0 -14 25 -7 23 4 -16 32 -47 -14 0 -9 1 38 -15 0 0 -45 -47 0 -45 0 24 -31 38 0 37 -19 47 0 0 20 27 34 -42 -44 -3 21 -2 -11 -15 39 0 -31 5 -23 28 -8 14 22 -5 -11 15 -32 -15 -10 0 28 -22 -44 2 2 22 -41 41 0 8 -38 1 35 9 7 -31 -44 35 -16 21 5 -16 -13 31 0 -23 0 -28 -17 0 -4 0 33 -26 32 27 24 0 40 19 
43 14 -26 -34 36 -44 47 6 0 -15 -3 0 -39 21 0 2 -15 15 47 31 -8 -30 9 42 0 -7 44 -1 19 -46 0 -19 0 -22 -3 6 -43 -45 0 0 -27 13 -8 49 0 22 30 48 2 -3 -47 47 0 0 -2 11 15 -26 16 -41 47 -37 0 17 -27 7 0 -19 -43 47 48 0 0 -24 -46 0 -19 44 0 -39 39 14 -44 39 0 -3 -33 -14 40 -25 40 -43 0 -11 0 -7 5 21 -9 -33 
-46 -42 47 19 -6 0 0 -15 39 -12 14 0 -14 21 22 -22 0 47 24 48 -31 0 12 -15 -4 0 -36 0 13 26 10 -34 0 43 20 38 -23 0 44 -40 0 -44 11 0 49 0 42 -24 0 0 -2 -28 26 -13 -14 43 14 8 38 -20 -1 -11 0 -8 -41 0 -12 0 26 -30 11 -38 0 -46 19 -12 9 32 -10 -15 7 21 -3 29 -23 17 -37 -4 6 0 47 -1 -46 27 -37 0 -49 -15 -20 0 
-47 19 0 -13 26 -2 -45 -2 0 34 0 -17 24 0 -4 0 0 31 48 47 15 -47 17 0 -22 0 -44 34 0 0 16 16 -17 -4 6 -22 0 42 28 43 0 0 -21 12 36 1 -15 29 0 21 -7 11 0 -9 30 0 0 13 13 -1 20 44 0 -34 -5 5 44 30 -18 -21 0 31 0 0 47 0 -34 0 -3 0 39 48 0 0 38 0 -17 -18 0 -37 0 -16 0 6 35 -16 -11 7 25 35 
-50 20 -18 -38 0 -3 44 18 17 3 0 -10 15 20 -9 -22 -45 -8 -31 15 33 11 -2 14 32 19 16 -19 4 -30 29 41 13 -22 3 -33 0 12 -32 -15 0 -11 18 -16 4 0 -46 -1 -37 7 25 -11 -35 0 28 33 0 14 -43 9 33 44 -37 43 30 -5 49 38 -42 -20 44 0 -13 -16 -27 1 46 34 13 13 -27 0 0 -9 -32 0 39 5 -20 41 16 -6 -15 -50 0 6 2 -47 0 43 
-30 43 0 50 -19 -13 -24 0 -50 45 18 0 27 12 40 -23 -47 -30 0 -47 11 19 -4 39 -26 0 10 45 -18 -6 -27 -18 4 0 -45 34 15 1 -34 0 32 6 18 8 0 -40 22 9 -41 26 22 -14 0 0 0 -13 -18 19 3 -46 29 16 0 -49 -2 -25 0 -14 -18 0 -21 0 -14 -21 -5 35 33 44 9 -29 -15 0 0 0 -40 49 13 21 0 0 0 -40 0 0 0 2 27 0 0 46 
31 0 0 0 0 -33 12 38 -12 -5 -6 -49 25 0 -32 -47 0 9 12 17 -2 -4 24 0 12 9 -19 0 -15 0 -42 0 -16 -9 5 -39 1 0 5 -25 -20 -6 18 33 34 0 -50 0 10 22 -39 -29 29 3 -27 33 26 39 0 0 -47 -30 -21 -37 0 49 -40 5 0 34 -18 -28 -22 -5 -6 38 0 -12 6 0 28 29 16 15 43 11 -22 36 41 -32 -46 0 39 0 20 -19 32 45 27 -25 
-35 10 0 26 38 17 -14 3 0 -32 28 -41 0 0 0 -32 -45 42 -15 0 14 39 0 39 0 -21 0 0 -34 20 24 -12 42 0 -33 -35 29 -6 45 -42 -33 -27 -19 -34 -29 0 1 -1 0 0 -7 0 -26 -32 0 42 -10 0 -45 0 0 0 0 5 0 -28 50 -50 16 34 -29 24 -34 12 -17 0 -10 -5 0 23 33 -44 0 0 27 0 30 10 14 -47 24 7 30 40 -43 10 -27 0 0 -2 
34 22 -16 0 -19 25 -36 17 29 0 0 21 16 20 28 0 0 0 -4 -22 32 -26 12 0 12 -3 -15 -45 0 -42 -1 15 0 0 -46 0 -48 -40 -34 40 1 7 49 8 -10 0 -16 -24 -47 -23 -30 -13 22 49 -37 42 31 31 23 -39 20 37 0 2 -4 32 -6 -5 16 0 2 0 -16 16 -30 0 0 50 44 -18 2 0 28 -40 3 0 37 0 -34 -43 29 -16 0 10 0 -18 24 8 17 16 
0 5 -32 50 -45 28 -43 37 -15 0 0 41 -13 41 0 0 24 -7 0 0 19 0 9 -21 -3 4 20 -11 1 3 0 34 40 -16 -23 0 0 -26 -26 43 43 5 23 39 0 -15 40 42 -42 -21 -10 -12 -39 4 -42 45 16 -5 0 47 -32 -10 -38 40 -4 9 15 50 -33 35 0 0 0 -32 0 12 6 -32 0 0 -39 15 -47 -12 25 -9 0 -48 19 -1 -40 1 -34 -13 -16 21 0 -19 0 0 
0 8 -42 -16 0 0 0 -15 26 32 -8 0 -47 -24 -47 -36 -31 44 -36 -44 16 10 -19 0 -15 20 50 -12 -43 6 44 0 0 10 0 47 26 0 33 -6 -4 -41 27 -7 -23 -31 -26 -13 -45 -21 0 30 0 49 -42 47 -2 -31 0 14 0 0 -37 24 0 -18 29 -40 14 -36 6 -17 -18 0 -2 -43 33 -3 -48 -12 -12 -31 -5 3 26 -12 0 0 0 0 0 30 4 8 28 -1 -21 -38 30 0 
0 7 0 -6 1 13 0 0 21 11 41 41 9 -14 6 48 38 -1 0 34 -19 45 0 0 -45 -11 -12 49 0 19 -13 -39 0 0 3 8 0 -17 5 -3 6 0 -50 -36 -11 -40 44 -16 -35 0 -20 42 -21 38 -23 -1 29 0 -23 8 19 49 20 0 0 -12 -7 0 0 -19 0 46 -40 -1 -49 -17 31 0 -41 46 43 10 -6 -48 0 15 39 31 0 -15 9 0 -24 -17 -22 -40 -33 0 -42 0 
-50 6 10 31 0 0 3 50 25 -32 49 -35 -50 0 44 -25 0 19 13 0 4 -18 -15 -34 0 1 -43 0 45 14 2 47 0 -29 18 19 0 0 -10 0 13 0 -18 28 -29 -24 0 0 0 0 14 -35 48 24 26 0 0 -18 15 -8 45 15 0 -39 -11 37 -8 -16 7 -16 35 -34 36 -35 1 -22 0 27 -8 -50 -31 8 17 0 13 0 0 2 -31 0 0 0 -13 -37 -14 37 -50 -20 0 42 
-15 35 -47 29 -27 8 1 -44 0 17 25 0 8 -47 8 8 37 -46 26 0 -30 -6 0 20 -42 3 6 19 14 27 42 33 7 18 -45 0 -5 15 -50 -17 26 -40 17 0 38 4 0 -31 0 40 -48 0 -18 -41 -23 -38 -22 -15 13 21 2 0 35 -27 0 16 0 13 0 0 22 -36 -48 -23 0 0 -29 -21 -27 20 0 35 0 44 16 0 -40 3 -41 20 -18 0 3 0 22 0 -45 0 0 0 
28 16 -20 -22 0 0 -48 -33 -7 28 27 0 47 14 0 0 -19 0 10 16 29 -27 -42 24 -1 0 44 -13 2 42 42 6 0 -27 -23 4 -11 38 0 40 -41 0 -8 0 0 -16 -24 -34 -50 47 0 19 20 29 -1 0 19 -12 0 0 32 14 0 0 -2 38 -49 -4 -25 -23 -13 0 42 0 11 28 -34 18 28 42 -38 -20 -40 28 -27 -3 35 -5 -15 0 0 -29 -46 17 -46 20 -39 0 -13 23 
13 44 8 -3 9 0 0 48 0 -29 0 0 42 50 0 9 47 -19 -34 16 41 -18 0 -12 15 34 0 -39 47 33 6 46 3 0 -18 -41 0 -42 20 32 0 0 0 43 2 38 48 -45 -45 39 0 29 0 7 -25 29 -19 -23 13 41 -29 18 0 0 46 0 32 3 0 30 28 0 -10 0 22 0 0 0 -41 -1 30 8 47 0 -7 0 0 0 0 -34 0 0 0 -28 0 -46 22 37 7 14 
0 -34 -33 -43 -50 -31 0 0 9 -39 0 0 0 -37 0 41 0 0 0 -17 13 4 -16 42 0 40 0 0 0 7 0 3 1 20 0 43 36 3 0 -19 34 0 0 45 43 34 7 -38 -32 -46 0 -49 -19 -42 18 -43 0 0 -44 0 39 -39 36 20 0 24 -2 -21 27 -6 36 31 -46 0 -31 -22 49 0 42 39 39 -26 -27 0 45 0 -33 39 -5 -33 0 12 0 35 -31 -39 6 -14 10 -47 
-13 40 -2 40 -12 19 18 0 -45 -44 -19 0 40 41 -38 41 0 -22 43 -4 -22 0 -9 0 0 -16 10 0 -29 18 -27 0 20 5 28 -42 0 -22 -10 0 0 -39 -39 0 0 -36 0 0 -29 50 0 34 -24 -50 29 1 23 0 -21 -50 -18 50 0 0 3 -30 -32 0 0 13 -1 48 0 29 -45 -27 42 -1 40 -24 -21 -7 -34 40 0 -30 -45 32 24 0 0 0 39 -28 -15 0 0 -41 -35 0 
-37 -30 43 -21 19 -37 0 0 43 45 0 -12 0 0 -8 -17 20 -3 20 6 3 -45 5 -33 -46 -23 0 3 18 -45 -23 -18 0 28 31 0 28 50 13 -12 -13 9 0 39 49 7 -31 -20 -28 -41 -29 -37 -47 -20 0 43 25 12 -27 0 10 -6 41 38 -40 0 -35 0 7 0 -46 -15 38 0 -31 0 34 -10 44 3 0 -29 -9 26 0 -36 0 9 -15 -19 45 6 -33 31 37 -27 -42 0 -45 16 
0 -35 -40 -9 30 0 6 -11 0 -27 0 30 -13 -2 2 0 27 6 38 -22 -33 34 -39 -35 0 0 47 8 19 0 4 -41 43 -42 0 27 15 18 14 9 26 17 0 7 6 30 19 2 27 42 48 0 -4 18 -48 -20 26 0 14 3 -18 48 8 -24 0 -20 -20 -45 -35 -36 13 -24 -27 -5 -17 0 35 -38 6 -13 3 26 22 31 21 25 -18 0 23 0 -42 27 -5 -8 0 -6 -15 0 -31 8 
50 0 -29 0 6 11 -17 18 -5 0 -39 -28 -1 -43 31 -16 34 -43 -23 0 0 15 1 29 -48 0 26 0 0 -5 -11 0 36 0 28 15 19 0 0 26 0 28 13 -27 40 6 0 0 15 15 20 17 47 -44 34 50 -14 0 25 0 -31 0 -40 44 18 29 0 40 -20 22 -18 -45 24 -26 13 -21 11 5 0 -4 0 18 40 -40 15 -11 23 0 0 44 -39 32 24 2 8 -34 3 -44 -3 7 
0 -19 22 0 20 38 47 0 0 -32 0 -14 11 16 48 -8 -42 -45 0 42 12 1 0 -6 -40 -26 0 -17 0 15 38 -42 3 -22 50 18 0 14 0 31 -32 -5 2 0 -14 0 -33 -21 -31 0 -25 0 -12 13 0 39 0 50 -10 45 -30 20 -45 22 32 0 -44 0 -48 28 44 -32 -6 -44 15 2 7 44 -44 30 23 -11 33 20 -15 0 7 0 43 15 0 -22 -6 0 -22 23 47 -49 0 -48 
-23 -13 -26 -13 0 25 0 0 0 -12 -41 23 -10 2 0 12 -44 0 44 28 -32 -34 5 45 -34 -26 33 5 -10 -50 0 20 0 -10 13 14 0 0 41 -33 0 0 15 -39 -26 -15 30 -39 -36 -41 0 -40 49 -28 0 -9 5 16 34 0 0 0 26 -16 26 -25 0 0 36 0 0 0 -39 0 27 43 5 -34 30 -44 -6 -20 0 33 -34 -27 0 -35 6 0 0 0 0 12 -23 43 14 -21 -12 -41 
28 -1 8 -40 -31 -39 -50 -6 15 -23 14 21 -4 0 -6 -2 -3 0 -40 43 -15 0 -25 -42 40 43 -6 -3 0 -17 40 32 -19 0 -12 9 26 31 -33 15 42 0 -20 0 0 0 2 1 0 26 0 -34 0 -16 8 17 0 0 -47 8 0 0 0 12 0 23 45 0 -25 0 17 50 -20 -37 23 0 0 -27 43 0 25 -45 0 -15 -46 -25 -20 -47 -15 -10 -9 44 34 34 -20 -1 0 9 7 9 
23 6 3 -42 20 7 0 0 27 5 33 -39 27 0 0 3 21 -27 0 0 0 32 -20 -33 1 43 -4 6 13 26 -41 0 34 0 -13 26 0 -32 0 42 38 21 -49 0 -10 -14 -44 33 13 13 0 -18 8 30 -19 8 42 -7 18 17 11 42 0 -29 -36 -21 -39 8 10 3 -34 0 18 0 -39 -18 -24 37 -12 -3 0 -30 0 -3 -18 -30 21 14 0 0 0 -24 0 23 -40 -11 18 0 16 -41 
-33 0 -7 19 38 26 -10 5 0 26 0 -31 -43 38 -20 0 -2 13 -44 0 -11 6 -6 -27 7 5 -41 0 0 -40 0 0 0 -39 9 17 28 -5 0 0 21 4 22 -49 0 18 -36 -15 -29 50 11 32 11 1 14 0 24 -48 42 0 2 0 0 -6 -25 30 -4 -13 0 0 0 0 -44 18 1 19 -13 39 43 -47 -49 -25 9 -45 45 31 40 -40 37 -37 -37 5 -10 -10 0 -41 0 38 21 -49 
41 0 0 0 0 0 -5 -1 10 0 0 -24 11 25 1 0 -11 -8 11 -21 18 18 18 -19 49 23 27 -50 -18 17 -8 0 0 -39 0 0 13 2 15 -20 -49 22 44 -36 -32 10 -35 15 21 35 -34 -38 25 -43 13 0 47 -36 -46 -24 0 0 44 0 28 -45 34 33 0 -46 44 32 23 0 -5 -11 0 -13 -26 0 3 38 9 40 -27 -16 -4 27 18 -18 0 26 36 0 -25 20 0 0 0 33 
-22 0 0 0 0 7 23 7 0 -4 -26 -28 49 40 17 -39 -15 49 0 12 -16 8 33 -34 8 39 -7 -36 28 0 0 43 45 0 39 7 -27 0 -39 0 0 -49 -36 4 45 0 0 -2 -49 -23 -17 0 -22 -13 -40 0 22 23 46 0 0 0 0 0 42 -10 -12 -47 34 0 -35 -19 0 45 24 -49 42 50 -24 3 -26 0 -23 41 19 0 -45 34 0 -50 -8 26 49 22 8 -19 20 0 31 -24 
-42 0 -34 27 -22 -14 0 -22 0 13 -17 23 46 -49 -36 -35 39 0 49 36 4 0 34 -29 -10 0 -23 -11 -29 38 0 2 43 0 49 6 40 -14 -26 0 -10 0 -32 45 32 19 0 22 38 15 -20 -34 -29 39 -47 -25 -4 31 -28 0 -10 39 -24 0 -50 -38 0 2 41 39 -49 0 48 0 -14 49 -9 21 50 -7 0 -45 -43 -47 0 -50 44 -11 -1 -25 0 9 0 0 -37 -30 -38 -7 0 -12 
15 31 12 0 18 42 -34 0 2 -32 -11 47 0 -46 0 1 0 22 0 1 0 -40 0 0 0 -15 -31 -40 -24 4 -16 38 34 -36 7 30 6 0 -15 0 -14 18 10 0 19 33 -8 -12 -29 -2 17 47 -34 46 0 -15 -11 4 -41 0 0 -11 16 40 -18 -22 48 39 0 -43 47 11 46 0 41 -25 16 0 0 17 28 38 44 -50 -19 25 26 -38 18 -41 -35 48 0 21 0 0 -32 0 0 -8 
-29 38 0 0 0 26 15 -36 48 -15 46 -7 14 10 -39 0 -31 30 42 -15 -46 22 -50 1 -16 40 -26 44 0 0 -24 48 7 0 -31 19 0 -33 30 2 -44 -36 -35 0 0 -8 39 45 -16 14 5 0 24 -16 14 7 -17 0 48 25 -25 0 -38 -28 -45 -37 0 19 0 -20 -38 -2 0 -35 28 -42 0 28 7 -40 0 21 8 -28 0 0 -45 48 0 13 -10 0 0 0 -16 -18 0 -47 0 -45 
-15 -46 -31 -22 0 28 21 0 24 40 18 21 -29 -16 0 12 5 48 -24 29 -1 9 0 -1 -24 42 -13 -16 0 -31 -34 -45 -38 0 -20 2 0 -21 -39 1 33 -15 15 -2 22 -12 45 1 17 3 -41 0 10 5 36 0 39 15 -15 0 0 -36 -1 0 -16 9 19 32 -48 40 12 35 0 48 -13 8 -21 47 -29 3 0 0 43 -44 -46 -14 7 26 0 -30 0 0 0 0 0 0 -28 9 0 0 
1 -41 -43 -26 -28 0 8 -17 27 0 -46 9 31 -24 35 0 -23 2 0 0 -37 -41 10 0 -47 -42 -45 -35 0 0 -50 -45 -32 -29 -28 27 15 -31 -36 0 13 -29 21 -49 38 -29 -16 17 5 16 -25 0 47 29 0 -30 -24 -27 -47 0 -25 0 0 -20 -24 49 -11 0 0 0 0 -43 9 -47 11 -18 6 34 -16 -47 0 -33 12 -29 -8 0 0 0 39 -15 47 4 -45 42 20 0 -9 -5 -20 0 
38 17 -38 16 5 0 41 -39 -13 -17 6 50 -27 -48 23 29 28 -3 0 21 7 26 22 0 -23 -21 -21 0 0 40 47 39 -46 50 -41 42 15 0 -41 26 13 50 35 -23 15 -2 14 3 16 21 0 -2 -15 39 -26 -42 0 28 22 0 7 0 -14 6 0 21 -7 38 -9 23 7 7 -39 3 34 40 0 -45 -38 0 9 0 0 -13 14 -32 0 -18 0 -9 0 4 -26 40 43 38 0 33 -42 50 
26 0 -46 29 3 0 -25 -6 38 18 0 22 27 0 31 0 -8 -47 -2 -7 25 22 -39 -7 -30 -10 0 -20 14 -48 0 0 0 0 -29 48 20 -25 0 0 0 11 -34 -17 -20 17 5 -41 -25 0 39 41 38 5 6 -39 19 -6 0 27 40 0 -14 -4 29 -47 13 0 -23 0 30 -11 0 -4 18 0 -13 28 0 29 -30 -46 29 -44 0 0 0 -15 -39 30 34 -44 -35 -13 -9 -2 47 -34 0 0 
35 38 12 34 23 30 28 -33 -46 -37 -24 49 0 -38 -39 34 14 47 -28 11 -11 -14 -29 0 -13 -12 30 42 -35 0 19 29 -49 34 -37 0 17 0 -40 -34 -18 32 -38 0 -34 47 0 0 0 -2 41 14 -18 39 0 0 36 -15 -28 42 0 0 -7 0 50 0 0 35 0 -5 -22 0 -43 30 43 -9 -25 -9 -45 -2 -28 -44 -16 -4 -12 -17 33 43 0 0 0 30 0 20 47 50 27 -46 -47 0 
0 0 -7 14 -33 38 27 -10 -41 40 0 23 -4 5 -9 49 22 0 26 0 -35 0 29 -26 22 -39 0 -21 48 -18 20 0 -19 -24 -47 -4 47 -12 49 0 8 11 25 -22 -29 -34 24 10 47 -15 38 -18 20 0 0 28 0 41 41 28 0 -18 -19 37 0 -16 -15 -13 45 25 -39 0 -25 -3 30 19 0 24 28 -43 4 -38 -47 44 0 -33 0 0 -21 32 26 0 20 -30 -8 19 0 23 -40 -4 
0 -23 -10 -43 37 40 -11 38 15 -19 9 0 17 33 16 30 -5 0 -13 -9 0 0 3 -32 49 4 49 38 24 -41 29 7 -42 -50 -20 18 -44 13 -28 -16 30 1 -43 -13 39 46 -16 5 29 39 5 39 0 18 0 38 3 -5 0 48 0 13 36 5 -19 47 46 -22 0 0 -12 -24 -21 11 29 -40 -47 0 0 42 0 18 0 25 41 0 -18 -12 0 14 17 0 0 36 0 -35 -8 -22 31 39 
0 -42 0 -4 -20 0 -47 30 21 -42 -33 38 -4 0 -36 0 -11 -2 -14 30 28 0 -27 0 -37 -42 -42 -23 26 -23 -1 -25 18 29 0 -48 34 0 0 8 -19 14 13 -40 -47 0 14 36 0 -26 6 0 0 0 47 -15 -1 -16 0 0 12 46 0 32 -40 -49 32 0 -42 -45 17 19 20 25 -50 0 35 46 9 19 0 42 -3 -43 0 -23 30 50 -6 30 32 43 30 0 4 -22 25 -41 -40 30 
0 -30 -2 0 28 -36 0 -4 -27 46 48 -17 0 0 -10 40 15 11 43 0 33 -13 33 42 42 45 47 -1 0 -38 0 29 -43 1 43 -20 50 39 -9 17 8 0 0 0 -25 -15 7 0 -30 -42 -39 0 28 38 -15 7 0 0 0 7 -39 -30 -43 -17 -25 -43 -9 -3 -2 0 -41 0 36 -28 0 -9 0 -24 15 0 -43 25 -36 -23 25 0 6 -50 5 0 -1 -43 48 5 0 -12 -47 0 14 -16 
32 -33 42 34 0 12 -18 -18 4 2 29 -37 4 30 0 -33 -32 15 14 0 0 -18 26 -10 31 16 -2 29 0 -22 19 -19 0 23 25 26 -14 0 5 0 42 24 47 22 -4 -11 -17 39 -24 0 19 36 0 3 -1 0 32 0 -46 46 0 12 0 0 -15 0 19 0 32 3 -15 -16 -48 -9 0 9 34 44 6 -12 0 -3 8 -3 32 17 31 0 -31 -16 -49 39 3 18 0 0 3 40 0 20 
8 0 33 28 -9 -20 25 1 -16 34 34 -25 0 0 39 12 -15 -26 8 13 14 19 39 0 31 -5 -31 0 -18 -15 -12 -23 0 0 12 0 0 50 16 0 -7 -48 -36 23 31 4 0 15 -27 28 -6 -15 41 -5 -16 0 0 26 0 4 41 4 -14 5 -26 19 -45 39 49 -29 36 -35 0 0 0 37 -20 0 20 8 -11 26 -12 3 -16 0 -18 30 -42 -22 1 0 45 0 0 0 0 37 49 -45 
-6 -18 33 49 -13 0 -6 -32 0 0 -13 27 -28 -28 49 0 -10 16 38 13 -43 3 0 -45 23 0 0 -23 15 13 0 13 -44 -21 -27 14 25 -10 34 -47 18 42 -46 46 -28 -41 48 -15 -47 22 0 -28 41 0 0 0 -46 0 12 -27 -28 -9 -24 -46 0 -39 0 14 7 35 -23 0 48 10 -8 39 0 -44 0 -39 20 15 -6 -47 -48 -1 43 -43 4 3 -30 0 -19 -27 0 26 14 49 -2 -19 
0 2 0 0 -25 -42 0 5 0 -24 -41 -21 -44 49 0 0 0 -41 -20 -1 9 -46 0 0 -39 47 14 8 -8 21 0 41 0 -50 0 3 0 45 0 8 17 0 -24 0 0 0 25 0 0 0 27 42 28 48 0 7 46 4 -27 24 -48 -27 15 35 0 0 0 -45 0 -10 49 -4 0 20 3 46 -35 -45 37 0 -15 0 -37 -29 36 0 0 0 -1 0 0 -37 -45 37 -46 3 17 30 -1 0 
0 44 1 36 -13 -15 39 48 -30 3 0 -29 -40 0 8 27 28 47 -1 20 33 29 -47 0 20 -32 0 19 45 2 32 -29 39 -18 10 -18 -31 -30 0 0 11 2 0 0 -10 0 -25 0 -25 7 40 0 0 0 12 -39 0 41 -28 -48 38 0 5 -26 18 -6 -20 45 0 -16 29 -21 -45 -1 32 3 -9 7 -20 -14 12 -44 41 0 29 37 11 -15 -28 0 38 0 15 -34 36 5 14 -36 0 -12 
38 -2 40 11 0 47 44 48 -4 12 8 -37 0 -25 -5 -24 -22 -37 -11 44 44 16 -30 0 37 -10 0 49 15 0 14 18 -39 50 -6 48 0 20 0 0 42 0 0 0 39 -11 0 -36 0 0 0 0 -18 13 46 -30 12 4 -9 -27 0 40 0 0 -47 -13 -26 0 0 31 0 -30 0 15 43 16 -16 -22 36 39 0 -19 -27 -50 -49 2 -47 -35 0 -32 41 23 0 0 -41 0 11 -13 0 38 
34 8 9 -4 33 0 44 -33 -22 -21 37 -12 0 0 -29 46 -44 0 0 0 -37 0 -21 0 0 -38 -37 20 0 35 0 0 36 0 41 8 -40 -45 26 0 0 0 44 0 -24 16 -38 -1 0 -14 -14 -7 -19 36 0 -43 0 -14 -24 15 5 0 37 -8 0 -47 40 -26 44 0 -4 -39 30 0 -33 9 0 4 45 6 0 10 -40 0 -31 -43 25 -1 -17 8 0 -46 0 16 -8 2 35 28 -8 0 
45 35 26 0 32 7 -22 -45 -43 -28 6 0 0 30 -22 0 2 17 -8 -34 43 -49 -37 5 2 40 24 0 -39 -27 0 0 20 0 38 -24 44 22 -16 12 -29 -6 0 0 0 40 -28 0 -20 6 -4 0 37 5 32 -17 0 5 -46 35 -26 0 -8 7 0 22 0 -34 25 -24 6 2 18 -28 -37 -24 21 9 0 14 -1 0 10 30 -16 15 0 32 -23 -43 47 29 -27 0 10 17 37 -32 15 43 
42 0 0 -35 0 -49 2 -35 17 -36 -44 -4 0 6 0 1 2 -27 -41 -5 30 -2 0 0 -4 -4 0 0 -11 0 -2 46 0 3 -40 0 18 32 26 0 -36 -25 28 42 -50 -18 -45 -16 -24 0 29 50 0 -19 -40 -25 -15 -26 0 0 18 -47 0 0 7 -25 3 -50 8 13 0 17 -8 -12 30 -34 -33 0 -22 -1 50 -7 -31 -31 -34 -7 15 -32 -28 22 28 7 -14 -10 0 21 -23 47 45 0 
0 -37 -3 -11 3 0 -24 0 46 0 -47 -35 46 -34 0 -27 22 7 0 5 -5 -25 49 -28 32 9 -18 -12 37 16 38 0 24 -30 0 -20 29 0 -25 23 -21 30 -45 -10 -38 -22 -37 9 49 21 -47 0 -16 47 -49 -43 0 19 -39 0 -6 -13 -47 22 -25 16 -34 -33 -5 -14 32 0 44 -41 -35 -18 -6 -26 -34 -2 0 -45 9 -33 -11 32 0 0 42 47 15 21 29 0 0 0 37 -12 -35 0 
0 0 49 0 -34 -21 -30 -16 13 -49 40 0 -21 -12 0 -10 -41 0 -12 44 49 0 -40 50 -6 15 29 -7 -8 0 -49 32 -2 -32 -35 -20 0 -44 0 45 -39 -4 34 -12 0 48 0 19 -11 -7 13 0 -15 46 32 -9 19 -45 0 0 -20 -26 40 0 3 -34 29 34 1 -10 -25 -6 0 36 0 -11 4 0 0 10 0 19 39 -27 0 20 26 -1 18 46 20 0 33 12 -35 13 0 29 0 26 
-23 0 45 22 -36 -34 -13 0 0 -30 0 41 0 -49 11 -4 41 -19 0 30 38 -14 5 -50 -5 50 -40 0 -16 13 -4 3 -21 0 0 -45 40 0 0 0 8 -13 33 -47 2 39 19 32 0 38 0 35 -13 -22 0 -3 0 39 14 -45 45 0 -26 -34 -50 -33 34 37 -32 0 -34 -20 -48 33 -17 23 39 47 18 -24 14 24 0 13 0 -47 0 50 0 -26 -40 17 16 -39 -43 32 38 18 0 26 
-37 27 0 -11 32 -10 -29 -7 41 -46 -24 0 -18 -40 0 -11 0 -43 26 -18 -42 -18 0 16 16 -33 14 0 7 0 -25 0 27 0 7 -35 -20 -48 36 -25 10 0 0 34 41 0 0 -48 0 -9 -23 0 45 0 -42 -2 32 49 7 0 0 0 44 25 8 -5 1 -32 13 0 -44 0 35 -42 -46 0 -1 -23 -45 0 -26 0 0 0 10 16 -40 -32 39 0 -48 2 -37 47 0 -41 8 -26 12 -25 
-24 -44 0 18 0 50 -9 0 40 0 0 7 0 36 -28 0 8 47 -30 -21 -20 0 34 34 0 35 -36 -19 -16 0 -23 30 -6 13 0 -36 22 28 0 0 3 0 -46 0 39 -43 -20 40 0 23 0 -5 25 0 -45 0 3 -29 35 -10 -16 31 0 -24 13 -14 -10 0 0 36 0 35 10 -10 19 -17 0 -1 -15 -46 -41 30 -6 -23 -34 41 0 -43 -8 44 41 0 0 -18 5 47 -34 0 18 17 
-14 35 0 9 9 17 0 -44 40 -31 0 0 10 13 -9 0 -38 48 11 0 44 -21 -18 -29 2 0 6 0 35 22 -13 28 36 -1 -46 13 -18 44 0 17 -34 0 44 -35 -49 47 -38 12 0 7 30 -22 -39 -12 17 -41 -15 36 -23 49 29 0 -4 6 0 32 -25 -34 -44 0 25 -41 -16 0 -50 46 -4 0 0 0 -9 -48 -39 34 38 -49 0 -15 4 10 0 27 -26 0 0 -1 -8 14 26 -6 
0 38 -18 0 12 -14 -44 -25 35 44 -25 -15 -22 32 -21 0 1 0 -38 31 0 0 -28 24 0 0 -17 46 -34 -36 0 0 31 48 -15 -24 -45 -32 0 50 0 0 32 -19 0 11 -2 35 -43 7 -11 0 0 -24 19 0 -16 -35 0 -4 -21 -30 -39 2 17 0 -6 -20 0 35 -41 27 31 7 -44 38 0 5 23 41 50 38 -26 0 35 -37 -7 -14 50 0 -4 17 -49 41 -13 0 -45 -11 5 22 
15 0 21 -25 -7 -10 31 0 0 30 -29 -26 -29 -4 0 0 35 0 0 0 -13 -14 -22 -34 -16 0 -18 -40 36 -48 42 -10 -46 0 38 -27 24 -6 -39 -20 18 -44 23 0 48 46 0 0 9 -39 0 -43 -25 -21 20 36 -48 0 48 0 -45 0 30 18 -8 44 0 -48 35 10 -16 31 5 -7 -50 -30 -14 0 18 12 0 -46 0 -6 0 -22 0 0 33 -29 16 0 -37 -38 -17 0 -39 0 33 -50 
-2 10 30 0 -13 0 -45 17 0 -18 -16 0 38 -33 -8 -13 9 -24 -46 0 -16 -21 -5 12 16 -32 0 -1 -35 -23 0 0 0 29 0 -5 -26 -44 0 -37 0 18 0 45 0 0 -35 48 -47 3 -4 30 -3 11 25 -28 -9 0 10 20 -1 15 0 -28 -12 -41 36 33 -42 -10 0 7 -7 9 -3 9 -7 47 1 41 0 -4 -39 49 -24 -48 -5 -29 0 -45 -8 -6 43 38 -6 0 -24 -7 6 34 
8 30 25 0 18 0 0 -3 -28 -27 -32 0 -46 -30 -21 -50 7 -46 19 47 -27 -5 -6 -17 -30 0 -2 -49 1 0 11 22 -31 -45 -31 -17 13 15 27 23 -39 1 -5 24 -14 41 28 -13 11 34 18 43 30 29 -50 0 0 0 -8 3 32 43 -33 -37 30 -35 0 -17 -46 19 -50 -44 -50 -3 5 -33 0 -27 25 12 11 -16 50 0 0 29 40 21 0 4 -17 17 47 -32 35 0 -9 0 -27 0 
27 22 -30 13 11 -26 -37 0 13 -25 -11 -6 -46 43 32 -37 -31 0 -12 0 1 35 38 0 0 12 -43 -17 -22 0 28 0 -22 -27 0 0 -21 2 43 0 -18 19 -11 -49 49 -25 -42 8 -18 40 0 -9 19 -40 0 -9 9 37 39 46 3 16 9 -24 -34 -18 -11 23 0 -17 46 38 -30 9 -33 23 0 30 0 -39 0 2 0 16 0 23 0 -42 -44 0 -24 0 8 44 0 -10 -39 0 -20 0 
-22 0 36 -44 -24 29 47 29 16 39 -23 15 27 20 0 -42 -44 -19 9 -34 46 33 0 -10 0 6 33 31 0 -29 -34 0 49 42 34 35 11 7 5 0 -24 -13 0 42 -9 16 0 -21 6 0 -13 -25 0 -47 35 0 34 -20 0 -35 -9 -16 0 21 -33 -6 4 39 -1 0 -4 0 -14 -7 0 0 48 0 0 -9 50 -49 0 -45 13 37 0 33 -48 -6 23 -18 27 -4 46 0 -38 -3 -14 -18 
49 -43 46 46 32 -17 -15 42 15 -48 24 14 0 -6 27 -39 35 44 32 0 34 44 -12 -5 50 -32 -3 0 27 -21 18 0 0 -1 -10 -38 5 44 -34 -27 37 39 -13 50 21 0 28 47 34 -45 28 -9 24 0 46 -24 44 0 -44 -45 7 -22 4 9 0 -26 0 47 -23 -1 0 5 0 47 -27 30 0 38 -45 0 15 -39 0 -2 -2 17 5 -26 11 24 42 0 -3 -48 -14 45 0 -4 12 -36 
-5 -41 -37 0 -24 37 0 7 4 0 -8 0 -48 36 -50 -46 -16 0 -10 -3 13 9 6 0 44 0 -48 -41 -8 -27 28 -41 42 40 44 6 0 -44 30 43 -12 43 -26 -24 50 0 7 -29 -16 -38 0 -45 28 0 9 15 6 20 0 37 -20 36 45 0 -22 -34 0 18 -45 -15 0 23 18 1 25 0 0 -45 49 12 -11 -32 8 12 40 2 16 7 0 0 42 21 0 20 0 16 -19 44 50 -46 
8 47 47 -9 37 49 0 25 -36 32 -23 0 0 0 32 -22 21 -39 -15 0 13 -29 0 23 -18 0 -12 46 -50 20 42 -1 39 -24 3 -13 -4 30 -44 0 -3 -47 0 3 -7 17 -40 3 -47 0 29 -2 -43 42 19 0 -12 8 -39 0 -14 39 6 14 -1 -2 10 -24 0 -46 0 41 12 41 12 -39 -9 0 12 39 -19 -12 -23 44 -39 39 15 11 -4 36 48 -13 -29 -46 0 36 2 32 13 27 
-13 0 39 -15 -11 13 45 32 0 0 19 -13 26 -28 0 -41 5 39 7 39 -27 -15 28 33 2 -39 -12 43 -31 0 -38 30 39 -21 0 3 0 23 -6 25 0 -49 3 -26 0 28 0 0 0 9 -30 -28 4 0 0 -43 0 -11 20 -15 12 0 0 -1 50 0 0 14 -26 -41 -9 50 0 0 11 0 50 15 -11 -19 50 -1 -44 8 0 -15 -28 40 48 48 0 24 0 0 0 0 41 19 23 21 
-21 0 0 50 0 -9 -43 0 40 5 -40 46 0 29 0 -19 -16 14 21 48 0 0 29 -44 0 15 -31 10 8 35 -20 8 -26 -7 -29 26 18 -11 -20 -45 -30 -25 38 0 -45 38 21 0 -33 0 -46 -44 -38 18 42 25 -3 26 15 0 -44 -19 10 0 -7 -45 19 24 0 30 -48 38 -46 -4 -16 2 -49 -39 -32 -12 -1 41 -50 -25 46 -43 1 -2 0 0 39 -14 16 0 -35 -21 48 0 0 14 
0 -15 -30 0 6 8 30 -14 -7 30 0 0 -7 -17 4 -18 -13 -44 -3 0 0 0 16 0 28 -47 -5 -6 17 0 -40 47 -27 -34 -9 22 40 33 0 0 0 9 9 -23 -43 44 8 43 12 0 29 -16 -47 0 -3 -36 8 -12 -6 -37 41 -27 -40 10 -31 9 39 0 0 -6 -39 -26 0 -39 50 0 0 0 8 -23 -44 -50 42 22 -14 -8 0 50 0 20 0 -20 43 1 -39 45 -34 13 12 49 
13 -15 -45 -7 11 -27 0 49 -28 0 15 0 0 -38 2 12 31 39 29 0 -9 0 15 0 -40 -12 3 -48 0 44 28 0 0 40 26 31 -40 20 33 -15 -3 -45 40 41 -47 -50 -28 -44 -29 -13 -44 -4 44 25 -43 -23 -3 3 -47 -29 0 -50 0 30 -31 -33 -27 13 0 -23 34 0 -6 49 0 16 -45 -2 12 44 8 -25 22 37 29 0 -34 -48 27 3 -30 0 -41 -29 -25 0 13 -41 32 -35 
-12 -13 0 -15 9 41 17 0 50 36 44 0 42 17 -20 26 0 0 -23 38 -32 -40 43 27 3 25 26 0 13 16 -27 -7 45 0 0 21 15 -15 -34 -46 -18 45 -27 19 0 -19 0 -46 -8 14 0 -12 0 41 0 25 32 -16 -48 36 29 -49 -31 -16 -34 -11 0 0 10 -34 38 35 0 -24 0 0 13 -2 40 -39 0 46 -14 29 11 0 0 -19 11 -22 41 -50 49 0 -10 -23 32 0 -25 7 
-8 -16 -2 16 -15 0 0 -8 8 6 12 -48 -28 0 -29 -30 -23 -3 17 0 0 49 11 0 0 -9 -12 15 0 0 -3 0 0 -30 -36 25 -11 0 -27 -25 -30 31 -16 0 -50 25 0 -14 0 -32 0 -17 -33 0 -23 0 17 0 -1 0 37 2 -43 15 -7 32 20 -47 16 41 -49 -37 -22 -48 29 23 37 17 2 39 -15 -43 -8 0 0 29 0 49 -29 0 0 43 22 0 49 0 -43 -37 47 -40 
2 -22 5 0 -26 24 -29 0 -15 0 -16 -25 0 1 -1 34 0 -33 -37 -17 39 13 -22 30 37 0 0 39 0 -40 35 0 -33 -45 0 -18 23 7 0 -20 21 40 -4 -45 44 26 -45 7 0 0 0 33 0 -18 30 6 31 -18 43 0 11 -47 25 0 15 0 26 0 -40 0 0 -7 0 -5 40 0 0 5 16 15 -28 1 0 -34 0 0 38 -1 0 0 0 0 -50 -31 -1 0 -14 0 -20 -9 
0 -24 0 0 -48 -47 -28 -35 -19 0 -25 0 29 0 0 -13 -28 -14 -4 -18 5 21 36 10 0 -48 0 31 2 3 -5 0 39 32 9 0 0 0 -35 -47 14 -40 27 34 -11 -38 48 26 0 -18 -15 43 0 -12 50 -50 0 30 -43 0 -15 -35 -1 32 -32 0 -1 50 -32 -43 -15 -14 0 -29 21 -42 33 -26 7 11 40 -2 50 -48 -19 49 -1 24 -31 0 -36 42 -34 13 0 43 11 -30 37 -31 
17 0 -32 0 -34 31 -40 -8 0 0 -24 -7 0 0 -11 0 -17 40 6 0 -20 0 41 14 -34 19 0 0 -31 -41 -15 0 -5 24 -15 23 0 43 6 -15 0 37 18 0 -1 18 0 0 39 0 -39 0 -21 0 -6 5 -31 -42 4 -1 -28 0 -17 -23 -28 42 18 0 39 -8 4 50 33 0 0 -44 -48 11 0 -4 48 0 0 27 11 -29 0 -31 4 26 -45 11 34 0 0 27 35 -37 31 18 
-13 0 34 -11 38 0 -17 11 -40 11 -25 0 -29 -39 34 -2 0 -25 0 -37 41 0 -32 -47 -43 -1 0 -15 0 20 0 -34 -33 0 -19 0 44 15 0 -10 0 -37 -18 -50 -25 -41 13 -30 -15 -9 30 0 32 14 30 0 -16 -22 3 0 0 -32 8 -43 22 47 46 -26 0 44 10 0 -29 -45 4 0 -6 24 0 36 48 0 20 3 -22 0 0 0 26 27 46 -18 16 36 0 -42 50 43 11 -12 
-31 -19 -9 -18 -33 -26 -21 34 -50 50 38 -8 1 -40 18 0 -4 40 47 0 16 0 -46 24 29 -40 0 9 0 -18 0 0 0 0 45 -42 -39 0 0 -9 0 -37 0 -8 0 -35 -10 0 47 0 34 0 26 17 32 -1 -49 1 -30 0 38 41 0 47 28 15 20 -40 -48 41 0 -4 16 -8 -17 -24 23 42 42 48 0 39 0 -30 41 0 0 -36 -45 46 48 40 -45 -31 -22 -38 0 29 1 17 
13 32 0 -16 17 -36 38 46 -16 -37 -29 -21 -30 5 46 12 0 -43 -1 -16 -6 -40 0 7 -16 1 30 0 0 0 -29 0 12 0 6 27 32 -22 0 44 -24 5 26 26 9 48 0 0 4 4 -44 30 0 0 43 -43 39 0 0 -37 0 23 -46 29 7 21 0 17 2 0 27 17 0 -6 17 0 -18 0 21 -13 24 -14 -20 0 -50 43 0 42 11 -18 40 50 17 19 0 0 0 2 39 -19 
-43 14 0 -18 23 0 47 0 25 41 34 -42 0 -39 0 -33 33 0 -46 0 -15 0 39 30 0 -34 4 -24 -13 3 -46 0 0 39 -33 -5 24 -6 0 34 0 -10 36 49 0 0 0 0 -45 -26 -35 0 20 0 30 48 3 45 -19 -45 15 0 0 -27 -14 29 33 16 -37 0 -26 -49 -37 43 47 8 27 -3 0 -29 0 16 43 -41 49 22 -50 -34 34 16 -45 17 29 0 -50 44 -10 12 -33 24 
0 28 44 -16 0 23 48 0 0 0 -35 -35 -48 0 -33 14 -26 -11 27 6 -50 0 0 40 10 -13 8 -17 -37 0 17 -28 35 -28 31 -8 2 0 12 34 23 -10 0 22 0 21 0 0 42 40 -13 20 -30 36 0 5 18 0 -27 37 -34 0 16 0 -10 0 12 -39 47 -18 0 41 -38 38 -32 44 -4 -48 20 -46 0 0 1 -29 0 0 -31 13 0 36 -31 19 0 24 1 30 7 0 36 -46 
0 -24 -1 0 -17 23 0 32 8 23 -16 -45 8 10 41 0 32 0 -37 35 0 0 20 -43 0 -16 28 -22 -14 22 -46 0 -31 -15 37 0 8 -22 -23 -20 -40 0 -25 8 -37 0 -16 0 20 43 -9 47 -8 0 4 0 0 0 0 -46 36 -41 -8 10 0 0 -35 -43 0 5 0 -13 -17 -6 35 0 46 -14 0 0 0 -35 -39 -25 -10 49 -1 0 0 0 -22 0 -50 1 35 7 10 -47 46 0 
20 0 0 0 -32 19 0 21 -28 38 0 -1 0 -4 25 0 27 -7 0 -16 6 2 -19 10 -18 21 -1 -40 37 0 20 -46 -39 0 -27 -6 -34 23 43 -1 -11 -41 20 -19 -30 0 -18 0 0 38 -2 50 19 -35 -22 -12 0 0 26 3 5 0 2 17 21 0 13 32 -41 47 -1 0 0 0 0 -10 0 45 16 36 0 -21 45 0 -23 0 0 43 27 -42 -38 0 44 30 7 42 -27 5 0 23 
0 -7 24 9 -28 -13 -9 -31 0 -11 -44 11 -10 -17 -10 13 24 5 -49 -11 2 27 32 -27 24 0 -21 -33 -50 -45 -39 22 6 0 -42 -15 3 47 14 0 18 0 0 20 -38 -32 0 -28 -9 0 47 27 0 -8 25 -47 3 0 14 17 14 11 35 37 -23 37 0 38 8 -34 -8 -45 -39 -24 -9 -39 -38 0 -19 2 41 48 -34 13 32 -43 -14 11 35 50 0 0 -10 7 10 -27 37 -33 41 35 
-18 38 2 0 49 18 0 9 -17 46 -15 20 50 0 40 -3 0 21 -15 7 -47 0 45 0 8 -19 -38 0 -20 0 0 37 -14 -41 0 0 -44 -49 -21 9 0 38 0 0 -7 0 -47 9 -5 33 -34 -46 23 -22 -41 0 40 37 49 30 -36 -13 28 -32 47 -12 29 18 -26 0 14 -11 0 -7 0 0 -3 -4 44 32 19 0 13 -41 0 -37 0 -30 -37 43 29 2 12 0 -47 5 -33 23 -33 -1 
-11 -45 0 -24 29 7 -45 -21 0 38 16 0 0 0 41 0 40 -9 -20 25 0 0 27 0 17 0 30 -42 0 0 -13 7 10 -35 -45 -31 -3 0 -12 7 16 21 0 31 0 0 0 0 -20 -42 0 -47 -40 31 -40 14 0 49 -2 -1 0 0 -8 15 45 -35 0 0 12 18 26 5 33 6 -27 -20 -14 12 50 13 23 0 12 32 -25 47 -20 37 31 11 1 39 -33 36 46 0 41 -33 13 0 
-22 -40 36 12 2 0 0 5 -6 0 -25 33 0 6 16 -18 19 -33 0 35 43 46 -25 -2 16 0 0 0 42 0 23 14 -47 0 16 8 7 -48 -41 9 -41 -49 33 -24 -12 -8 -45 0 0 50 0 0 -4 39 30 -16 20 -45 -19 0 -12 38 0 43 0 0 26 26 -25 17 -6 22 -50 34 0 0 -18 -36 -46 27 21 14 49 -35 7 -40 -9 -31 18 -12 17 -19 24 -46 0 23 35 -1 0 4 
