100
39 -9 25 38 13 -41 32 31 -39 -10 1 -8 -4 5 -45 -37 40 -29 -44 -43 7 43 13 -2 9 -41 42 3 26 -33 18 -50 49 44 19 -42 -5 -11 -30 -49 -41 -40 39 12 -22 -7 46 46 30 43 -36 -38 -49 5 -5 -28 49 -50 -28 -10 38 -7 -27 48 16 -48 22 45 -38 -50 -50 -30 -10 28 14 -6 29 -46 0 -16 -10 38 15 13 1 23 -11 18 7 15 32 50 -33 10 41 27 14 3 5 5 
31 0 0 0 0 0 -24 0 49 48 2 8 0 40 0 0 0 -29 0 49 0 0 0 0 0 -5 -29 0 9 -3 -40 0 0 -2 0 38 0 -24 -30 0 0 0 0 -21 -46 0 0 0 26 0 0 0 0 -25 -17 0 -31 5 -24 -19 0 0 0 -28 0 0 19 0 36 -5 32 0 46 0 0 -44 -35 0 -22 0 0 -33 -43 0 0 29 0 0 49 10 0 0 0 0 9 0 0 -3 0 -19 
0 39 15 29 -42 0 0 -6 -29 48 8 0 0 -6 22 44 4 0 -26 0 0 -7 0 -34 -12 -25 8 0 0 -4 -44 38 0 -14 49 0 0 0 0 -13 46 -10 0 16 -5 0 0 7 -33 0 -37 0 0 -18 0 0 24 0 -5 43 -34 0 0 10 25 -27 38 0 -7 0 18 0 0 -5 0 -12 -36 0 0 0 18 12 -46 0 0 13 0 0 0 0 50 0 0 -35 0 0 5 0 0 0 
0 15 29 0 34 28 7 0 15 0 0 0 0 0 0 0 0 -30 -49 0 0 0 0 0 25 0 0 -33 50 0 36 -50 40 0 37 44 0 0 14 6 0 33 0 44 0 0 0 23 -18 11 8 2 0 0 -37 0 0 0 0 0 0 0 0 -44 0 29 0 -15 0 19 -37 -1 0 -49 0 35 0 0 -50 0 0 -48 6 48 -21 0 -41 0 49 0 0 33 0 5 0 0 -45 0 0 -34 
0 29 0 7 0 14 12 17 -3 0 17 46 11 0 0 0 0 -13 0 -37 -37 0 0 49 -33 -13 0 46 22 36 6 -18 0 0 0 0 0 0 45 0 -8 0 -36 0 -1 1 0 0 35 -2 -50 11 0 0 -23 49 0 10 0 0 -32 23 -30 18 0 0 6 0 -28 -41 0 -50 46 13 -18 50 38 0 0 -20 26 22 12 0 -41 0 -14 0 22 0 0 0 46 0 0 0 -7 0 0 49 
0 -42 34 0 36 45 0 0 -34 -22 22 35 -20 0 0 0 16 -22 0 0 -20 0 13 29 -20 0 0 -34 0 -23 0 0 12 -16 -16 0 -32 28 0 -49 0 0 0 0 0 0 38 0 0 -18 0 8 21 0 -4 21 0 0 39 0 0 0 0 0 0 -34 13 0 0 34 0 0 0 0 0 0 36 39 -18 -44 0 0 -37 0 13 0 -25 0 28 -31 0 24 -10 -27 46 44 17 0 0 -11 
0 0 28 14 45 39 0 -37 16 -21 -32 0 0 42 -14 0 -48 0 0 1 -4 -37 -44 -26 0 0 15 0 0 -10 -35 -6 38 0 0 4 0 47 29 -19 0 0 2 -37 0 -44 -50 0 0 -6 0 -34 -11 0 0 0 7 30 1 12 -38 19 0 34 -42 0 0 0 0 0 0 41 0 0 -27 0 43 0 -35 -30 -25 0 0 0 0 0 0 38 0 0 30 0 14 -32 -2 0 -27 0 -11 0 
-24 0 7 12 0 0 7 -14 -31 -18 0 32 12 0 0 -10 0 0 9 -41 0 46 -24 0 0 43 0 41 0 0 -7 38 -29 0 16 -20 -3 0 -11 0 0 0 -23 21 0 -14 -4 -19 0 0 35 -7 -16 0 0 -26 0 17 -14 -30 -7 -21 31 -24 0 0 0 0 0 0 33 -7 -33 32 0 0 1 -16 -36 -49 -11 0 -44 36 14 0 0 26 0 -43 8 -24 46 -26 0 0 7 0 0 -33 
0 -6 0 17 0 -37 -14 51 32 -44 33 38 -37 0 2 -32 -12 2 -1 0 0 41 0 17 0 0 0 16 0 22 0 0 -10 -25 0 0 45 0 19 0 26 0 0 -40 0 9 0 0 27 -10 0 -37 0 -8 -50 0 0 20 0 0 0 0 0 0 -31 0 -41 37 30 -16 0 -42 -14 -42 31 -20 23 0 0 30 0 0 -25 0 0 37 0 0 -26 -50 25 0 0 -43 0 0 -12 0 0 0 
49 -29 15 -3 -34 16 -31 32 14 0 18 0 7 37 -30 0 0 22 0 0 -12 0 46 0 0 -25 0 -43 0 0 28 0 0 0 41 0 0 20 -10 0 7 0 38 0 0 0 17 -27 -13 0 -46 -48 -26 0 -14 50 3 0 31 29 -41 -40 -21 -5 0 0 0 -19 -37 0 41 11 0 0 0 5 42 0 0 49 -1 -29 -15 -33 0 0 39 46 0 0 -11 27 43 -34 0 22 -25 0 29 20 
48 48 0 0 -22 -21 -18 -44 0 35 24 0 0 12 30 0 0 7 0 0 29 39 -14 6 0 -40 20 0 0 -7 0 47 0 40 0 0 0 0 1 0 0 -49 0 0 0 -17 0 45 29 0 -12 -4 0 0 0 0 -45 16 0 1 41 -5 17 0 0 -49 -21 0 0 0 -18 0 -46 -8 32 -5 0 2 0 0 0 0 0 0 0 0 0 0 0 0 -35 0 0 0 0 7 0 47 0 9 
2 8 0 17 22 -32 0 33 18 24 43 0 0 35 -16 -28 0 -36 47 0 20 23 -32 21 0 24 0 -46 -36 0 0 0 -50 3 0 0 -25 0 21 5 0 33 0 0 -31 -46 -9 -15 34 42 0 0 -3 4 0 0 0 0 0 0 -35 0 0 -11 35 0 -1 17 -19 0 0 0 0 14 30 29 -24 -26 0 0 0 0 -15 0 36 0 0 -30 23 0 41 0 0 14 -10 0 16 0 0 0 
8 0 0 46 35 0 32 38 0 0 0 45 0 0 0 -45 0 -15 45 0 0 41 43 -14 0 0 0 -44 -26 33 40 0 -44 -19 0 0 -38 -38 14 0 0 0 0 0 10 24 0 35 0 -2 33 41 0 49 19 -22 0 26 0 47 0 0 -1 0 0 0 0 -32 -18 0 0 0 -44 -40 0 41 30 19 -34 0 0 7 49 -10 -24 0 37 -17 0 0 -25 24 18 0 0 37 0 30 -33 -39 
0 0 0 11 -20 0 12 -37 7 0 0 0 10 0 0 -19 30 0 0 -42 0 0 45 0 0 0 29 0 2 0 38 -29 44 -7 28 0 0 0 -23 30 39 0 -40 0 0 0 30 -30 31 -29 -4 -32 -7 11 0 0 0 0 0 0 0 0 -47 0 0 0 0 39 20 -16 34 8 -44 0 0 43 -23 0 -1 0 38 5 -2 16 39 0 -38 44 0 -27 0 2 0 -12 0 -22 0 0 47 0 
40 -6 0 0 0 42 0 0 37 12 35 0 0 15 -34 0 46 0 0 -27 -13 0 0 0 0 0 -6 0 0 0 0 43 36 42 41 38 -19 0 0 32 0 -46 -34 39 21 0 0 39 0 -5 0 8 0 0 0 0 -9 0 -16 0 10 0 0 0 0 -2 -15 -28 -18 45 48 0 -26 0 -34 0 0 -9 0 -25 -27 -38 28 15 0 0 0 0 -15 0 -21 -23 0 0 0 0 -3 0 46 0 
0 22 0 0 0 -14 0 2 -30 30 -16 0 0 -34 13 -32 0 0 0 -45 0 26 -18 -27 0 -16 0 0 0 0 0 -5 0 0 -17 0 0 26 0 0 -47 0 0 0 0 0 0 30 0 0 12 0 0 48 0 0 -25 -35 -9 0 -26 22 0 9 0 0 0 -50 0 0 0 -28 -10 11 0 0 0 0 0 0 47 42 24 0 -12 -33 0 0 0 0 0 -13 0 -4 0 0 0 0 -6 -35 
0 44 0 0 0 0 -10 -32 0 0 -28 -45 -19 0 -32 8 45 0 0 0 -13 0 12 32 -43 0 0 0 -40 -10 0 28 11 0 -2 27 0 47 33 13 0 6 46 11 48 0 31 0 0 0 0 -23 0 0 -18 -16 -29 -24 2 8 0 -43 38 0 12 0 -33 0 0 -41 0 0 -15 11 0 25 0 -17 32 0 3 0 43 0 20 0 0 29 -50 7 0 -31 -32 33 0 0 0 0 0 0 
0 4 0 0 16 -48 0 -12 0 0 0 0 30 46 0 45 38 5 35 27 -4 -34 -49 0 -35 0 -27 0 0 -18 0 0 23 8 0 -18 -7 0 14 0 0 0 0 0 0 0 -27 0 0 0 23 32 0 0 0 50 -22 0 39 0 -28 20 -26 -14 -33 26 0 10 0 4 0 0 33 0 -7 0 0 4 3 0 37 -43 -2 0 0 0 -25 36 -22 12 7 0 0 28 49 0 0 3 0 10 
-29 0 -30 -13 -22 0 0 2 22 7 -36 -15 0 0 0 0 5 9 0 -42 30 0 -44 0 -37 0 12 50 0 24 -14 -7 0 0 -35 1 0 0 0 -36 0 17 0 0 0 0 -31 -29 0 0 0 7 0 7 35 0 0 0 -5 0 0 37 0 24 21 49 -40 34 4 0 -31 -17 0 0 0 -8 17 0 -13 -27 24 0 -13 0 0 0 -9 0 -14 0 48 18 29 -1 -42 16 0 -17 31 43 
0 -26 -49 0 0 0 9 -1 0 0 47 45 0 0 0 0 35 0 23 17 2 0 -28 0 0 -47 0 -3 0 11 0 0 0 0 32 0 0 43 -7 0 0 27 0 0 0 0 0 0 5 0 -50 0 0 35 0 0 40 0 -35 0 -22 0 0 0 0 48 23 -50 0 -19 0 0 -21 0 0 0 19 35 0 0 44 28 0 1 -24 41 0 0 0 -29 0 7 -8 31 0 0 0 -46 0 0 
49 0 0 -37 0 1 -41 0 0 0 0 0 -42 -27 -45 0 27 -42 17 3 8 9 -37 50 40 0 0 48 0 0 0 0 42 27 -28 2 47 33 0 0 0 0 0 49 0 0 0 -22 47 -31 3 -36 -15 0 3 -14 27 37 0 -21 -23 -17 0 29 0 -21 -20 42 33 0 0 13 0 -35 0 25 0 0 3 47 0 23 -21 0 -9 0 -34 3 -9 -35 -12 11 0 -43 0 25 17 0 -40 0 
0 0 0 -37 -20 -4 0 0 -12 29 20 0 0 -13 0 -13 -4 30 2 8 26 0 -39 -40 0 -13 49 -17 0 0 2 -35 -21 0 21 0 -49 0 -49 0 30 -23 0 0 0 0 46 -33 -49 2 0 0 -32 0 0 0 -4 0 0 0 27 0 -38 0 0 23 38 0 0 0 0 28 -15 0 0 37 0 0 0 0 47 20 0 -29 29 0 42 -41 0 -13 -32 0 19 0 0 8 21 0 0 0 
0 -7 0 0 0 -37 46 41 0 39 23 41 0 0 26 0 -34 0 0 9 0 7 0 0 0 0 0 0 -12 0 -34 -43 0 37 -19 18 -25 0 0 0 0 3 0 32 0 50 27 -39 0 -36 0 0 -32 4 0 -34 31 0 13 0 -39 -17 41 0 -34 37 6 -21 0 -36 4 0 -12 0 6 0 0 0 0 46 0 0 0 0 0 0 1 29 0 0 0 0 -38 -17 0 -31 0 0 0 0 
0 0 0 0 13 -44 -24 0 46 -14 -32 43 45 0 -18 12 -49 -44 -28 -37 -39 0 45 19 9 0 0 11 19 37 48 -40 -33 -1 0 0 0 0 30 0 18 0 -14 0 6 24 0 -7 6 0 0 0 0 0 0 0 0 0 0 7 0 30 35 25 -31 0 0 0 20 28 -29 0 6 0 0 0 0 -23 -43 -23 -34 0 0 0 0 0 -12 0 -14 42 0 0 -49 24 10 0 5 9 0 50 
0 -34 0 49 29 -26 0 17 0 6 21 -14 0 0 -27 32 0 0 0 50 -40 0 19 38 0 -9 0 -22 0 4 -32 0 32 7 23 -2 -19 -3 0 44 -40 0 -1 0 43 0 0 -11 0 34 8 0 0 0 28 0 44 0 0 0 -14 -43 30 -42 0 0 0 0 0 0 0 0 0 0 0 0 -22 -3 -23 36 0 0 0 0 42 -11 -27 0 -41 0 -37 -41 0 -40 0 2 0 32 0 -44 
0 -12 25 -33 -20 0 0 0 0 0 0 0 0 0 0 -43 -35 -37 0 40 0 0 9 0 14 -16 0 1 0 2 0 10 39 0 0 0 0 -30 -11 -4 49 0 0 -31 49 -31 10 -1 0 -40 38 0 0 0 47 0 0 -22 19 -7 0 0 -23 0 0 0 27 0 46 0 4 0 0 0 0 0 18 0 0 0 0 0 -36 22 -48 0 9 -38 0 0 49 -2 50 0 0 0 0 -47 -10 0 
-5 -25 0 -13 0 0 43 0 -25 -40 24 0 0 0 -16 0 0 0 -47 0 -13 0 0 -9 -16 1 0 -4 0 -31 39 48 0 37 48 38 0 -14 9 0 -17 0 0 0 0 25 6 0 0 44 0 10 0 0 -24 0 41 -31 0 0 13 13 -22 -25 0 46 0 0 0 -11 40 -48 -30 6 39 0 -4 0 11 38 -25 0 0 -19 0 0 -14 0 1 0 -33 28 40 38 0 23 0 0 14 0 
-29 8 0 0 0 15 0 0 0 20 0 0 29 -6 0 0 -27 12 0 0 49 0 0 0 0 0 44 48 0 2 0 0 -13 0 -21 0 0 -6 0 7 -17 -13 -48 0 -1 22 -10 0 0 -36 0 -9 -18 0 7 -24 -9 0 0 26 0 41 32 0 6 -48 21 0 12 33 11 -44 0 0 -22 0 0 -7 -30 -1 0 44 -2 0 0 -3 0 -7 0 32 41 0 -39 -38 18 18 0 0 0 -49 
0 0 -33 46 -34 0 41 16 -43 0 -46 -44 0 0 0 0 0 50 -3 48 -17 0 11 -22 1 -4 48 8 -33 0 0 -26 0 -8 -16 -28 0 2 0 -40 45 19 0 14 0 0 0 10 0 0 -28 0 0 0 0 -50 16 0 0 -7 15 0 48 -47 0 0 40 -4 -40 0 13 35 0 -41 9 0 0 0 0 0 -21 0 0 46 0 0 0 35 0 0 0 0 0 -36 -15 38 0 -30 0 -32 
9 0 50 22 0 0 0 0 0 0 -36 -26 2 0 0 -40 0 0 0 0 0 -12 19 0 0 0 0 -33 36 -28 0 -2 0 0 2 0 -50 41 -24 -14 0 -20 0 40 0 42 -34 0 0 17 47 45 -48 0 -22 -28 -2 -13 47 11 0 29 0 -8 10 0 -13 -27 0 0 46 0 0 48 41 -46 0 32 22 -44 0 4 -4 28 36 -13 0 -3 0 10 0 0 15 0 32 -47 -32 -2 26 0 
-3 -4 0 36 -23 -10 0 22 0 -7 0 33 0 0 0 -10 -18 24 11 0 0 0 37 4 2 -31 2 0 -28 23 5 14 0 -29 0 0 1 0 0 -8 -48 31 18 -3 0 -20 0 26 0 0 0 0 41 39 0 -25 0 0 0 0 26 0 -9 0 -2 -6 0 0 0 42 11 0 0 21 -40 -9 -3 -21 -22 -2 0 -24 -24 24 4 2 25 35 40 0 0 17 -5 0 -20 2 45 2 0 3 
-40 -44 36 6 0 -35 -7 0 28 0 0 40 38 0 0 0 0 -14 0 0 2 -34 48 -32 0 39 0 0 0 5 3 -12 20 38 0 -21 -45 0 22 0 0 0 0 0 0 0 0 0 -49 0 5 27 -17 -39 -5 0 0 5 0 -35 0 0 0 0 -4 36 15 -30 0 -39 37 -24 38 0 0 0 0 0 0 -9 0 2 0 25 0 0 -21 0 -47 34 0 -24 0 -39 0 26 7 0 33 22 
0 38 -50 -18 0 -6 38 0 0 47 0 0 -29 43 -5 28 0 -7 0 0 -35 -43 -40 0 10 48 0 -26 -2 14 -12 37 0 0 12 -48 0 0 0 -42 0 -43 -24 22 0 0 -12 0 0 0 -35 48 0 26 0 43 26 -31 35 0 0 0 20 34 -7 0 0 32 -12 -42 0 35 0 22 0 25 23 0 0 -49 0 0 0 0 0 49 0 10 15 0 14 0 0 0 0 -27 -23 0 25 0 
0 0 40 0 12 38 -29 -10 0 0 -50 -44 44 36 0 11 23 0 0 42 -21 0 -33 32 39 0 -13 0 0 0 20 0 18 -17 -4 -1 0 0 0 -22 50 27 -29 0 0 16 0 -50 0 0 47 44 0 14 0 0 0 0 -41 0 -20 8 0 -16 -37 0 0 0 0 7 42 6 1 -27 6 39 0 17 17 0 7 -37 0 0 28 28 0 2 0 47 0 3 -11 0 50 0 21 36 -30 -40 
-2 -14 0 0 -16 0 0 -25 0 40 3 -19 -7 42 0 0 8 0 0 27 0 37 -1 7 0 37 0 -8 0 -29 38 0 -17 27 -19 9 -50 13 -30 47 37 0 -31 -21 -31 15 0 -23 0 6 45 26 -40 0 19 -28 0 0 38 0 0 47 28 -45 -26 15 5 -49 -46 13 26 -38 0 0 0 0 0 0 42 -21 -14 0 13 46 0 -1 0 -39 -36 18 0 0 -16 0 0 29 26 0 0 0 
0 49 37 0 -16 0 16 0 41 0 0 0 28 41 -17 -2 0 -35 32 -28 21 -19 0 23 0 48 -21 -16 2 0 0 12 -4 -19 16 0 0 0 21 31 -7 0 0 46 -20 0 0 0 -35 0 -4 -25 0 3 0 28 0 0 -49 0 24 0 0 0 0 0 0 0 -25 0 34 -17 0 0 0 -24 0 0 12 0 0 0 -24 0 0 0 -45 0 0 23 49 0 5 27 -27 35 24 0 0 0 
38 0 44 0 0 4 -20 0 0 0 0 0 0 38 0 27 -18 1 0 2 0 18 0 -2 0 38 0 -28 0 0 -21 -48 -1 9 0 48 -32 0 0 0 0 0 -40 0 0 0 -46 21 0 0 -50 0 0 0 0 -12 10 0 0 -37 0 0 -3 0 0 0 0 35 0 0 -44 10 0 13 34 9 4 14 45 0 0 -2 7 -9 33 0 -2 -22 0 46 0 -15 0 0 0 0 -7 0 0 12 
0 0 0 0 -32 0 -3 45 0 0 -25 -38 0 -19 0 0 -7 0 0 47 -49 -25 0 -19 0 0 0 0 -50 1 -45 0 0 -50 0 -32 5 0 0 0 0 5 -19 0 0 -12 17 -35 0 22 0 0 0 0 14 8 37 0 0 0 -7 0 38 35 0 -40 0 0 0 -41 50 27 0 29 0 25 0 43 9 15 3 31 -31 0 -25 -27 -4 -47 -24 -28 12 0 0 0 4 -10 -40 9 0 0 
-24 0 0 0 28 47 0 0 20 0 0 -38 0 0 26 47 0 0 43 33 0 0 0 -3 -30 -14 -6 2 41 0 0 0 0 13 0 0 0 48 0 0 0 0 -25 0 35 9 0 39 0 0 22 -11 -39 0 0 0 8 0 0 0 -50 -13 45 0 7 -44 0 0 -49 0 -34 -18 48 0 7 0 0 -9 -2 -45 25 -33 0 0 0 46 13 -17 10 0 0 1 -7 -43 17 -11 0 5 39 0 
-30 0 14 45 0 29 -11 19 -10 1 21 14 -23 0 0 33 14 0 -7 0 -49 0 30 0 -11 9 0 0 -24 0 22 0 0 -30 21 0 0 0 38 0 0 0 0 0 0 0 0 0 0 0 0 7 0 0 0 -15 38 34 0 0 48 0 0 0 -49 -11 0 0 0 0 0 0 -19 15 0 15 0 0 0 -47 -33 0 28 0 -10 0 -49 0 0 -6 24 -30 -46 0 0 -28 0 29 -28 42 
0 -13 6 0 -49 -19 0 0 0 0 5 0 30 32 0 13 0 -36 0 0 0 0 0 44 -4 0 7 -40 -14 -8 0 -42 -22 47 31 0 0 0 0 13 39 0 0 -15 0 0 -26 29 0 0 45 0 -33 46 41 -14 -43 19 0 0 0 -46 32 0 -26 0 -3 -27 0 -4 -44 0 0 0 0 -46 7 -17 0 0 -49 0 -32 38 0 0 0 30 -3 -27 0 25 -1 23 0 0 -36 0 0 0 
0 46 0 -8 0 0 0 26 7 0 0 0 39 0 -47 0 0 0 0 0 30 0 18 -40 49 -17 -17 45 0 -48 0 0 50 37 -7 0 0 0 0 39 37 30 0 16 0 -32 -31 39 -2 5 0 0 32 0 0 -14 0 0 0 0 47 29 0 0 0 0 0 -30 11 21 -46 -6 0 36 0 0 16 0 0 0 0 0 0 0 -42 31 -33 0 0 0 -32 0 0 0 3 -22 -34 0 21 0 
0 -10 33 0 0 0 0 0 0 -49 33 0 0 -46 0 6 0 17 27 0 -23 3 0 0 0 0 -13 19 -20 31 0 -43 27 0 0 0 5 0 0 0 30 28 0 40 -38 -31 0 17 1 0 21 -11 0 0 -16 0 9 48 9 -43 -20 0 13 29 0 0 0 0 -16 31 0 13 -20 0 0 -49 0 -15 0 -27 0 0 0 -4 23 -35 0 -35 0 0 0 0 0 0 11 -28 19 44 0 0 
0 0 0 -36 0 2 -23 0 38 0 0 0 -40 -34 0 46 0 0 0 0 0 0 -14 -1 0 0 -48 0 0 18 0 -24 -29 -31 0 -40 -19 -25 0 0 0 0 40 0 0 1 0 48 37 0 0 31 -4 -8 0 -13 46 12 0 -26 41 0 0 0 0 0 0 0 -39 0 0 17 -43 2 35 -41 0 0 0 -19 -20 0 0 0 41 0 11 -12 0 28 0 14 26 -15 43 20 19 0 0 36 
-21 16 44 0 0 -37 21 -40 0 0 0 0 0 39 0 11 0 0 0 49 0 32 0 0 -31 0 0 14 40 -3 0 22 0 -21 46 0 0 0 0 -15 16 40 0 13 -15 0 0 0 0 0 -13 0 0 -24 48 0 0 0 0 0 0 42 0 -43 0 -50 -41 0 0 -17 0 -23 0 0 17 0 0 -17 -16 42 39 29 -7 0 0 -44 -7 -14 0 -46 0 -3 0 0 -7 -12 -36 -19 0 5 
-46 -5 0 -1 0 0 0 0 0 0 -31 10 0 21 0 48 0 0 0 0 0 0 6 43 49 0 -1 0 0 0 0 0 0 -31 -20 0 0 35 0 0 0 -38 0 -15 10 0 0 0 10 0 12 2 0 0 -18 0 0 0 28 0 21 -3 0 30 0 32 0 -47 0 0 0 0 0 0 0 0 0 -19 5 24 -48 23 -33 0 -41 0 -29 0 0 -36 28 0 0 0 0 -24 0 0 0 -45 
0 0 0 1 0 -44 -14 9 0 -17 -46 24 0 0 0 0 0 0 0 0 0 50 24 0 -31 25 22 0 42 -20 0 0 16 15 0 0 -12 9 0 0 -32 -31 1 0 0 41 40 0 41 0 0 0 0 0 0 0 -12 32 16 -1 -40 -39 33 50 0 0 28 0 -24 0 0 -35 -45 0 0 0 0 0 0 3 2 0 0 31 -3 28 48 -39 0 13 0 43 -21 0 0 9 0 0 27 29 
0 0 0 0 38 -50 -4 0 17 0 -9 0 30 0 0 31 -27 -31 0 0 46 27 0 0 10 6 -10 0 -34 0 0 -12 0 0 0 -46 17 0 0 -26 -31 0 0 0 0 40 19 12 20 0 38 -48 35 -49 0 0 0 49 0 -5 5 24 -30 0 0 -21 4 -30 0 0 -28 36 24 40 0 0 45 0 0 9 -40 0 -3 -11 -26 0 34 1 -22 0 32 0 0 0 27 -4 -45 42 0 0 
0 7 23 0 0 0 -19 0 -27 45 -15 35 -30 39 30 0 0 -29 0 -22 -33 -39 -7 -11 -1 0 0 10 0 26 0 0 -50 -23 0 21 -35 39 0 29 39 17 48 0 0 0 12 36 0 -22 16 10 0 0 0 -4 0 0 0 0 32 -37 0 7 0 0 0 4 0 0 0 2 -24 -41 0 0 -33 24 0 0 0 -50 0 1 0 30 37 0 42 0 -23 -44 0 29 -25 0 11 25 0 -6 
26 -33 -18 35 0 0 0 27 -13 29 34 0 31 0 0 0 0 0 5 47 -49 0 6 0 0 0 0 0 0 0 -49 0 0 0 -35 0 0 0 0 0 -2 1 37 0 10 41 20 0 9 -19 29 19 0 0 0 -27 -4 0 -9 26 -27 36 10 0 0 15 0 0 0 0 -5 -40 -35 0 0 0 0 0 25 0 45 0 3 -8 0 20 0 0 -16 38 0 0 47 8 0 -19 7 20 -34 0 
0 0 11 -2 -18 -6 0 -10 0 0 42 -2 -29 -5 0 0 0 0 0 -31 2 -36 0 34 -40 44 -36 0 17 0 0 0 0 6 0 0 22 0 0 0 5 0 0 0 0 0 0 -22 -19 20 0 0 0 -46 0 -14 0 26 19 3 0 0 -7 0 30 -41 48 48 -9 0 -45 2 0 0 0 0 0 0 -8 -12 0 0 0 0 0 5 -39 -38 0 0 -20 9 0 0 0 0 -46 -8 -45 0 
0 -37 8 -50 0 0 35 0 -46 -12 0 33 -4 0 12 0 23 0 -50 3 0 0 0 8 38 0 0 -28 47 0 5 -35 47 45 -4 -50 0 22 0 45 0 21 0 -13 12 0 38 16 29 0 48 -37 38 0 -38 45 0 0 0 0 0 27 -43 -23 0 0 -22 16 0 0 0 0 46 0 0 -50 10 -23 0 13 -12 0 -9 32 0 0 -41 0 0 0 -1 -34 6 -29 -37 22 -14 49 0 3 
0 0 2 11 8 -34 -7 -37 -48 -4 0 41 -32 8 0 -23 32 7 0 -36 0 0 0 0 0 10 -9 0 45 0 27 48 44 26 -25 0 0 -11 7 0 0 -11 31 0 2 0 -48 10 19 0 -37 22 -47 0 0 -3 12 0 0 -4 20 0 0 0 -49 0 25 0 0 0 0 33 -25 -21 48 -18 -9 0 -47 0 0 0 36 -36 -36 -20 29 49 -40 -45 0 -29 42 35 0 -3 3 -30 0 48 
0 0 0 0 21 -11 -16 0 -26 0 -3 0 -7 0 0 0 0 0 0 -15 -32 -32 0 0 0 0 -18 0 -48 41 -17 0 0 -40 0 0 0 -39 0 -33 32 0 -4 0 0 0 35 0 0 0 38 -47 3 0 0 0 -41 -49 9 0 47 0 0 38 20 0 -8 -29 0 0 0 -48 0 0 12 7 26 -48 18 48 0 -14 0 0 0 -13 0 -31 20 -42 0 0 -27 0 -46 0 45 -37 0 0 
-25 -18 0 0 0 0 0 -8 0 0 4 49 11 0 48 0 0 7 35 0 0 4 0 0 0 0 0 0 0 39 -39 26 14 0 3 0 0 0 0 46 0 0 -8 -24 0 0 -49 0 0 -46 0 0 0 33 41 0 6 0 4 26 0 0 0 -32 0 18 -20 0 0 -3 -9 -42 -23 0 -27 0 26 0 -5 0 30 0 0 -45 0 0 -11 0 -16 0 0 0 31 47 0 40 0 0 0 -25 
-17 0 -37 -23 -4 0 0 -50 -14 0 0 19 0 0 0 -18 0 35 0 3 0 0 0 28 47 -24 7 0 -22 0 -5 0 0 19 0 0 14 0 0 41 0 -16 0 48 -18 0 0 0 0 0 -38 0 0 41 51 0 6 0 24 45 -49 9 46 10 -7 0 0 50 0 -29 -8 49 0 1 0 30 0 0 0 3 0 12 0 0 0 0 0 6 -7 0 0 -46 25 0 -20 -2 -29 0 24 -13 
0 0 0 49 21 0 -26 0 50 0 0 -22 0 0 0 -16 50 0 0 -14 0 -34 0 0 0 0 -24 -50 -28 -25 0 43 0 -28 28 -12 8 0 -15 -14 -14 0 -13 0 0 0 0 -4 -27 -14 45 -3 0 0 0 47 0 -19 47 -17 0 7 20 0 0 6 0 0 -12 -45 0 0 39 -30 5 0 -6 0 12 0 0 0 48 -42 0 0 7 0 0 0 49 -10 0 25 0 0 0 -1 0 0 
-31 24 0 0 0 7 0 0 3 -45 0 0 0 -9 -25 -29 -22 0 40 27 -4 31 0 44 0 41 -9 16 -2 0 0 26 0 0 0 10 37 8 38 -43 0 9 46 0 0 -12 0 0 -4 0 0 12 -41 6 6 0 15 0 0 -7 -38 -35 0 42 -7 0 0 0 -26 -11 0 -13 0 0 0 0 0 0 0 0 32 -50 0 12 0 15 50 0 0 0 -31 0 0 0 50 0 0 34 41 -34 
5 0 0 10 0 30 17 20 0 16 0 26 0 0 -35 -24 0 0 0 37 0 0 0 0 -22 -31 0 0 -13 0 5 -31 0 0 0 0 0 0 34 19 0 48 12 0 0 32 49 0 0 26 0 0 -49 0 0 -19 0 48 -49 0 0 0 0 0 4 47 -48 -35 0 -28 0 27 30 -27 -18 0 -31 0 0 0 20 30 0 0 32 0 42 0 -35 0 0 0 0 43 37 0 0 0 0 13 
-24 -5 0 0 39 1 -14 0 31 0 0 0 0 -16 -9 2 39 -5 -35 0 0 13 0 0 19 0 0 0 47 0 0 35 -41 38 -49 0 0 0 0 0 0 9 0 0 28 16 0 0 -9 19 0 0 9 4 24 47 0 -49 29 -20 0 0 0 7 0 48 -3 0 47 -28 0 -47 0 0 0 -7 0 -26 -45 -29 45 0 42 0 0 0 50 0 -47 0 0 -28 -35 -26 0 -37 0 -2 0 0 
-19 43 0 0 0 12 -30 0 29 1 0 47 0 0 0 8 0 0 0 -21 0 0 7 0 -7 0 26 -7 11 0 -35 0 0 0 0 -37 0 0 0 0 0 -43 -26 0 0 -1 -5 0 26 3 0 -4 0 26 45 -17 -7 0 -20 2 -20 -20 -42 0 27 -2 0 34 0 -36 -40 13 7 -39 -9 -5 0 0 -33 24 -35 0 42 -40 -13 0 -45 -41 0 -33 0 0 0 34 50 50 0 0 -26 0 
0 -34 0 -32 0 -38 -7 0 -41 41 -35 0 0 10 -26 0 -28 0 -22 -23 27 -39 0 -14 0 13 0 15 0 26 0 0 -20 0 24 0 -7 -50 48 0 47 -20 41 0 21 -40 5 32 -27 0 0 20 47 0 -49 0 -38 0 0 -20 41 0 0 -17 -47 -49 -21 22 18 0 -35 35 0 0 -2 15 14 0 -20 17 -28 0 8 -8 29 0 0 0 0 0 0 0 32 42 -41 3 0 -23 31 21 
0 0 0 23 0 19 -21 0 -40 -5 0 0 0 0 22 -43 20 37 0 -17 0 -17 30 -43 0 13 41 0 29 0 0 0 8 47 0 0 0 -13 0 -46 29 0 0 42 -3 -39 24 -37 36 0 27 0 0 0 9 7 -35 0 0 -20 0 27 0 -46 40 -10 0 0 -40 -38 0 -1 15 7 -36 -46 3 0 0 0 -35 27 0 43 0 0 0 50 47 -29 0 0 -10 -41 0 0 28 2 0 0 
0 0 0 -30 0 0 31 0 -21 17 0 -1 -47 0 0 38 -26 0 0 0 -38 41 35 30 -23 -22 32 48 0 -9 0 20 0 28 0 -3 38 45 0 32 0 13 0 0 0 33 -30 0 10 -7 -43 0 0 0 46 20 0 0 0 -42 0 0 34 -34 -33 39 0 22 0 0 0 0 -10 0 -42 0 36 -41 0 0 0 0 -32 -12 0 46 -26 0 0 0 0 -22 0 0 -3 0 0 0 -2 41 
-28 10 -44 18 0 34 -24 0 -5 0 -11 0 0 0 9 0 -14 24 0 29 0 0 25 -42 0 -25 0 -47 -8 0 0 34 -16 -45 0 0 35 0 0 0 0 29 0 -43 30 50 0 7 0 0 -23 0 38 -32 10 0 42 0 7 0 -17 -46 -34 15 0 0 0 0 -40 -45 0 0 0 0 35 0 0 0 -30 -10 -27 0 -12 0 0 0 45 0 0 0 0 26 -20 0 0 0 -49 -45 -8 0 
0 25 0 0 0 -42 0 -31 0 0 35 0 0 0 0 12 -33 21 0 0 0 -34 -31 0 0 0 6 0 10 -2 -4 -7 -37 -26 0 0 0 7 -49 -26 0 0 0 0 0 0 0 0 0 30 0 -49 20 0 -7 0 -7 4 0 27 -47 40 -33 0 39 49 0 6 23 -8 -10 -35 0 -22 16 -49 14 0 0 0 -10 0 0 17 0 -38 0 13 46 0 0 0 22 0 -30 0 16 0 0 -34 
0 -27 29 0 -34 0 0 0 0 -49 0 0 0 -2 0 0 26 49 48 -21 23 37 0 0 0 46 -48 0 0 -6 36 0 0 15 0 0 -40 -44 -11 0 0 0 0 -50 32 0 -21 0 15 -41 0 0 0 18 0 6 0 47 48 -2 -49 -10 39 0 49 23 -38 -4 0 0 38 0 0 0 38 0 0 0 0 29 0 -23 0 0 35 0 0 24 0 19 0 0 0 -24 42 0 0 -46 -49 0 
19 38 0 6 13 0 0 -41 0 -21 -1 0 0 -15 0 -33 0 -40 23 -20 38 6 0 0 27 0 21 40 -13 0 15 0 0 5 0 0 0 0 0 -3 0 0 0 -41 0 28 4 0 0 48 -22 25 -8 -20 0 0 0 -48 -3 0 -21 0 0 0 0 -38 6 -40 -28 0 0 44 0 0 20 0 0 0 0 0 -20 -19 -1 0 0 0 0 18 39 -36 0 41 0 0 0 2 45 -33 0 -37 
0 0 -15 0 0 0 0 37 -19 0 17 -32 39 -28 -50 0 10 34 -50 42 0 -21 0 0 0 0 0 -4 -27 0 -30 32 0 -49 0 35 0 0 0 -27 -30 0 0 0 -47 0 -30 4 0 48 16 0 -29 0 50 0 0 -35 0 34 22 0 22 0 6 -4 -40 6 0 30 0 0 11 24 4 -40 17 0 0 0 -15 -7 -34 0 -19 15 8 9 7 34 -34 0 20 -20 -4 0 0 0 0 0 
36 -7 0 -28 0 0 0 30 -37 0 -19 -18 20 -18 0 0 0 4 0 33 0 0 20 0 46 0 12 -40 0 0 0 -12 0 -46 -25 0 0 -49 0 0 11 -16 -39 0 0 -24 0 0 0 -9 0 0 0 0 0 -12 -26 0 47 0 18 -40 0 -40 23 0 -28 0 42 18 6 22 0 -9 0 0 0 -23 0 0 27 21 0 0 0 -47 0 -48 0 -45 -20 0 38 0 0 -23 0 42 0 33 
-5 0 19 -41 34 0 0 -16 0 0 0 0 -16 45 0 -41 4 0 -19 0 0 -36 28 0 0 -11 33 0 0 42 -39 -42 7 13 0 0 -41 0 0 -4 21 31 0 -17 0 0 0 0 0 0 0 0 0 -3 -29 -45 -11 -28 -28 -36 0 -38 0 -45 -8 0 0 30 18 27 -38 27 0 2 0 -38 0 0 -18 0 -36 -42 0 12 0 0 -6 0 37 -26 0 0 -2 0 0 0 0 0 19 -2 
32 18 -37 0 0 0 33 0 41 -18 0 0 34 48 0 0 0 -31 0 0 0 4 -29 0 4 40 11 13 46 11 37 0 42 26 34 -44 50 -34 0 -44 -46 0 0 0 0 0 -28 0 -5 -45 0 0 0 -9 -8 0 0 0 0 -40 -35 0 0 0 -10 38 0 0 6 -38 5 -37 -8 13 3 11 0 0 0 50 -21 0 0 0 11 0 0 23 -12 -10 -37 -24 12 0 0 0 31 49 0 -48 
0 0 -1 -50 0 41 -7 -42 11 0 0 0 8 0 -28 0 0 -17 0 13 28 0 0 0 0 -48 -44 35 0 0 -24 35 6 -38 -17 10 27 -18 0 0 -6 13 17 -23 0 -35 36 2 -40 2 0 33 -48 -42 49 0 -13 27 -47 13 35 -1 0 0 -35 0 44 0 22 27 -37 47 -41 36 -47 -48 -15 9 31 0 0 25 25 -33 0 -5 0 3 32 24 35 0 0 0 -22 0 -21 0 -46 0 
46 0 0 46 0 0 -33 -14 0 -46 0 -44 -44 -26 -10 -15 33 0 -21 0 -15 -12 6 0 0 -30 0 0 0 0 38 0 1 0 0 0 0 48 -19 0 0 -20 -43 0 0 -45 24 -24 -35 0 46 -25 0 -23 0 39 0 30 0 7 0 15 -10 0 0 0 0 11 0 0 -8 -41 48 0 0 0 -4 47 -11 39 0 0 0 0 26 0 -10 -36 0 -12 -30 0 0 0 0 0 50 -4 0 14 
0 -5 -49 13 0 0 32 -42 0 -8 14 -40 0 0 11 11 0 0 0 -35 0 0 0 0 0 6 0 -41 48 21 0 22 -27 0 0 13 29 0 15 0 36 0 2 0 0 0 40 -41 0 0 0 -21 0 0 1 -30 0 -27 0 -39 0 7 0 0 -22 0 0 24 -9 2 13 36 0 20 0 -39 -42 -34 0 0 0 6 0 -12 -26 0 0 0 0 15 13 0 0 -35 0 0 20 0 0 0 
0 0 0 -18 0 -27 0 31 0 32 30 0 0 -34 0 0 -7 0 0 0 0 6 0 0 0 39 -22 9 41 -40 0 0 6 0 0 34 0 7 0 0 0 0 35 17 0 0 0 0 0 0 0 48 12 -27 0 5 0 -18 0 -9 -2 -36 -42 35 16 38 20 4 0 0 3 -47 0 0 11 -36 -38 1 16 0 -18 30 0 18 0 29 0 -41 -22 0 0 2 -18 -22 -33 0 -47 43 0 0 
-44 -12 35 50 0 0 0 -20 5 -5 29 41 43 0 0 25 0 -8 0 25 37 0 0 0 0 0 0 0 -46 -9 0 25 39 0 -24 9 25 0 15 -46 0 -49 -41 0 0 0 0 0 0 0 -50 -18 7 0 30 0 0 0 -7 -5 15 -46 0 0 -49 0 0 -40 0 -38 11 -48 0 -39 -36 25 0 -31 37 0 0 0 -18 24 -43 -5 0 -36 -25 32 0 10 1 49 0 0 43 0 6 26 
-35 -36 0 38 36 43 1 23 42 0 -24 30 -23 0 0 0 0 17 19 0 0 0 0 -22 18 -4 0 0 0 -3 0 23 0 0 0 4 0 0 0 7 16 0 0 0 0 0 45 -33 0 0 10 -9 26 26 0 -6 0 -31 0 0 14 3 36 0 14 0 0 17 0 0 0 -15 -4 -42 -38 0 5 0 -21 24 0 -50 19 -34 0 0 4 0 -6 0 0 0 12 -48 0 48 0 0 5 -35 
0 0 0 0 39 0 -16 0 0 2 -26 19 0 -9 0 -17 4 0 35 0 0 0 -23 -3 0 0 -7 0 32 -21 0 0 17 0 0 14 43 -9 0 -17 0 -15 0 -17 -19 0 0 24 0 0 -23 0 -48 0 0 0 0 0 -26 0 0 0 -41 0 0 0 0 0 -23 0 0 9 47 -34 1 -31 0 46 -49 0 1 40 0 0 7 0 0 0 0 27 0 0 13 0 0 -10 0 46 0 -16 
-22 0 -50 0 -18 -35 -36 0 0 0 0 -34 -1 0 0 32 3 -13 0 3 0 0 -43 -23 0 11 -30 0 22 -22 0 0 17 42 12 45 9 -2 0 0 0 0 0 -16 5 0 0 0 25 -8 0 -47 18 -5 0 12 0 0 -45 -33 -20 0 0 -30 0 0 0 0 0 -18 0 31 -11 0 16 37 -21 -49 2 39 0 0 -4 0 10 0 0 0 0 0 0 2 39 -46 0 35 -50 14 42 0 
0 0 0 -20 -44 -30 -49 30 49 0 0 0 0 -25 0 0 0 -27 0 47 0 46 -23 36 0 38 -1 0 -44 -2 -9 -49 0 -21 0 0 15 -45 -47 0 0 -27 -19 42 24 3 9 0 0 -12 13 0 48 0 3 0 0 0 -29 24 17 0 0 -10 0 29 0 0 0 0 50 0 39 0 0 0 24 0 39 15 0 36 0 37 0 0 0 13 0 0 0 0 -30 39 0 0 0 0 0 24 
0 18 0 26 0 -25 -11 0 -1 0 0 0 38 -27 47 3 37 24 44 0 47 0 -34 0 0 -25 0 -21 0 0 0 0 7 -14 0 0 3 25 -33 -49 0 0 -20 39 -48 2 -40 0 45 0 -12 0 0 30 0 0 32 20 45 -35 -28 -35 0 -27 -10 0 -20 -15 27 -36 -21 0 0 0 -18 0 0 1 0 0 26 -41 0 1 0 -21 11 0 0 17 0 -28 0 44 2 -9 -29 0 11 -3 
-33 12 -48 22 0 0 0 0 -29 0 0 7 5 -38 42 0 -43 0 28 23 20 0 0 0 0 0 44 0 4 -24 2 0 -37 0 0 -2 31 -33 0 0 0 0 0 29 23 0 0 -50 0 0 0 0 -14 0 12 0 -50 30 0 0 0 27 0 0 0 -23 -19 -7 21 -42 0 25 0 6 30 0 -50 40 0 36 -41 2 47 0 -46 -42 19 0 0 -31 0 -1 0 0 -23 31 31 37 29 0 
-43 -46 6 12 -37 0 -44 -25 -15 0 -15 49 -2 28 24 43 -2 -13 0 -21 0 0 0 0 -36 0 -2 0 -4 -24 0 0 0 13 -24 7 -31 0 28 -32 0 0 0 -7 -33 0 -3 0 3 0 -9 36 0 0 0 48 0 0 42 42 8 0 -32 -12 0 0 -1 -34 0 0 0 25 0 0 0 -18 19 0 -4 0 0 47 22 -37 0 36 15 0 -4 2 0 8 0 -7 0 -42 0 0 9 0 
0 0 48 0 0 0 36 0 -33 0 0 -10 16 15 0 0 0 0 1 0 -29 0 0 0 22 -19 0 46 28 24 25 0 0 46 0 -9 0 0 0 38 0 -4 0 0 0 31 -11 1 -8 0 32 -36 0 -45 0 -42 12 0 0 -40 -8 43 -12 0 17 0 0 0 0 12 0 -33 0 -12 18 24 -34 0 0 37 1 0 -37 15 0 0 0 47 0 0 0 8 -20 0 -50 0 0 -18 48 -50 
0 0 -21 -41 13 0 14 0 0 0 36 -24 39 0 -12 20 0 0 -24 -9 29 0 0 42 -48 0 0 0 36 4 0 0 28 0 0 33 -25 0 -10 0 -42 23 41 0 -41 -3 -26 0 0 0 0 -36 0 0 0 0 0 32 0 -13 29 0 0 0 0 35 0 -19 0 0 11 0 26 -26 0 -43 0 7 10 0 0 -46 0 0 35 0 0 26 -33 0 0 0 0 -44 0 5 0 11 0 0 
29 13 0 0 0 0 0 37 0 0 0 0 0 0 -33 0 0 0 41 0 0 0 0 -11 0 0 -3 0 -13 2 0 49 28 -1 0 0 -27 46 0 0 31 -35 0 -44 0 28 0 30 20 5 0 -20 -13 0 0 0 15 0 0 0 0 0 46 0 -38 0 0 15 -47 0 0 -5 0 0 29 -5 0 0 0 0 -21 -42 36 0 0 19 -12 -39 15 0 -22 -40 -14 -28 0 29 0 0 -39 7 
0 0 -41 -14 -25 0 0 0 39 0 0 37 -38 0 0 0 -25 -9 0 -34 42 1 -12 -27 9 -14 0 0 0 25 -21 0 0 0 -45 -2 -4 13 -49 0 -33 0 11 -7 -29 48 34 37 0 -39 -41 29 0 -11 0 7 50 42 50 -45 0 0 -26 45 0 0 0 8 0 -6 0 0 -10 0 0 0 4 0 0 0 11 19 15 0 0 -12 37 0 -38 42 0 -20 26 -47 0 0 0 42 14 -1 
0 0 0 0 0 38 26 0 46 0 -30 -17 44 0 0 29 36 0 0 3 -41 29 0 0 -38 0 -7 35 -3 35 0 10 2 -39 0 -22 -47 -17 0 30 0 -35 -12 -14 0 -39 1 0 0 -38 0 49 -31 0 6 0 0 0 0 -41 0 50 0 0 13 24 18 9 -48 0 23 3 -36 0 -41 -36 0 0 0 13 0 0 0 47 26 -39 0 43 41 -32 0 0 30 0 26 34 0 -1 0 -35 
49 0 49 22 28 0 0 -26 0 0 23 0 0 -15 0 -50 -22 -14 0 -9 0 0 -14 -41 0 1 0 0 0 40 -47 15 0 -36 0 0 -24 10 0 -3 0 0 0 0 0 0 -22 42 -16 0 0 -40 20 -16 -7 0 0 -35 -47 0 0 47 0 0 46 0 39 7 0 37 -12 32 0 0 -22 -25 -6 0 0 0 0 0 -4 0 -33 15 -38 41 43 0 25 0 0 -5 -43 -45 -49 0 -29 -2 
10 0 0 0 -31 0 -43 -50 0 0 0 0 -27 0 0 7 12 0 -29 -35 -13 0 42 0 0 0 32 0 10 0 34 0 47 18 23 46 -28 0 -6 -27 0 0 28 -46 -36 13 0 0 38 0 0 -45 -42 0 0 0 0 0 0 -33 0 -29 0 0 0 19 -36 34 -45 -26 -10 24 -12 15 0 32 0 27 0 0 17 -31 2 0 0 0 42 -32 0 12 -45 0 -31 -14 0 0 0 0 27 18 
0 50 0 0 0 30 8 25 -11 -35 41 -25 0 -21 0 0 7 48 0 -12 -32 0 0 -37 49 -33 41 0 0 0 0 14 0 0 49 0 12 0 24 0 -32 0 0 0 28 0 32 -23 0 -20 -1 0 0 0 0 49 -31 0 0 0 0 0 0 0 0 0 0 -34 -20 0 -37 35 -30 13 0 0 0 0 0 0 0 0 0 0 0 -22 0 0 25 -45 29 -44 0 42 0 40 48 0 40 0 
0 0 33 0 24 0 -24 0 27 0 0 24 2 -23 -13 -31 0 18 7 11 0 0 0 -41 -2 28 0 0 0 17 -24 0 3 0 0 -15 0 1 -30 25 0 0 14 -3 0 43 0 -44 0 9 -34 -29 0 0 -46 -10 0 0 -28 0 0 0 -22 26 0 0 41 0 0 0 -24 0 0 0 2 10 0 0 2 0 -28 -1 8 8 0 -40 -20 0 0 0 -44 21 -48 0 0 26 -22 0 22 0 
0 0 0 46 -10 14 46 0 43 0 0 18 0 0 0 -32 0 29 -8 0 19 -38 -49 0 50 40 -39 0 15 -5 0 0 -11 -16 5 0 0 -7 -46 -1 0 0 26 0 0 -21 0 0 47 0 6 42 -27 31 25 0 0 0 -35 0 32 -10 0 -20 22 0 0 20 38 -2 12 0 0 0 -18 1 12 13 39 -30 0 0 0 -20 0 -14 26 30 0 -31 0 -48 33 0 0 -11 0 0 0 0 
0 -35 5 0 -27 -32 -26 -43 -34 0 14 0 -12 0 -4 33 28 -1 31 -43 0 -17 24 -40 0 38 -38 -36 0 0 -39 0 0 0 27 0 0 -43 0 23 0 0 -15 0 0 0 0 29 8 0 -29 35 0 47 0 25 0 43 -26 34 42 -41 0 0 0 -24 0 -20 0 0 0 0 0 -35 -22 49 -48 0 -46 39 44 0 -7 0 -44 -28 -47 0 -5 -14 42 0 0 18 0 0 0 0 0 0 
9 0 0 0 46 -2 0 0 0 0 -10 0 0 0 0 0 49 -42 0 0 0 0 10 0 0 0 18 -15 32 -20 0 0 50 0 -27 0 4 17 0 0 3 11 43 -7 0 0 27 -25 0 0 -37 0 -46 0 -20 0 50 37 0 50 -41 0 -3 0 -30 42 0 -4 0 0 0 -22 0 0 -33 0 0 0 0 0 2 -23 0 -50 0 0 0 26 -43 0 0 0 0 0 43 -31 8 -23 23 0 
0 0 0 0 44 0 0 0 22 7 0 37 -22 0 0 0 0 16 0 25 8 -31 0 2 0 23 18 38 -47 2 26 -27 0 29 35 0 -10 -11 -28 0 -22 -28 20 -12 -24 9 -4 0 -19 0 22 -3 0 40 -2 0 0 0 -37 50 3 0 0 0 0 0 2 0 -23 0 0 0 0 0 0 0 48 -10 35 0 -9 31 -42 0 5 29 0 34 -45 0 40 26 -11 0 -31 2 -43 -9 -11 0 
0 5 -45 -7 17 -27 7 -12 -25 0 16 0 0 -3 0 0 0 0 0 17 21 0 5 0 0 0 0 0 -32 45 7 -23 21 26 24 -7 -40 0 0 -36 -34 19 19 -36 0 0 -45 11 7 -46 -14 3 45 0 -29 0 0 0 0 0 0 28 0 -49 16 0 45 0 0 0 31 -21 50 20 -47 43 0 0 -50 0 -29 31 0 0 0 0 0 0 -49 0 48 -22 0 0 8 -43 10 0 0 45 
-3 0 0 0 0 0 0 0 0 47 0 30 0 0 0 0 3 -17 -46 0 0 0 9 32 -47 0 0 -30 -2 2 0 0 36 0 0 0 9 5 29 0 0 44 0 -19 0 0 42 25 20 -8 49 -30 -37 0 0 -1 34 0 -2 0 -23 2 0 -45 0 -46 -33 0 42 0 49 0 -4 0 43 0 0 46 14 0 0 37 0 -18 11 0 42 -1 0 0 0 0 0 0 -23 -9 0 21 -14 23 
0 0 0 0 0 -11 0 0 29 0 0 -33 47 46 -6 0 0 31 0 -40 0 0 0 0 -10 14 0 0 26 0 33 25 -30 0 0 0 0 39 -28 0 21 0 0 0 0 27 0 0 -34 -45 0 0 0 0 24 0 41 0 0 -26 31 0 -2 -8 0 -49 0 0 0 19 0 -46 0 0 0 6 5 0 42 0 11 29 9 48 0 -39 14 0 -29 27 40 22 0 0 23 -11 0 -14 44 0 
-19 0 -34 49 -11 0 -33 0 20 9 0 -39 0 0 -35 0 10 43 0 0 0 0 50 -44 0 0 -49 -32 0 3 22 0 -40 0 0 12 0 0 42 0 0 0 36 5 -45 29 0 -6 0 0 3 48 0 -25 -13 0 -34 13 0 0 21 0 41 0 -34 0 -37 0 33 -2 -48 0 14 0 0 26 -35 -16 0 24 -3 0 0 -50 0 7 -1 -35 -2 18 0 0 0 0 0 0 45 23 0 43 
