90
25 19 -50 30 -2 -28 -36 20 23 15 4 -22 1 12 -32 -48 9 42 50 32 44 17 22 -49 30 30 -46 38 23 17 49 -40 18 4 -39 4 9 50 -9 48 46 -17 13 46 -9 9 -5 -42 -38 -49 34 -48 -37 -43 5 -4 -8 20 -15 -42 -43 32 1 9 12 25 -2 -24 -30 -25 -13 18 -12 -17 -46 -3 18 -34 -8 -27 -38 49 -1 11 22 -27 -48 -40 22 -49 
35 -20 -16 38 0 -47 19 0 0 0 -23 3 0 31 8 -44 0 44 48 30 -3 0 0 0 28 22 0 0 0 0 -38 -18 -14 11 0 -18 0 -21 -20 37 -36 -11 0 -22 47 0 5 0 22 0 31 0 -40 15 0 0 -43 -27 -2 0 0 47 3 37 0 -9 3 -18 50 0 -30 0 49 -45 0 -33 0 -6 0 11 38 18 0 6 -1 0 -8 32 50 11 
-20 7 4 17 0 38 0 -21 -9 -36 0 0 0 37 0 13 0 0 48 0 -28 0 0 0 12 0 0 -48 -27 -14 -20 0 20 1 -26 0 -37 0 50 0 40 0 0 0 0 0 0 43 44 0 0 -32 0 -50 -46 13 0 33 0 0 -31 7 0 0 0 -19 0 13 24 0 0 0 0 -19 0 24 9 4 24 0 -25 0 0 0 0 0 0 1 -11 0 
-16 4 21 6 19 -8 25 -49 0 0 47 41 -48 0 0 26 0 0 0 0 0 0 0 0 4 2 0 0 42 29 0 33 31 36 0 0 -17 -44 0 0 0 0 0 0 47 -32 -34 44 0 0 0 0 -8 0 -31 0 0 5 0 -37 24 0 0 -14 0 8 -13 22 0 30 0 8 0 -2 0 0 -22 0 11 42 17 49 0 0 -39 0 43 17 0 0 
38 17 6 17 0 0 0 0 -45 -34 0 0 -48 0 -1 -24 0 0 0 0 42 0 0 0 46 36 0 0 0 49 0 0 4 0 46 0 11 0 43 3 0 19 0 26 13 0 0 0 0 0 0 45 -20 20 14 -45 47 0 -50 -29 0 0 -42 50 -44 6 0 -33 0 -50 0 0 0 0 50 0 -40 -32 9 19 -29 12 0 0 12 -29 0 8 0 13 
0 0 19 0 47 0 0 -24 0 0 0 43 36 -44 0 0 -1 0 0 -25 0 0 -15 21 0 0 0 17 0 7 -37 -25 36 0 0 0 0 33 0 0 33 -37 0 0 0 0 0 0 -8 -9 18 0 0 -44 0 0 0 -15 24 -23 0 -41 0 42 0 1 0 -6 -29 50 -14 0 0 -21 -8 43 0 0 0 0 7 2 0 -30 0 -4 -4 -8 43 36 
-47 38 -8 0 0 21 29 -45 0 25 45 0 0 -46 0 14 0 5 0 0 -39 0 -34 45 0 0 0 0 34 29 12 0 0 -3 50 0 0 0 9 37 -14 -17 0 0 -45 8 0 23 44 0 49 0 0 20 0 -10 -30 0 -2 38 -9 0 -48 44 39 -35 31 42 0 0 0 0 -15 0 8 14 4 40 26 0 0 28 0 0 43 28 0 0 5 0 
19 0 25 0 0 29 28 0 0 0 8 0 0 -28 -49 0 0 0 9 0 0 0 0 -24 0 13 -41 42 43 3 -4 -37 9 0 2 -43 35 10 -20 0 43 43 0 0 -4 0 40 0 0 0 41 0 -3 -31 26 17 0 0 35 -32 42 -14 0 0 0 0 0 -15 -27 19 0 0 -4 42 0 -32 37 0 -8 0 -14 0 -47 15 0 18 -33 0 31 -37 
0 -21 -49 0 -24 -45 0 45 0 0 -27 -37 0 0 -1 0 0 -1 0 0 0 15 -13 -7 -35 -50 -5 0 0 0 33 0 0 0 7 -15 -49 0 -26 18 -1 0 -43 -6 0 -42 45 -24 6 7 0 -21 21 12 -13 5 0 0 0 0 0 0 7 8 0 15 3 -13 41 0 17 -30 -44 0 48 -11 0 5 24 0 0 0 0 0 18 33 0 0 -31 0 
0 -9 0 -45 0 0 0 0 14 0 0 0 -22 0 0 -44 0 0 0 0 -25 0 0 14 12 0 48 -2 -38 5 -16 0 43 0 13 0 0 0 0 0 39 0 -49 -28 -11 0 0 -25 0 0 0 0 35 0 -9 49 9 15 0 0 0 0 0 0 0 0 0 8 0 0 -43 -35 41 0 0 30 0 -38 0 23 -15 -46 0 0 -49 0 0 13 0 0 
0 -36 0 -34 0 25 0 0 0 19 0 0 0 -43 0 0 47 9 0 0 0 0 0 0 0 2 48 0 0 26 0 36 11 14 0 4 0 0 0 38 -20 0 0 0 19 27 -30 30 0 35 -28 0 0 13 -18 0 -31 0 1 -48 -41 30 0 -50 0 0 -5 -24 -34 -26 0 0 0 0 0 -42 0 27 49 -18 0 48 -35 -25 0 0 0 0 38 50 
-23 0 47 0 0 45 8 -27 0 0 44 26 0 0 49 0 -38 31 0 0 12 0 0 0 0 0 0 0 -30 0 -3 19 0 0 0 0 0 39 48 35 0 0 35 41 0 0 0 0 0 0 35 1 0 17 47 -36 0 -17 -22 0 -38 0 0 34 -39 0 0 0 0 0 -2 0 0 10 10 0 0 0 0 0 0 25 0 0 0 16 0 0 0 0 
3 0 41 0 43 0 0 -37 0 0 26 31 0 0 0 0 1 40 0 0 -40 27 -6 0 0 -26 0 0 -10 37 13 1 -49 -7 21 38 0 0 0 0 -39 0 0 0 32 0 0 28 0 -47 44 27 -32 3 0 0 -24 -38 -22 0 0 0 -39 -40 0 -30 -14 0 0 0 0 -33 24 -1 -20 0 -25 0 -27 0 0 -25 0 0 0 -28 0 0 0 -47 
0 0 -48 -48 36 0 0 0 -22 0 0 0 16 -25 5 0 45 0 17 0 0 0 0 35 0 44 0 0 23 36 0 47 44 0 0 -23 -27 -28 0 -35 0 0 -15 0 -45 -42 0 0 42 43 12 0 49 -49 0 0 0 -27 2 -3 0 0 -18 0 -8 0 0 -32 38 -20 0 0 -33 41 0 -25 -28 2 -10 0 -36 -20 -45 40 -15 -24 8 14 0 -47 
31 37 0 0 -44 -46 -28 0 0 -43 0 0 -25 38 0 -27 0 29 -12 -16 -35 -25 0 33 0 0 0 0 15 0 29 -40 28 0 3 5 -8 0 0 0 0 0 -25 38 44 0 3 0 0 -13 0 -30 -22 -32 0 27 -47 0 0 0 -28 0 0 0 0 0 34 19 0 0 0 0 -35 -2 -29 0 -8 0 20 3 0 49 0 0 7 33 0 0 19 0 
8 0 0 -1 0 0 -49 -1 0 0 49 0 5 0 1 0 -33 0 -10 -12 0 0 -25 0 -25 0 -49 6 0 26 16 -49 -16 0 -13 17 0 -37 -2 0 0 -24 0 0 0 -42 0 0 0 0 0 -30 0 0 26 46 -17 -28 0 38 -19 0 0 -13 0 0 0 11 18 0 -2 0 0 0 0 0 23 24 0 0 0 0 -29 0 0 0 0 45 13 0 
-44 13 26 -24 0 14 0 0 -44 0 0 0 0 -27 0 25 -37 -8 12 49 0 30 25 -43 -38 0 -1 0 10 0 -7 0 22 0 23 -41 -3 35 17 0 12 48 0 -16 45 17 0 49 0 49 -4 10 0 0 0 0 31 18 9 0 -20 0 -42 0 -11 0 0 32 -17 -40 15 -26 0 0 -6 49 -1 0 -5 0 0 0 0 -10 0 0 -14 37 0 0 
0 0 0 0 -1 0 0 0 0 47 -38 1 45 0 -33 -37 35 0 48 31 0 29 -45 -44 0 -42 0 36 0 0 0 0 0 0 -5 0 28 0 21 0 0 16 -4 -6 0 40 -7 44 0 4 3 0 -19 0 2 0 -14 -32 -35 0 0 0 5 0 3 0 0 17 19 42 -12 25 23 0 0 -20 18 0 -8 50 -12 0 -9 44 8 -8 0 0 -5 -39 
44 0 0 0 0 5 0 -1 0 9 31 40 0 29 0 -8 0 5 0 0 25 0 0 -39 -24 -19 -4 25 0 -50 0 0 0 50 0 -12 0 0 0 0 -44 -29 -48 -34 -3 0 35 0 0 0 -38 46 10 49 0 0 0 0 23 44 -17 -48 0 35 26 0 44 -20 -2 -40 0 39 0 0 0 0 0 -37 0 0 9 -3 -38 -35 0 0 0 0 19 0 
48 48 0 0 0 0 9 0 0 0 0 0 17 -12 -10 12 48 0 47 0 2 -36 30 26 0 11 -49 28 0 0 0 0 19 -30 0 0 -1 10 0 0 0 0 0 19 0 0 0 -29 4 -3 0 0 0 0 -49 43 36 0 0 14 0 0 0 0 0 0 0 14 29 -15 -30 3 -42 21 16 -4 -50 0 0 0 0 0 0 0 6 12 44 0 -5 15 
30 0 0 0 -25 0 0 0 0 0 0 0 0 -16 -12 49 31 0 0 44 0 0 -48 25 49 32 0 31 23 0 0 0 -8 -40 -23 0 46 0 0 -7 27 -11 0 0 -49 0 22 0 0 27 0 0 0 25 30 0 0 0 -9 0 0 -12 13 0 49 15 0 0 -22 8 20 12 -10 0 -39 0 13 33 45 0 0 0 0 -43 0 0 23 0 31 0 
-3 -28 0 42 0 -39 0 0 -25 0 12 -40 0 -35 0 0 0 25 2 0 15 0 0 -5 3 20 49 -29 0 0 35 0 -15 0 -8 38 0 0 26 50 9 0 30 0 -49 25 13 31 0 0 0 0 0 0 0 0 -29 0 0 0 0 0 15 43 0 0 0 0 0 0 0 -29 26 0 18 -3 34 0 5 0 -50 0 0 0 0 0 0 0 0 -15 
0 0 0 0 0 0 0 15 0 0 0 27 0 -25 0 30 29 0 -36 0 0 23 0 -3 41 7 -16 0 29 0 7 0 13 -22 -21 0 0 25 0 50 -12 6 -19 13 0 -19 15 -21 48 17 30 3 43 -1 0 0 0 21 29 -5 -27 0 0 0 -47 0 0 26 0 24 0 0 30 0 0 0 0 7 0 0 -32 12 27 0 -7 0 16 0 0 0 
0 0 0 0 -15 -34 0 -13 0 0 0 -6 0 0 -25 25 -45 0 30 -48 0 0 21 0 -7 -45 0 24 34 0 0 15 0 21 0 0 0 0 0 0 -26 0 0 2 0 0 -21 0 -17 3 0 0 0 -11 26 0 -2 0 0 0 39 33 0 0 -15 0 0 0 0 0 36 0 0 -13 36 0 -14 9 0 0 0 0 0 -43 0 0 0 0 0 0 
0 0 0 0 21 45 -24 -7 14 0 0 0 35 33 0 -43 -44 -39 26 25 -5 -3 0 29 0 17 0 0 -11 0 0 -18 0 0 0 3 40 0 -33 -43 -20 20 0 0 28 0 0 0 0 0 0 0 -20 -4 0 0 0 -26 0 0 26 13 0 20 0 0 0 0 0 0 0 34 0 0 36 34 5 -28 0 36 0 0 0 -39 14 0 22 -50 32 12 
28 12 4 46 0 0 0 -35 12 0 0 0 0 0 -25 -38 0 -24 0 49 3 41 -7 0 30 2 -38 -29 -42 27 35 -9 0 -31 17 6 -27 26 -18 -38 0 0 0 0 -26 0 0 0 0 29 -24 -40 0 3 0 11 47 0 0 0 -47 0 38 32 0 -17 0 0 -25 25 0 0 -41 -4 -42 0 -39 0 0 4 18 0 27 0 -40 0 0 -47 0 0 
22 0 2 36 0 0 13 -50 0 2 0 -26 44 0 0 0 -42 -19 11 32 20 7 -45 17 2 51 0 -36 0 0 20 -9 -35 0 28 0 0 -17 0 0 0 0 0 -25 -31 27 0 0 0 0 4 27 13 6 0 42 -40 19 0 0 0 0 0 -34 0 0 0 -36 0 0 0 0 39 0 0 0 -32 0 0 -38 31 10 0 -12 0 0 -8 0 9 0 
0 0 0 0 0 0 -41 -5 48 48 0 0 0 0 -49 -1 0 -4 -49 0 49 -16 0 0 -38 0 44 -48 3 0 0 0 0 30 -42 17 0 0 0 50 0 0 0 -46 37 0 44 50 -12 0 -3 0 33 8 0 -22 31 -34 0 -27 0 12 0 0 22 0 0 21 0 0 0 0 12 48 -49 0 -47 0 0 44 -33 -25 0 -9 27 0 0 -2 0 0 
0 -48 0 0 17 0 42 0 -2 0 0 0 0 0 6 0 36 25 28 31 -29 0 24 0 -29 -36 -48 3 -37 20 0 49 0 3 30 28 37 0 0 0 18 11 0 -1 19 -2 0 -21 -21 -3 0 0 24 0 0 -5 15 0 0 0 -18 0 0 0 49 0 19 -11 -6 1 -47 0 -41 0 -41 39 0 -37 0 15 0 0 6 0 0 12 0 46 0 -28 
0 -27 42 0 0 34 43 0 -38 0 -30 -10 23 15 0 10 0 0 0 23 0 29 34 -11 -42 0 3 -37 29 28 0 0 -4 15 27 39 0 0 -40 -11 0 0 21 -22 -49 0 0 49 0 0 0 0 -2 16 0 0 -34 0 16 0 0 23 -19 38 0 0 0 44 11 -1 0 0 0 0 -33 -14 0 -18 -47 3 0 -35 43 40 7 -37 0 -44 0 0 
0 -14 29 49 7 29 3 0 5 26 0 37 36 0 26 0 0 -50 0 0 0 0 0 0 27 0 0 20 28 7 0 36 0 -27 -29 0 0 0 -13 6 -33 0 11 0 0 0 33 24 0 0 0 13 0 50 0 0 0 0 0 0 -42 0 -21 0 0 0 -50 33 21 -36 0 7 18 0 0 -22 -44 0 0 -21 0 0 0 44 0 -19 0 0 0 -43 
-38 -20 0 0 -37 12 -4 33 -16 0 -3 13 0 29 16 -7 0 0 0 0 35 7 0 0 35 20 0 0 0 0 23 0 -16 -12 -10 0 0 0 32 0 35 0 0 -23 0 36 13 0 -14 0 0 -48 -34 45 0 0 0 0 0 0 0 -42 11 27 0 4 18 0 33 8 0 0 0 45 48 4 31 0 0 21 0 -24 0 0 0 0 1 0 0 0 
-18 0 33 0 -25 0 -37 0 0 36 19 1 47 -40 -49 0 0 0 0 0 0 0 15 -18 -9 -9 0 49 0 36 0 6 35 48 16 -29 10 0 0 -8 0 24 0 0 0 40 0 0 0 19 0 0 0 0 0 -5 37 -36 12 -16 0 0 -25 17 -28 38 0 39 -15 -34 6 0 0 -46 37 -13 -40 -29 -40 0 44 0 0 -40 18 0 0 0 0 -12 
-14 20 31 4 36 0 9 0 43 11 0 -49 44 28 -16 22 0 0 19 -8 -15 13 0 0 0 -35 0 0 -4 0 -16 35 38 28 -35 -18 0 -38 0 41 0 27 -42 20 -48 -42 0 42 0 0 0 -7 0 0 0 0 0 4 -18 -19 1 -47 -19 -39 -12 0 0 30 31 0 15 26 -43 -30 0 0 18 -33 0 22 -45 0 0 14 0 0 0 12 0 0 
11 1 36 0 0 -3 0 0 0 14 0 -7 0 0 0 0 0 50 -30 -40 0 -22 21 0 -31 0 30 3 15 -27 -12 48 28 26 -39 20 -37 0 -42 32 28 0 3 13 0 0 26 0 0 31 0 0 -5 0 0 0 -27 0 0 0 0 0 -1 0 1 32 -43 10 38 0 38 0 0 0 0 -26 -41 0 0 -40 0 25 -12 0 -1 -3 35 0 -9 47 
0 -26 0 46 0 50 2 7 13 0 0 21 0 3 -13 23 -5 0 0 -23 -8 -21 0 0 17 28 -42 30 27 -29 -10 16 -35 -39 30 0 0 -38 -4 19 0 -23 30 -22 0 0 0 0 0 0 0 0 0 0 -42 0 26 0 -1 0 -49 28 0 0 0 -47 0 19 0 0 -21 0 0 34 -40 -43 -46 24 0 26 3 -12 4 0 0 0 0 11 0 0 
-18 0 0 0 0 0 -43 -15 0 4 0 38 -23 5 17 -41 0 -12 0 0 38 0 0 3 6 0 17 28 39 0 0 -29 -18 20 0 50 0 0 -48 48 0 0 0 44 0 -33 0 0 27 -29 18 -33 0 26 0 -1 0 0 0 -1 0 -18 0 9 -16 47 -23 6 0 34 0 0 16 25 0 0 0 0 0 31 -2 39 0 0 0 50 -19 0 22 0 
0 -37 -17 11 0 0 35 -49 0 0 0 0 -27 -8 0 -3 28 0 -1 46 0 0 0 40 -27 0 0 37 0 0 0 10 0 -37 0 0 32 -30 0 -32 9 0 36 0 0 0 -37 10 16 27 -37 -25 0 0 0 0 0 37 -31 0 -24 -46 48 -33 3 -44 -41 34 0 -6 0 0 0 0 0 -9 27 32 37 -42 0 0 -46 0 7 0 0 16 -12 0 
-21 0 -44 0 33 0 10 0 0 0 39 0 -28 0 -37 35 0 0 10 0 0 25 0 0 26 -17 0 0 0 0 0 0 -38 0 -38 0 -30 51 0 0 0 5 0 0 0 -19 -33 13 0 50 16 33 0 3 0 -47 -9 -45 34 -47 0 0 4 -20 0 0 -34 29 0 0 0 12 42 13 0 -20 1 32 0 0 0 -48 0 0 -16 41 49 -10 -13 0 
-20 50 0 43 0 9 -20 -26 0 0 48 0 0 0 -2 17 21 0 0 0 26 0 0 -33 -18 0 0 0 -40 -13 32 0 0 -42 -4 -48 0 0 48 0 4 0 0 44 0 11 28 32 23 41 -16 0 0 -11 0 -2 0 6 0 0 -50 0 47 -11 0 0 32 -19 26 -38 41 0 -12 0 14 40 -31 0 0 21 38 48 -21 15 0 0 -41 0 42 0 
37 0 0 3 0 37 0 18 0 38 35 0 -35 0 0 0 0 0 0 -7 50 50 0 -43 -38 0 50 0 -11 6 0 -8 41 32 19 48 -32 0 0 29 11 0 -45 0 6 0 -26 -46 4 -6 -27 0 0 40 38 13 0 0 0 0 0 -40 0 0 0 0 0 0 27 0 0 0 0 -7 0 0 -36 0 0 0 0 0 37 14 0 -40 -2 35 0 0 
-36 40 0 0 33 -14 43 -1 39 -20 0 -39 0 0 0 12 0 -44 0 27 9 -12 -26 -20 0 0 0 18 0 -33 35 0 0 28 0 0 9 0 4 11 48 0 -19 -23 0 0 0 -35 0 0 0 -32 -10 23 20 -25 -40 -23 -24 39 -35 0 -6 0 12 -7 0 0 0 0 0 0 -5 0 0 -41 0 27 0 0 34 0 0 0 0 -29 -25 49 -33 0 
-11 0 0 19 -37 -17 43 0 0 0 0 0 0 0 -24 48 16 -29 0 -11 0 6 0 20 0 0 0 11 0 0 0 24 27 0 -23 0 0 5 0 0 0 28 -21 0 0 0 0 46 42 0 0 0 0 0 0 -39 0 -11 0 43 0 0 3 0 -42 8 21 0 0 -27 0 0 0 -36 -19 -23 45 0 0 0 -17 -4 19 1 -27 1 0 0 30 0 
0 0 0 0 0 0 0 -43 -49 0 35 0 -15 -25 0 0 -4 -48 0 0 30 -19 0 0 0 0 0 0 21 11 0 0 -42 3 30 0 36 0 0 -45 -19 -21 36 -6 0 0 0 15 0 1 2 4 0 0 0 -48 37 1 -1 -43 23 0 0 -27 -43 0 -45 0 44 47 0 0 3 -27 -27 -36 0 0 0 -43 -26 34 0 8 -17 -6 0 -20 0 0 
-22 0 0 26 0 0 0 -6 -28 0 41 0 0 38 0 -16 -6 -34 19 0 0 13 2 0 0 -25 -46 -1 -22 0 -23 0 20 13 -22 44 0 0 44 0 -23 0 -6 31 0 0 0 0 27 0 0 0 -10 -36 -23 0 0 43 0 -15 0 -47 -31 0 0 0 -26 0 -50 0 -18 34 0 -35 -7 44 11 0 -7 0 0 -47 0 0 29 6 0 -29 -39 -2 
47 0 47 13 0 -45 -4 0 -11 19 0 32 -45 44 0 45 0 -3 0 -49 -49 0 0 28 -26 -31 37 19 -49 0 0 0 -48 0 0 0 0 0 0 6 0 0 0 0 24 47 45 -30 6 -31 0 -33 -8 -50 0 0 0 0 16 0 0 -28 0 0 0 0 0 -34 1 0 -44 27 0 42 0 21 0 0 0 31 0 0 0 34 0 34 27 0 0 41 
0 0 -32 0 0 8 0 -42 0 27 0 0 -42 0 -42 17 40 0 0 0 25 -19 0 0 0 27 0 -2 0 0 36 40 -42 0 0 -33 0 -19 11 0 0 0 0 0 47 46 30 -46 8 -35 -22 -36 16 0 0 -48 20 0 -31 -7 -27 19 0 -25 29 0 0 0 0 -45 -15 9 0 7 0 0 0 -6 -37 0 -13 30 -34 0 20 -27 0 0 0 0 
5 0 -34 0 0 0 40 45 0 -30 0 0 0 3 0 0 -7 35 0 22 13 15 -21 0 0 0 44 0 0 33 13 0 0 26 0 0 -37 -33 28 -26 0 0 0 0 45 30 13 0 15 6 0 0 12 0 0 -5 30 8 0 0 44 0 0 0 42 -18 21 0 -21 -30 0 0 0 0 0 0 -14 38 -39 21 31 9 0 -8 20 0 -11 0 -40 0 
0 43 44 0 0 23 0 -24 -25 30 0 28 0 0 0 49 44 0 -29 0 31 -21 0 0 0 0 50 -21 49 24 0 0 42 0 0 0 10 13 32 -46 -35 46 15 0 -30 -46 0 28 0 0 -25 -28 0 0 0 0 0 37 14 0 0 -20 0 -40 38 -21 0 -3 30 0 0 37 0 25 23 24 12 41 0 17 0 50 0 42 6 -48 0 -28 0 40 
22 44 0 0 -8 44 0 6 0 0 0 0 42 0 0 0 0 0 4 0 0 48 -17 0 0 0 -12 -21 0 0 -14 0 0 0 0 27 16 0 23 4 0 42 0 27 6 8 15 0 28 -43 37 18 -50 0 48 12 -18 -40 0 -48 0 0 46 27 -13 0 -14 0 -1 0 0 0 0 40 0 50 0 -15 0 0 0 17 26 11 0 6 0 0 14 -41 
0 0 0 0 -9 0 0 7 0 35 0 -47 43 -13 0 49 4 0 -3 27 0 17 3 0 29 0 0 -3 0 0 0 19 0 31 0 -29 27 50 41 -6 0 0 1 0 -31 -35 6 0 -43 46 6 -9 -18 0 0 0 -14 -10 0 0 -33 0 0 0 -41 0 0 0 0 -19 20 -8 -24 8 0 48 7 0 46 1 0 -34 0 -19 -25 -36 0 0 19 -26 
31 0 0 0 18 49 41 0 0 -28 35 44 12 0 0 -4 3 -38 0 0 0 30 0 0 -24 4 -3 0 0 0 0 0 0 0 0 18 -37 16 -16 -27 0 0 2 0 0 -22 0 -25 37 6 19 -12 10 -13 16 1 0 -41 0 0 0 0 0 30 16 0 39 0 0 -8 0 -14 -27 -14 -35 0 34 0 20 15 0 0 0 0 0 25 0 0 -15 -4 
0 -32 0 45 0 0 0 -21 0 0 1 27 0 -30 -30 10 0 46 0 0 0 3 0 0 -40 27 0 0 0 13 -48 0 -7 0 0 -33 -25 33 0 0 -32 0 4 0 -33 -36 0 -28 18 -9 -12 25 0 0 0 0 16 -18 -19 0 -20 0 36 0 38 -31 0 4 -33 12 37 7 0 10 -4 0 0 0 0 14 0 0 39 0 -26 0 9 21 -22 6 
-40 0 -8 -20 0 0 -3 21 35 0 0 -32 49 -22 0 0 -19 10 0 0 0 43 0 -20 0 13 33 24 -2 0 -34 0 0 -5 0 0 0 0 0 0 -10 0 0 -10 -8 16 12 0 -50 -18 10 0 22 0 0 11 -8 0 0 0 -31 19 0 -39 -15 0 0 0 -1 0 25 0 -35 -21 0 -32 0 -46 0 37 0 35 0 0 41 38 0 -3 -4 -14 
15 -50 0 20 -44 20 -31 12 0 13 17 3 -49 -32 0 0 0 49 0 25 0 -1 -11 -4 3 6 8 0 16 50 45 0 0 0 0 26 0 3 -11 40 23 0 0 -36 -50 0 0 0 0 0 -13 0 0 40 -40 -50 -15 25 17 0 1 -22 0 0 5 0 7 46 0 -42 -40 0 0 -50 -10 30 -32 -2 0 30 -10 4 -44 27 0 0 0 0 0 17 
0 -46 -31 14 0 0 26 -13 -9 -18 47 0 0 0 26 0 2 0 -49 30 0 0 26 0 0 0 0 0 0 0 0 0 0 0 -42 0 0 0 0 38 20 0 0 -23 0 0 0 0 48 0 16 0 0 -40 41 -2 -32 -47 0 0 0 0 0 12 -33 -25 0 18 -34 0 0 0 -21 -46 46 29 0 0 0 -17 42 48 0 0 0 0 0 3 46 -16 
0 13 0 -45 0 -10 17 5 49 0 -36 0 0 27 46 0 0 0 43 0 0 0 0 0 11 42 -22 -5 0 0 0 -5 0 0 0 -1 0 -47 -2 13 -25 -39 -48 0 0 -48 -5 0 12 0 1 0 11 -50 -2 37 5 -35 41 -24 0 0 22 0 0 0 0 -40 -29 0 0 25 0 0 0 -25 4 0 45 0 0 0 0 0 30 29 0 -4 0 0 
-43 0 0 47 0 -30 0 0 9 -31 0 -24 0 -47 -17 31 -14 0 36 0 -29 0 -2 0 47 -40 31 15 -34 0 0 37 0 -27 26 0 0 -9 0 0 -40 0 37 0 0 20 30 0 -18 -14 0 16 -8 -15 -32 5 23 26 45 0 26 -21 21 47 9 0 32 -17 -14 -17 28 0 0 0 0 7 -18 -43 0 0 0 0 -9 32 17 0 -26 39 0 0 
-27 33 5 0 -15 0 0 0 15 0 -17 -38 -27 0 -28 18 -32 0 0 0 0 21 0 -26 0 19 -34 0 0 0 0 -36 4 0 0 0 37 -45 6 0 -23 -11 1 43 0 0 8 37 -40 -10 -41 -18 0 25 -47 -35 26 16 0 0 0 -7 28 0 -36 6 9 -27 39 0 36 -48 20 0 0 0 -50 4 -9 43 45 35 0 0 0 0 -27 -7 0 15 
-2 0 0 -50 24 -2 35 0 0 1 -22 -22 2 0 0 9 -35 23 0 -9 0 29 0 0 0 0 0 0 16 0 0 12 -18 0 -1 0 -31 34 0 0 -24 0 -1 0 16 -31 0 14 0 0 0 -19 0 17 0 41 45 0 44 0 0 14 -30 27 32 0 0 0 0 14 0 19 0 0 0 0 0 0 -5 0 0 0 -47 0 0 0 -26 0 1 23 
0 0 -37 -29 -23 38 -32 0 0 -48 0 0 -3 0 38 0 0 44 14 0 0 -5 0 0 0 0 -27 0 0 0 0 -16 -19 0 0 -1 0 -47 0 0 39 43 -43 -15 0 -7 0 0 -48 0 0 0 0 0 0 -24 0 0 0 46 40 0 0 0 2 0 0 0 35 0 0 0 0 0 34 0 0 39 -17 -5 0 -32 -26 3 2 0 0 8 0 0 
0 -31 24 0 0 -9 42 0 0 -41 -38 0 0 -28 -19 -20 0 -17 0 0 0 -27 39 26 -47 0 0 -18 0 -42 0 0 1 0 -49 0 -24 0 -50 0 -35 0 23 0 0 -27 44 0 0 -33 0 -20 -31 1 0 0 26 0 0 40 13 -42 39 0 -22 -10 11 0 22 -19 -9 0 21 0 39 -48 -3 0 17 24 -12 -42 0 0 0 -19 0 0 -2 0 
47 7 0 0 -41 0 -14 0 0 30 0 0 0 0 0 0 0 -48 0 -12 0 0 33 13 0 0 12 0 23 0 -42 0 -47 0 28 -18 -46 0 0 -40 0 0 0 -47 -28 19 0 -20 0 0 0 0 19 -22 0 0 -21 -7 14 0 -42 17 44 0 0 -26 50 0 0 43 0 0 -45 0 -21 0 0 -27 10 -30 44 -25 0 0 0 27 30 19 0 0 
3 0 0 -42 0 -48 0 7 0 0 0 -39 -18 0 0 -42 5 0 0 13 15 0 0 0 38 0 0 0 -19 -21 11 -25 -19 -1 0 0 48 4 47 0 -6 3 0 -31 0 0 0 0 46 0 0 36 0 0 0 22 21 28 -30 0 39 44 13 49 0 15 0 -29 41 0 0 12 0 -10 0 0 0 0 0 0 0 19 24 0 0 0 0 0 0 -47 
37 0 -14 50 42 44 0 8 0 -50 34 -40 0 0 -13 0 0 35 0 0 43 0 0 20 32 -34 0 0 38 0 27 17 -39 0 0 9 -33 -20 -11 0 0 0 -27 0 0 -25 0 -40 27 0 30 0 -39 0 12 0 47 0 27 0 0 0 49 38 0 0 38 -10 0 26 0 25 -46 0 41 0 -22 31 0 0 -1 0 3 4 0 0 -30 13 24 0 
0 0 0 -44 0 39 0 0 0 0 -39 0 -8 0 0 -11 3 26 0 49 0 -47 -15 0 0 0 22 49 0 0 0 -28 -12 1 0 -16 3 0 0 0 12 -42 -43 0 0 29 42 38 -13 -41 16 38 -15 5 -33 0 9 -36 32 2 -22 0 0 0 3 0 0 16 0 0 0 26 -3 0 29 9 0 45 0 -10 0 0 -25 0 0 0 -42 0 0 0 
-9 -19 8 6 1 -35 0 15 0 0 0 -30 0 0 0 0 0 0 0 15 0 0 0 0 -17 0 0 0 0 0 4 38 0 32 -47 47 -44 0 0 0 -7 8 0 0 0 0 -18 -21 0 0 0 -31 0 0 -25 0 0 6 0 0 -10 -26 15 0 0 19 0 0 -28 0 0 0 0 0 0 -5 0 -2 -10 -32 0 0 -42 -25 0 0 17 -37 0 0 
3 0 -13 0 0 31 0 3 0 -5 0 -14 0 34 0 0 0 44 0 0 0 0 0 0 0 0 0 19 0 -50 18 0 0 -43 0 -23 -41 -34 32 0 0 21 -45 -26 0 0 21 0 -14 0 39 0 0 7 0 0 32 9 0 0 11 50 0 38 0 0 47 0 0 0 4 0 0 16 0 0 41 0 -3 0 0 39 0 5 0 -20 32 0 0 42 
-18 13 22 -33 -6 42 -15 -13 8 -24 0 0 -32 19 11 32 17 -20 14 0 0 26 0 0 0 -36 21 -11 44 33 0 39 30 10 19 6 34 29 -19 0 0 0 0 0 -34 0 0 -3 0 0 0 4 0 46 18 -40 -17 -27 0 0 0 0 -29 -10 16 0 0 22 0 0 0 -5 30 -8 0 -45 -30 -22 -30 0 0 0 0 0 0 -47 0 27 0 0 
50 24 0 0 -29 0 -27 41 0 -34 0 0 38 0 18 -17 19 -2 29 -22 0 0 0 0 -25 0 0 -6 11 21 33 -15 31 38 0 0 0 0 26 27 0 0 44 -50 1 0 -21 30 -1 0 0 -33 -1 0 -34 -29 -14 39 0 35 22 0 41 0 0 -28 0 0 18 0 0 0 0 0 15 0 -26 49 0 0 0 0 -3 30 0 0 0 0 -8 0 
0 0 30 -50 50 0 19 0 0 -26 0 0 -20 0 0 -40 42 -40 -15 8 0 24 0 0 25 0 0 1 -1 -36 8 -34 0 0 0 34 -6 0 -38 0 0 -27 47 0 0 -45 -30 0 0 -19 -8 12 0 -42 0 0 -17 0 14 0 -19 43 0 26 0 0 0 0 0 31 0 -47 0 -14 0 0 -6 39 0 0 29 0 0 1 0 0 15 -6 20 0 
-30 0 0 0 -14 0 0 17 -43 0 -2 0 0 0 -2 15 -12 0 -30 20 0 0 36 0 0 0 0 -47 0 0 0 6 15 38 -21 0 0 0 41 0 0 0 0 -18 -44 -15 0 0 0 20 0 37 25 -40 0 0 28 36 0 0 -9 0 0 0 0 0 4 0 0 0 2 0 -37 -46 26 5 0 0 0 0 36 0 11 -22 0 0 0 46 -6 43 
0 0 8 0 0 0 0 -30 -35 0 0 -33 0 0 0 -26 25 39 3 12 -29 0 0 34 0 0 0 0 0 7 0 0 26 0 0 0 0 12 0 0 0 0 0 34 27 9 0 37 0 -8 -14 7 0 0 0 25 0 -48 19 0 0 0 12 25 26 0 0 -5 0 -47 0 20 0 12 0 0 0 -15 -8 0 0 29 -10 4 0 0 -16 0 0 0 
49 0 0 0 0 -15 -4 -44 41 0 0 24 -33 -35 0 0 23 0 -42 -10 26 30 0 0 -41 39 12 -41 0 18 0 0 -43 0 0 16 0 42 -12 0 -5 0 3 0 0 0 0 0 0 -24 -27 0 -35 0 -21 0 0 20 0 0 21 -45 0 -46 -3 0 0 30 0 0 -37 0 27 0 0 45 0 38 0 0 0 39 0 0 32 0 0 -7 0 0 
-45 -19 -2 0 -21 0 42 0 0 0 10 -1 41 -2 0 0 0 0 21 0 0 0 -13 0 -4 0 48 0 0 0 45 -46 -30 0 34 25 0 13 0 -7 0 -36 -27 -35 42 7 0 25 40 8 -14 10 -21 -50 -46 0 0 0 0 0 0 0 -10 0 0 0 16 -8 0 -14 -46 12 0 45 0 25 -46 0 5 4 0 -49 -4 0 -38 0 0 0 0 0 
0 0 0 50 -8 8 0 48 0 0 10 -20 0 -29 0 -6 0 0 16 -39 18 0 36 36 -42 0 -49 -41 -33 0 48 37 0 0 -40 0 0 0 14 0 0 -19 -27 -7 0 0 0 23 0 0 -35 -4 0 -10 46 0 0 0 0 34 39 -21 0 41 29 0 0 0 15 0 26 0 0 0 38 0 -29 28 0 6 -28 40 0 -11 0 -23 0 0 43 -48 
-33 24 0 0 43 14 -32 -11 30 -42 0 0 -25 0 0 49 -20 0 -4 0 -3 0 0 34 0 0 0 39 -14 -22 4 -13 0 -26 -43 0 -9 -20 40 0 -41 -23 -36 44 21 0 0 24 50 48 0 0 -32 30 29 -25 7 0 0 0 -48 0 0 0 9 -5 0 -45 0 0 5 0 45 25 0 13 0 0 0 -32 0 0 0 34 0 0 -29 -2 44 -41 
0 9 -22 -40 0 4 37 0 0 0 0 -25 -28 -8 23 -1 18 0 -50 13 34 0 -14 5 -39 -32 -47 0 0 -44 31 -40 18 -41 -46 0 27 1 -31 -36 0 45 0 11 0 0 -14 12 0 7 34 0 0 -32 0 4 -18 -50 0 0 -3 0 0 -22 0 0 41 -30 -26 -6 0 0 0 -46 -29 0 42 -30 30 0 0 0 -28 36 0 0 0 0 32 0 
-6 4 0 -32 0 40 0 5 -38 27 0 0 2 0 24 0 0 -37 0 33 0 7 9 -28 0 0 0 -37 -18 0 0 -29 -33 0 24 0 32 32 0 0 27 0 0 0 0 -6 38 41 -15 0 0 0 -46 -2 0 0 -43 4 0 39 0 -27 0 31 45 -2 0 -22 49 39 0 -15 38 0 28 0 -30 48 0 -13 0 0 0 0 0 36 -3 0 0 0 
0 24 11 9 0 26 -8 24 0 49 0 -27 -10 20 0 -5 -8 0 0 45 5 0 0 0 0 0 0 0 -47 0 0 -40 0 0 0 0 37 0 0 0 0 0 0 -7 0 -37 -39 0 0 46 20 0 0 0 0 45 0 -9 -5 -17 17 10 0 0 0 -10 -3 -30 0 0 0 -8 0 5 0 0 30 0 43 0 0 0 22 0 0 1 0 0 0 0 
11 0 42 19 0 0 0 0 23 -18 0 0 0 3 0 0 50 0 0 0 0 0 0 36 4 -38 44 15 3 -21 21 0 22 -40 26 31 -42 0 21 0 0 0 -43 0 31 0 21 17 0 1 15 14 37 30 -17 0 0 43 0 -5 24 -30 0 0 -10 -32 0 0 0 0 0 0 0 4 6 -32 0 -13 0 50 2 29 0 0 3 0 0 0 0 0 
38 -25 17 -29 7 0 -14 0 -15 0 0 0 -36 0 0 0 -12 9 0 0 -50 -32 0 0 18 31 -33 0 0 0 0 44 -45 0 3 -2 0 0 38 0 34 -17 -26 0 0 -13 31 0 0 0 0 0 0 -10 42 0 0 45 0 0 -12 44 0 -1 0 0 0 0 0 29 36 0 0 0 -28 0 0 0 0 2 29 0 0 6 4 -7 -34 50 0 44 
18 0 49 12 2 28 0 0 -46 48 25 -25 -20 49 0 0 0 -3 0 0 0 12 0 0 0 10 -25 0 -35 0 -24 0 0 25 -12 39 0 -48 48 0 0 -4 34 -47 0 30 9 50 17 -34 0 0 35 4 48 0 0 35 0 -32 -42 -25 19 0 0 0 39 0 0 0 0 29 39 -49 40 0 0 0 0 29 0 2 50 -23 -6 0 0 34 0 0 
0 0 0 0 0 0 -47 0 0 -35 0 0 -45 0 -29 0 -9 -38 0 0 0 27 0 0 27 0 0 6 43 0 0 0 0 -12 4 0 -46 0 -21 37 0 19 0 0 0 -34 0 0 26 0 0 39 0 -44 0 0 -9 0 -47 -26 0 0 24 3 -25 -42 0 0 -3 0 11 -10 0 -4 0 0 -28 0 22 0 0 50 34 2 10 0 0 0 -40 0 
6 0 0 0 -30 0 15 0 0 -25 0 0 40 0 0 -10 44 -35 0 -43 0 0 -43 -39 0 -12 -9 0 40 44 0 -40 14 0 0 0 0 0 15 14 0 1 8 0 34 0 -8 42 11 -19 0 0 0 27 0 0 32 0 0 3 0 0 0 4 0 -25 5 0 30 1 -22 4 0 0 -11 34 36 0 0 0 6 -23 2 27 0 0 0 0 39 0 
-1 0 -39 12 0 43 0 18 -49 0 0 0 -15 7 0 0 8 0 6 0 0 -7 0 14 -40 0 27 0 7 0 0 18 0 -1 0 0 7 -16 0 0 0 -27 -17 29 0 20 20 6 0 -25 0 -26 41 0 0 30 17 0 0 2 0 0 0 0 0 0 0 0 0 0 0 0 32 -38 0 0 0 0 0 3 4 -6 10 0 4 -22 21 0 46 -44 
0 0 0 -29 -4 28 18 33 0 0 16 -28 -24 33 0 0 -8 0 12 0 0 0 0 0 0 0 0 12 -37 -19 0 0 0 -3 0 50 0 41 0 -40 -29 1 -6 6 34 -27 0 -48 6 -36 25 0 38 0 0 29 0 0 0 0 -19 27 0 0 0 0 -20 -47 0 0 0 0 0 0 -23 0 0 36 1 0 -7 0 0 0 -22 5 0 -2 0 0 
-8 0 43 0 -4 0 -33 0 0 0 0 0 8 0 0 -14 0 0 44 23 0 16 0 22 0 -8 0 0 0 0 1 0 0 35 0 -19 0 49 -41 -2 -25 0 0 0 27 0 -11 0 0 0 0 9 0 0 0 0 -26 -27 -26 0 0 30 0 -30 -42 17 32 0 0 15 0 -16 0 0 0 -29 0 -3 0 0 -34 0 0 0 21 0 42 0 0 0 
32 1 17 8 -8 0 0 0 13 0 0 0 14 0 45 37 0 0 0 0 0 0 0 -50 -47 0 -2 46 -44 0 0 0 12 0 11 0 16 -10 0 35 49 0 -20 -29 0 0 0 -28 0 0 0 21 -3 0 3 -4 39 -7 0 8 0 19 0 13 0 -37 0 27 0 -6 46 0 -7 0 0 -2 0 0 0 0 50 34 0 0 0 -2 0 12 0 0 
50 -11 0 0 43 5 31 -31 0 38 0 0 0 19 13 0 -5 19 -5 31 0 0 0 32 0 9 0 0 0 0 0 0 0 -9 0 22 -12 -13 42 0 -33 30 0 -39 0 0 -40 0 14 19 -15 -22 -4 0 46 0 0 0 1 0 -2 0 0 24 0 0 0 0 -8 20 -6 0 0 0 43 44 32 0 0 0 0 0 -40 39 46 0 0 0 46 -41 
11 0 0 13 36 0 -37 0 0 50 0 -47 -47 0 0 0 -39 0 15 0 -15 0 0 12 0 0 0 -28 0 -43 0 -12 0 47 0 0 0 0 0 0 0 0 0 -2 41 0 0 40 -41 -26 -4 6 -14 17 -16 0 0 15 23 0 0 0 -47 0 0 0 42 0 0 0 43 0 0 0 -48 -41 0 0 0 0 44 0 0 0 -44 0 0 0 -41 37 
