70
-49 -32 -23 43 39 33 -11 -17 50 -27 -16 35 7 -31 17 -33 -6 5 4 40 11 13 46 11 37 -26 -46 -4 -3 -28 -17 31 -44 -46 19 31 -33 37 -5 -45 4 -22 -31 16 17 -8 -2 8 45 -10 38 28 6 -38 -29 3 -1 -50 -9 0 -21 -19 27 26 8 -28 25 -25 13 13 
33 0 0 0 0 0 -24 0 49 48 2 8 0 40 0 0 0 -29 0 49 0 0 0 0 0 -5 -29 0 9 -3 -40 0 0 -2 0 38 0 -24 -30 0 0 0 0 -21 -46 0 0 0 26 0 0 0 0 -25 -17 0 -31 5 -24 -19 0 0 0 -28 0 0 19 0 36 -5 
0 19 15 29 -42 0 0 -6 -29 48 8 0 0 -6 22 44 4 0 -26 0 0 -7 0 -34 -12 -25 8 0 0 -4 -44 38 0 -14 49 0 0 0 0 -13 46 -10 0 16 -5 0 0 7 -33 0 -37 0 0 -18 0 0 24 0 -5 43 -34 0 0 10 25 -27 38 0 -7 0 
0 15 38 0 34 28 7 0 15 0 0 0 0 0 0 0 0 -30 -49 0 0 0 0 0 25 0 0 -33 50 0 36 -50 40 0 37 44 0 0 14 6 0 33 0 44 0 0 0 23 -18 11 8 2 0 0 -37 0 0 0 0 0 0 0 0 -44 0 29 0 -15 0 19 
0 29 0 11 0 14 12 17 -3 0 17 46 11 0 0 0 0 -13 0 -37 -37 0 0 49 -33 -13 0 46 22 36 6 -18 0 0 0 0 0 0 45 0 -8 0 -36 0 -1 1 0 0 35 -2 -50 11 0 0 -23 49 0 10 0 0 -32 23 -30 18 0 0 6 0 -28 -41 
0 -42 34 0 21 45 0 0 -34 -22 22 35 -20 0 0 0 16 -22 0 0 -20 0 13 29 -20 0 0 -34 0 -23 0 0 12 -16 -16 0 -32 28 0 -49 0 0 0 0 0 0 38 0 0 -18 0 8 21 0 -4 21 0 0 39 0 0 0 0 0 0 -34 13 0 0 34 
0 0 28 14 45 46 0 -37 16 -21 -32 0 0 42 -14 0 -48 0 0 1 -4 -37 -44 -26 0 0 15 0 0 -10 -35 -6 38 0 0 4 0 47 29 -19 0 0 2 -37 0 -44 -50 0 0 -6 0 -34 -11 0 0 0 7 30 1 12 -38 19 0 34 -42 0 0 0 0 0 
-24 0 7 12 0 0 42 -14 -31 -18 0 32 12 0 0 -10 0 0 9 -41 0 46 -24 0 0 43 0 41 0 0 -7 38 -29 0 16 -20 -3 0 -11 0 0 0 -23 21 0 -14 -4 -19 0 0 35 -7 -16 0 0 -26 0 17 -14 -30 -7 -21 31 -24 0 0 0 0 0 0 
0 -6 0 17 0 -37 -14 19 32 -44 33 38 -37 0 2 -32 -12 2 -1 0 0 41 0 17 0 0 0 16 0 22 0 0 -10 -25 0 0 45 0 19 0 26 0 0 -40 0 9 0 0 27 -10 0 -37 0 -8 -50 0 0 20 0 0 0 0 0 0 -31 0 -41 37 30 -16 
49 -29 15 -3 -34 16 -31 32 47 0 18 0 7 37 -30 0 0 22 0 0 -12 0 46 0 0 -25 0 -43 0 0 28 0 0 0 41 0 0 20 -10 0 7 0 38 0 0 0 17 -27 -13 0 -46 -48 -26 0 -14 50 3 0 31 29 -41 -40 -21 -5 0 0 0 -19 -37 0 
48 48 0 0 -22 -21 -18 -44 0 35 24 0 0 12 30 0 0 7 0 0 29 39 -14 6 0 -40 20 0 0 -7 0 47 0 40 0 0 0 0 1 0 0 -49 0 0 0 -17 0 45 29 0 -12 -4 0 0 0 0 -45 16 0 1 41 -5 17 0 0 -49 -21 0 0 0 
2 8 0 17 22 -32 0 33 18 24 49 0 0 35 -16 -28 0 -36 47 0 20 23 -32 21 0 24 0 -46 -36 0 0 0 -50 3 0 0 -25 0 21 5 0 33 0 0 -31 -46 -9 -15 34 42 0 0 -3 4 0 0 0 0 0 0 -35 0 0 -11 35 0 -1 17 -19 0 
8 0 0 46 35 0 32 38 0 0 0 42 0 0 0 -45 0 -15 45 0 0 41 43 -14 0 0 0 -44 -26 33 40 0 -44 -19 0 0 -38 -38 14 0 0 0 0 0 10 24 0 35 0 -2 33 41 0 49 19 -22 0 26 0 47 0 0 -1 0 0 0 0 -32 -18 0 
0 0 0 11 -20 0 12 -37 7 0 0 0 22 0 0 -19 30 0 0 -42 0 0 45 0 0 0 29 0 2 0 38 -29 44 -7 28 0 0 0 -23 30 39 0 -40 0 0 0 30 -30 31 -29 -4 -32 -7 11 0 0 0 0 0 0 0 0 -47 0 0 0 0 39 20 -16 
40 -6 0 0 0 42 0 0 37 12 35 0 0 4 -34 0 46 0 0 -27 -13 0 0 0 0 0 -6 0 0 0 0 43 36 42 41 38 -19 0 0 32 0 -46 -34 39 21 0 0 39 0 -5 0 8 0 0 0 0 -9 0 -16 0 10 0 0 0 0 -2 -15 -28 -18 45 
0 22 0 0 0 -14 0 2 -30 30 -16 0 0 -34 25 -32 0 0 0 -45 0 26 -18 -27 0 -16 0 0 0 0 0 -5 0 0 -17 0 0 26 0 0 -47 0 0 0 0 0 0 30 0 0 12 0 0 48 0 0 -25 -35 -9 0 -26 22 0 9 0 0 0 -50 0 0 
0 44 0 0 0 0 -10 -32 0 0 -28 -45 -19 0 -32 5 45 0 0 0 -13 0 12 32 -43 0 0 0 -40 -10 0 28 11 0 -2 27 0 47 33 13 0 6 46 11 48 0 31 0 0 0 0 -23 0 0 -18 -16 -29 -24 2 8 0 -43 38 0 12 0 -33 0 0 -41 
0 4 0 0 16 -48 0 -12 0 0 0 0 30 46 0 45 30 5 35 27 -4 -34 -49 0 -35 0 -27 0 0 -18 0 0 23 8 0 -18 -7 0 14 0 0 0 0 0 0 0 -27 0 0 0 23 32 0 0 0 50 -22 0 39 0 -28 20 -26 -14 -33 26 0 10 0 4 
-29 0 -30 -13 -22 0 0 2 22 7 -36 -15 0 0 0 0 5 24 0 -42 30 0 -44 0 -37 0 12 50 0 24 -14 -7 0 0 -35 1 0 0 0 -36 0 17 0 0 0 0 -31 -29 0 0 0 7 0 7 35 0 0 0 -5 0 0 37 0 24 21 49 -40 34 4 0 
0 -26 -49 0 0 0 9 -1 0 0 47 45 0 0 0 0 35 0 31 17 2 0 -28 0 0 -47 0 -3 0 11 0 0 0 0 32 0 0 43 -7 0 0 27 0 0 0 0 0 0 5 0 -50 0 0 35 0 0 40 0 -35 0 -22 0 0 0 0 48 23 -50 0 -19 
49 0 0 -37 0 1 -41 0 0 0 0 0 -42 -27 -45 0 27 -42 17 17 8 9 -37 50 40 0 0 48 0 0 0 0 42 27 -28 2 47 33 0 0 0 0 0 49 0 0 0 -22 47 -31 3 -36 -15 0 3 -14 27 37 0 -21 -23 -17 0 29 0 -21 -20 42 33 0 
0 0 0 -37 -20 -4 0 0 -12 29 20 0 0 -13 0 -13 -4 30 2 8 39 0 -39 -40 0 -13 49 -17 0 0 2 -35 -21 0 21 0 -49 0 -49 0 30 -23 0 0 0 0 46 -33 -49 2 0 0 -32 0 0 0 -4 0 0 0 27 0 -38 0 0 23 38 0 0 0 
0 -7 0 0 0 -37 46 41 0 39 23 41 0 0 26 0 -34 0 0 9 0 24 0 0 0 0 0 0 -12 0 -34 -43 0 37 -19 18 -25 0 0 0 0 3 0 32 0 50 27 -39 0 -36 0 0 -32 4 0 -34 31 0 13 0 -39 -17 41 0 -34 37 6 -21 0 -36 
0 0 0 0 13 -44 -24 0 46 -14 -32 43 45 0 -18 12 -49 -44 -28 -37 -39 0 12 19 9 0 0 11 19 37 48 -40 -33 -1 0 0 0 0 30 0 18 0 -14 0 6 24 0 -7 6 0 0 0 0 0 0 0 0 0 0 7 0 30 35 25 -31 0 0 0 20 28 
0 -34 0 49 29 -26 0 17 0 6 21 -14 0 0 -27 32 0 0 0 50 -40 0 19 30 0 -9 0 -22 0 4 -32 0 32 7 23 -2 -19 -3 0 44 -40 0 -1 0 43 0 0 -11 0 34 8 0 0 0 28 0 44 0 0 0 -14 -43 30 -42 0 0 0 0 0 0 
0 -12 25 -33 -20 0 0 0 0 0 0 0 0 0 0 -43 -35 -37 0 40 0 0 9 0 32 -16 0 1 0 2 0 10 39 0 0 0 0 -30 -11 -4 49 0 0 -31 49 -31 10 -1 0 -40 38 0 0 0 47 0 0 -22 19 -7 0 0 -23 0 0 0 27 0 46 0 
-5 -25 0 -13 0 0 43 0 -25 -40 24 0 0 0 -16 0 0 0 -47 0 -13 0 0 -9 -16 43 0 -4 0 -31 39 48 0 37 48 38 0 -14 9 0 -17 0 0 0 0 25 6 0 0 44 0 10 0 0 -24 0 41 -31 0 0 13 13 -22 -25 0 46 0 0 0 -11 
-29 8 0 0 0 15 0 0 0 20 0 0 29 -6 0 0 -27 12 0 0 49 0 0 0 0 0 27 48 0 2 0 0 -13 0 -21 0 0 -6 0 7 -17 -13 -48 0 -1 22 -10 0 0 -36 0 -9 -18 0 7 -24 -9 0 0 26 0 41 32 0 6 -48 21 0 12 33 
0 0 -33 46 -34 0 41 16 -43 0 -46 -44 0 0 0 0 0 50 -3 48 -17 0 11 -22 1 -4 48 35 -33 0 0 -26 0 -8 -16 -28 0 2 0 -40 45 19 0 14 0 0 0 10 0 0 -28 0 0 0 0 -50 16 0 0 -7 15 0 48 -47 0 0 40 -4 -40 0 
9 0 50 22 0 0 0 0 0 0 -36 -26 2 0 0 -40 0 0 0 0 0 -12 19 0 0 0 0 -33 45 -28 0 -2 0 0 2 0 -50 41 -24 -14 0 -20 0 40 0 42 -34 0 0 17 47 45 -48 0 -22 -28 -2 -13 47 11 0 29 0 -8 10 0 -13 -27 0 0 
-3 -4 0 36 -23 -10 0 22 0 -7 0 33 0 0 0 -10 -18 24 11 0 0 0 37 4 2 -31 2 0 -28 51 5 14 0 -29 0 0 1 0 0 -8 -48 31 18 -3 0 -20 0 26 0 0 0 0 41 39 0 -25 0 0 0 0 26 0 -9 0 -2 -6 0 0 0 42 
-40 -44 36 6 0 -35 -7 0 28 0 0 40 38 0 0 0 0 -14 0 0 2 -34 48 -32 0 39 0 0 0 5 35 -12 20 38 0 -21 -45 0 22 0 0 0 0 0 0 0 0 0 -49 0 5 27 -17 -39 -5 0 0 5 0 -35 0 0 0 0 -4 36 15 -30 0 -39 
0 38 -50 -18 0 -6 38 0 0 47 0 0 -29 43 -5 28 0 -7 0 0 -35 -43 -40 0 10 48 0 -26 -2 14 -12 47 0 0 12 -48 0 0 0 -42 0 -43 -24 22 0 0 -12 0 0 0 -35 48 0 26 0 43 26 -31 35 0 0 0 20 34 -7 0 0 32 -12 -42 
0 0 40 0 12 38 -29 -10 0 0 -50 -44 44 36 0 11 23 0 0 42 -21 0 -33 32 39 0 -13 0 0 0 20 0 21 -17 -4 -1 0 0 0 -22 50 27 -29 0 0 16 0 -50 0 0 47 44 0 14 0 0 0 0 -41 0 -20 8 0 -16 -37 0 0 0 0 7 
-2 -14 0 0 -16 0 0 -25 0 40 3 -19 -7 42 0 0 8 0 0 27 0 37 -1 7 0 37 0 -8 0 -29 38 0 -17 51 -19 9 -50 13 -30 47 37 0 -31 -21 -31 15 0 -23 0 6 45 26 -40 0 19 -28 0 0 38 0 0 47 28 -45 -26 15 5 -49 -46 13 
0 49 37 0 -16 0 16 0 41 0 0 0 28 41 -17 -2 0 -35 32 -28 21 -19 0 23 0 48 -21 -16 2 0 0 12 -4 -19 3 0 0 0 21 31 -7 0 0 46 -20 0 0 0 -35 0 -4 -25 0 3 0 28 0 0 -49 0 24 0 0 0 0 0 0 0 -25 0 
38 0 44 0 0 4 -20 0 0 0 0 0 0 38 0 27 -18 1 0 2 0 18 0 -2 0 38 0 -28 0 0 -21 -48 -1 9 0 17 -32 0 0 0 0 0 -40 0 0 0 -46 21 0 0 -50 0 0 0 0 -12 10 0 0 -37 0 0 -3 0 0 0 0 35 0 0 
0 0 0 0 -32 0 -3 45 0 0 -25 -38 0 -19 0 0 -7 0 0 47 -49 -25 0 -19 0 0 0 0 -50 1 -45 0 0 -50 0 -32 29 0 0 0 0 5 -19 0 0 -12 17 -35 0 22 0 0 0 0 14 8 37 0 0 0 -7 0 38 35 0 -40 0 0 0 -41 
-24 0 0 0 28 47 0 0 20 0 0 -38 0 0 26 47 0 0 43 33 0 0 0 -3 -30 -14 -6 2 41 0 0 0 0 13 0 0 0 17 0 0 0 0 -25 0 35 9 0 39 0 0 22 -11 -39 0 0 0 8 0 0 0 -50 -13 45 0 7 -44 0 0 -49 0 
-30 0 14 45 0 29 -11 19 -10 1 21 14 -23 0 0 33 14 0 -7 0 -49 0 30 0 -11 9 0 0 -24 0 22 0 0 -30 21 0 0 0 12 0 0 0 0 0 0 0 0 0 0 0 0 7 0 0 0 -15 38 34 0 0 48 0 0 0 -49 -11 0 0 0 0 
0 -13 6 0 -49 -19 0 0 0 0 5 0 30 32 0 13 0 -36 0 0 0 0 0 44 -4 0 7 -40 -14 -8 0 -42 -22 47 31 0 0 0 0 22 39 0 0 -15 0 0 -26 29 0 0 45 0 -33 46 41 -14 -43 19 0 0 0 -46 32 0 -26 0 -3 -27 0 -4 
0 46 0 -8 0 0 0 26 7 0 0 0 39 0 -47 0 0 0 0 0 30 0 18 -40 49 -17 -17 45 0 -48 0 0 50 37 -7 0 0 0 0 39 19 30 0 16 0 -32 -31 39 -2 5 0 0 32 0 0 -14 0 0 0 0 47 29 0 0 0 0 0 -30 11 21 
0 -10 33 0 0 0 0 0 0 -49 33 0 0 -46 0 6 0 17 27 0 -23 3 0 0 0 0 -13 19 -20 31 0 -43 27 0 0 0 5 0 0 0 30 10 0 40 -38 -31 0 17 1 0 21 -11 0 0 -16 0 9 48 9 -43 -20 0 13 29 0 0 0 0 -16 31 
0 0 0 -36 0 2 -23 0 38 0 0 0 -40 -34 0 46 0 0 0 0 0 0 -14 -1 0 0 -48 0 0 18 0 -24 -29 -31 0 -40 -19 -25 0 0 0 0 9 0 0 1 0 48 37 0 0 31 -4 -8 0 -13 46 12 0 -26 41 0 0 0 0 0 0 0 -39 0 
-21 16 44 0 0 -37 21 -40 0 0 0 0 0 39 0 11 0 0 0 49 0 32 0 0 -31 0 0 14 40 -3 0 22 0 -21 46 0 0 0 0 -15 16 40 0 46 -15 0 0 0 0 0 -13 0 0 -24 48 0 0 0 0 0 0 42 0 -43 0 -50 -41 0 0 -17 
-46 -5 0 -1 0 0 0 0 0 0 -31 10 0 21 0 48 0 0 0 0 0 0 6 43 49 0 -1 0 0 0 0 0 0 -31 -20 0 0 35 0 0 0 -38 0 -15 4 0 0 0 10 0 12 2 0 0 -18 0 0 0 28 0 21 -3 0 30 0 32 0 -47 0 0 
0 0 0 1 0 -44 -14 9 0 -17 -46 24 0 0 0 0 0 0 0 0 0 50 24 0 -31 25 22 0 42 -20 0 0 16 15 0 0 -12 9 0 0 -32 -31 1 0 0 41 40 0 41 0 0 0 0 0 0 0 -12 32 16 -1 -40 -39 33 50 0 0 28 0 -24 0 
0 0 0 0 38 -50 -4 0 17 0 -9 0 30 0 0 31 -27 -31 0 0 46 27 0 0 10 6 -10 0 -34 0 0 -12 0 0 0 -46 17 0 0 -26 -31 0 0 0 0 40 36 12 20 0 38 -48 35 -49 0 0 0 49 0 -5 5 24 -30 0 0 -21 4 -30 0 0 
0 7 23 0 0 0 -19 0 -27 45 -15 35 -30 39 30 0 0 -29 0 -22 -33 -39 -7 -11 -1 0 0 10 0 26 0 0 -50 -23 0 21 -35 39 0 29 39 17 48 0 0 0 12 24 0 -22 16 10 0 0 0 -4 0 0 0 0 32 -37 0 7 0 0 0 4 0 0 
26 -33 -18 35 0 0 0 27 -13 29 34 0 31 0 0 0 0 0 5 47 -49 0 6 0 0 0 0 0 0 0 -49 0 0 0 -35 0 0 0 0 0 -2 1 37 0 10 41 20 0 22 -19 29 19 0 0 0 -27 -4 0 -9 26 -27 36 10 0 0 15 0 0 0 0 
0 0 11 -2 -18 -6 0 -10 0 0 42 -2 -29 -5 0 0 0 0 0 -31 2 -36 0 34 -40 44 -36 0 17 0 0 0 0 6 0 0 22 0 0 0 5 0 0 0 0 0 0 -22 -19 33 0 0 0 -46 0 -14 0 26 19 3 0 0 -7 0 30 -41 48 48 -9 0 
0 -37 8 -50 0 0 35 0 -46 -12 0 33 -4 0 12 0 23 0 -50 3 0 0 0 8 38 0 0 -28 47 0 5 -35 47 45 -4 -50 0 22 0 45 0 21 0 -13 12 0 38 16 29 0 34 -37 38 0 -38 45 0 0 0 0 0 27 -43 -23 0 0 -22 16 0 0 
0 0 2 11 8 -34 -7 -37 -48 -4 0 41 -32 8 0 -23 32 7 0 -36 0 0 0 0 0 10 -9 0 45 0 27 48 44 26 -25 0 0 -11 7 0 0 -11 31 0 2 0 -48 10 19 0 -37 46 -47 0 0 -3 12 0 0 -4 20 0 0 0 -49 0 25 0 0 0 
0 0 0 0 21 -11 -16 0 -26 0 -3 0 -7 0 0 0 0 0 0 -15 -32 -32 0 0 0 0 -18 0 -48 41 -17 0 0 -40 0 0 0 -39 0 -33 32 0 -4 0 0 0 35 0 0 0 38 -47 28 0 0 0 -41 -49 9 0 47 0 0 38 20 0 -8 -29 0 0 
-25 -18 0 0 0 0 0 -8 0 0 4 49 11 0 48 0 0 7 35 0 0 4 0 0 0 0 0 0 0 39 -39 26 14 0 3 0 0 0 0 46 0 0 -8 -24 0 0 -49 0 0 -46 0 0 0 29 41 0 6 0 4 26 0 0 0 -32 0 18 -20 0 0 -3 
-17 0 -37 -23 -4 0 0 -50 -14 0 0 19 0 0 0 -18 0 35 0 3 0 0 0 28 47 -24 7 0 -22 0 -5 0 0 19 0 0 14 0 0 41 0 -16 0 48 -18 0 0 0 0 0 -38 0 0 41 1 0 6 0 24 45 -49 9 46 10 -7 0 0 50 0 -29 
0 0 0 49 21 0 -26 0 50 0 0 -22 0 0 0 -16 50 0 0 -14 0 -34 0 0 0 0 -24 -50 -28 -25 0 43 0 -28 28 -12 8 0 -15 -14 -14 0 -13 0 0 0 0 -4 -27 -14 45 -3 0 0 0 30 0 -19 47 -17 0 7 20 0 0 6 0 0 -12 -45 
-31 24 0 0 0 7 0 0 3 -45 0 0 0 -9 -25 -29 -22 0 40 27 -4 31 0 44 0 41 -9 16 -2 0 0 26 0 0 0 10 37 8 38 -43 0 9 46 0 0 -12 0 0 -4 0 0 12 -41 6 6 0 46 0 0 -7 -38 -35 0 42 -7 0 0 0 -26 -11 
5 0 0 10 0 30 17 20 0 16 0 26 0 0 -35 -24 0 0 0 37 0 0 0 0 -22 -31 0 0 -13 0 5 -31 0 0 0 0 0 0 34 19 0 48 12 0 0 32 49 0 0 26 0 0 -49 0 0 -19 0 39 -49 0 0 0 0 0 4 47 -48 -35 0 -28 
-24 -5 0 0 39 1 -14 0 31 0 0 0 0 -16 -9 2 39 -5 -35 0 0 13 0 0 19 0 0 0 47 0 0 35 -41 38 -49 0 0 0 0 0 0 9 0 0 28 16 0 0 -9 19 0 0 9 4 24 47 0 -49 42 -20 0 0 0 7 0 48 -3 0 47 -28 
-19 43 0 0 0 12 -30 0 29 1 0 47 0 0 0 8 0 0 0 -21 0 0 7 0 -7 0 26 -7 11 0 -35 0 0 0 0 -37 0 0 0 0 0 -43 -26 0 0 -1 -5 0 26 3 0 -4 0 26 45 -17 -7 0 -20 8 -20 -20 -42 0 27 -2 0 34 0 -36 
0 -34 0 -32 0 -38 -7 0 -41 41 -35 0 0 10 -26 0 -28 0 -22 -23 27 -39 0 -14 0 13 0 15 0 26 0 0 -20 0 24 0 -7 -50 48 0 47 -20 41 0 21 -40 5 32 -27 0 0 20 47 0 -49 0 -38 0 0 -20 43 0 0 -17 -47 -49 -21 22 18 0 
0 0 0 23 0 19 -21 0 -40 -5 0 0 0 0 22 -43 20 37 0 -17 0 -17 30 -43 0 13 41 0 29 0 0 0 8 47 0 0 0 -13 0 -46 29 0 0 42 -3 -39 24 -37 36 0 27 0 0 0 9 7 -35 0 0 -20 0 12 0 -46 40 -10 0 0 -40 -38 
0 0 0 -30 0 0 31 0 -21 17 0 -1 -47 0 0 38 -26 0 0 0 -38 41 35 30 -23 -22 32 48 0 -9 0 20 0 28 0 -3 38 45 0 32 0 13 0 0 0 33 -30 0 10 -7 -43 0 0 0 46 20 0 0 0 -42 0 0 5 -34 -33 39 0 22 0 0 
-28 10 -44 18 0 34 -24 0 -5 0 -11 0 0 0 9 0 -14 24 0 29 0 0 25 -42 0 -25 0 -47 -8 0 0 34 -16 -45 0 0 35 0 0 0 0 29 0 -43 30 50 0 7 0 0 -23 0 38 -32 10 0 42 0 7 0 -17 -46 -34 36 0 0 0 0 -40 -45 
0 25 0 0 0 -42 0 -31 0 0 35 0 0 0 0 12 -33 21 0 0 0 -34 -31 0 0 0 6 0 10 -2 -4 -7 -37 -26 0 0 0 7 -49 -26 0 0 0 0 0 0 0 0 0 30 0 -49 20 0 -7 0 -7 4 0 27 -47 40 -33 0 40 49 0 6 23 -8 
0 -27 29 0 -34 0 0 0 0 -49 0 0 0 -2 0 0 26 49 48 -21 23 37 0 0 0 46 -48 0 0 -6 36 0 0 15 0 0 -40 -44 -11 0 0 0 0 -50 32 0 -21 0 15 -41 0 0 0 18 0 6 0 47 48 -2 -49 -10 39 0 49 29 -38 -4 0 0 
19 38 0 6 13 0 0 -41 0 -21 -1 0 0 -15 0 -33 0 -40 23 -20 38 6 0 0 27 0 21 40 -13 0 15 0 0 5 0 0 0 0 0 -3 0 0 0 -41 0 28 4 0 0 48 -22 25 -8 -20 0 0 0 -48 -3 0 -21 0 0 0 0 -38 33 -40 -28 0 
0 0 -15 0 0 0 0 37 -19 0 17 -32 39 -28 -50 0 10 34 -50 42 0 -21 0 0 0 0 0 -4 -27 0 -30 32 0 -49 0 35 0 0 0 -27 -30 0 0 0 -47 0 -30 4 0 48 16 0 -29 0 50 0 0 -35 0 34 22 0 22 0 6 -4 -40 18 0 30 
36 -7 0 -28 0 0 0 30 -37 0 -19 -18 20 -18 0 0 0 4 0 33 0 0 20 0 46 0 12 -40 0 0 0 -12 0 -46 -25 0 0 -49 0 0 11 -16 -39 0 0 -24 0 0 0 -9 0 0 0 0 0 -12 -26 0 47 0 18 -40 0 -40 23 0 -28 0 11 18 
-5 0 19 -41 34 0 0 -16 0 0 0 0 -16 45 0 -41 4 0 -19 0 0 -36 28 0 0 -11 33 0 0 42 -39 -42 7 13 0 0 -41 0 0 -4 21 31 0 -17 0 0 0 0 0 0 0 0 0 -3 -29 -45 -11 -28 -28 -36 0 -38 0 -45 -8 0 0 30 18 1 
