200
3 25 -8 12 -25 -1 -24 12 48 -21 3 -22 19 -44 16 48 22 -50 -39 -12 23 48 -50 -31 -39 4 -20 40 46 -16 -12 -21 -22 -46 17 13 -4 -27 -16 -9 35 12 21 -11 4 -22 -22 6 42 -46 42 13 -22 35 21 -22 10 47 7 12 -16 36 41 0 -11 -28 -33 -43 30 25 -22 -14 -7 20 43 44 -5 -25 -11 -50 32 12 -9 46 16 -13 -13 44 4 21 40 -16 -33 -26 -27 50 7 -42 38 6 -20 36 -10 -2 -22 -25 34 34 40 39 8 -24 -1 41 -21 -39 -5 19 -23 22 -28 -36 16 3 15 8 -37 -48 34 11 -5 15 20 28 20 7 40 -24 18 -47 -41 44 30 -9 1 39 19 21 -42 -49 5 46 50 26 -20 -42 29 -23 19 6 -8 25 43 27 12 -40 -18 14 38 1 -23 46 -40 -19 22 -45 4 27 -37 -22 36 50 -18 -5 -16 -17 42 8 -36 7 35 20 -8 46 41 25 36 0 -31 20 
0 0 0 -30 0 0 0 0 0 0 0 0 0 0 0 0 0 -45 0 0 0 0 -37 0 0 0 0 0 3 0 0 0 0 0 2 0 0 0 0 0 0 0 0 0 0 0 0 -17 0 0 0 0 0 0 0 0 0 -23 -28 0 0 0 -43 0 -13 -12 0 0 39 41 -40 0 0 0 0 0 0 0 27 0 0 0 -37 0 0 0 0 0 10 0 0 0 0 0 0 46 0 0 0 0 -5 0 0 -2 -39 0 0 25 -18 0 0 -37 0 0 0 2 48 0 0 0 0 0 0 1 -2 0 0 10 0 0 0 0 -36 -28 -34 -37 22 -8 0 0 0 0 -34 0 0 0 0 0 0 -41 -16 0 0 0 0 50 38 0 0 -44 0 0 33 0 -40 11 0 0 -23 0 0 -15 0 0 0 0 0 0 0 0 0 0 -47 0 0 46 0 0 -13 13 0 0 -1 -35 25 0 -33 0 -39 0 
0 0 0 -6 0 0 -11 15 0 0 -26 46 0 0 -45 0 -29 0 -23 0 0 0 -29 0 0 0 0 0 0 0 0 0 0 0 0 21 0 0 -32 15 0 0 0 0 0 0 0 0 48 0 0 49 0 0 0 0 0 0 8 0 0 0 -45 0 0 0 0 38 0 0 18 0 19 18 -22 -49 0 0 0 0 5 26 0 -25 0 0 0 41 10 0 0 0 0 0 0 0 0 0 0 0 -30 0 43 0 -34 38 0 0 -21 -33 0 0 0 0 -29 0 -5 0 0 0 0 4 0 -29 0 0 0 0 0 50 -14 0 0 0 0 19 0 0 0 0 0 0 0 0 0 -24 0 0 0 0 0 -19 0 -14 0 -43 0 0 0 0 0 0 0 0 0 -9 0 0 0 0 0 0 0 0 42 0 0 0 0 0 0 0 0 0 -6 0 0 0 0 0 48 0 0 0 -24 0 0 43 0 0 
0 0 0 -4 0 0 0 0 0 0 0 0 0 0 46 -19 0 0 0 20 0 0 2 5 0 0 0 0 0 0 0 0 -9 -46 0 0 0 0 0 0 0 -30 0 0 50 0 0 0 0 0 0 0 -12 0 0 0 0 0 0 0 0 0 0 0 0 -46 39 0 -32 0 0 0 0 7 0 0 0 0 0 0 -37 0 0 50 0 0 0 0 0 0 0 0 -36 -36 0 0 0 0 0 0 -40 -37 0 -48 0 0 0 0 0 0 -20 0 -14 0 0 -2 0 0 0 0 0 39 0 0 -21 0 4 0 -45 -18 0 50 -44 -47 0 0 36 0 -30 31 0 21 16 0 0 0 0 0 -32 0 0 0 0 0 18 0 0 0 0 0 0 -4 31 -9 0 0 -27 0 0 0 11 0 0 0 0 0 0 0 -5 0 -44 4 11 0 -44 0 0 0 0 0 -45 0 0 0 0 -23 0 0 0 0 
-30 -6 -4 0 6 0 0 0 0 0 19 0 0 -33 0 0 0 0 -28 0 1 0 0 0 0 0 0 0 0 0 -24 -18 0 0 0 0 0 0 0 0 0 40 0 0 0 0 0 0 0 44 0 -29 0 0 0 -14 0 0 0 0 0 43 36 45 0 0 0 -48 27 0 -25 0 0 0 0 0 5 -22 0 0 0 0 0 0 0 45 2 0 0 0 0 0 0 -9 0 0 0 0 0 0 0 13 0 -22 0 0 42 0 0 -47 0 0 33 0 0 -22 0 -19 0 29 0 0 0 0 0 0 0 0 19 0 0 0 0 0 0 8 0 0 0 0 0 0 0 0 0 0 0 0 0 0 0 -44 41 -16 0 0 0 -48 0 0 -18 -30 0 0 -17 0 0 0 0 0 0 0 0 0 0 0 0 0 0 0 0 7 -35 0 0 6 -45 -10 0 48 0 0 0 0 0 0 -13 0 40 0 
0 0 0 6 0 5 0 -9 0 0 0 0 0 40 0 0 0 48 -2 0 0 26 0 0 0 0 0 0 0 0 15 0 0 0 0 -17 0 0 0 0 0 0 0 9 0 0 0 0 2 0 43 0 0 -6 0 17 0 0 23 0 -43 0 0 -48 -9 0 0 -47 0 0 0 0 0 0 15 15 0 0 0 0 0 0 48 -32 -34 0 0 19 0 0 0 15 0 0 0 0 0 0 0 0 0 0 29 0 0 0 0 0 0 -37 0 0 0 0 0 0 0 0 0 0 0 0 6 0 -37 0 0 0 0 0 0 -46 0 0 0 0 8 0 -24 27 48 0 0 0 0 11 0 0 0 0 1 0 0 0 0 0 0 0 0 50 8 0 0 -25 0 0 0 0 0 0 0 7 38 0 0 -33 0 0 0 -13 0 0 0 0 0 0 2 0 0 0 0 -38 0 0 0 0 0 3 0 0 
0 0 0 0 5 0 0 0 0 0 0 0 -31 0 -24 38 0 0 -47 -8 0 3 0 0 0 0 0 35 0 0 -32 0 15 0 0 -49 0 -28 0 0 0 16 -36 0 0 49 0 0 0 0 0 0 0 0 33 0 0 44 -46 -27 0 48 -13 0 0 0 -41 0 15 0 0 0 0 24 0 4 0 0 0 0 0 -23 0 -14 30 -34 0 0 0 0 -25 -50 0 0 0 -22 36 0 0 0 0 0 -44 0 0 0 0 0 0 0 -20 0 0 0 0 0 0 0 0 0 0 15 19 0 0 0 0 0 0 0 0 24 0 0 0 0 0 0 0 46 -33 -21 28 0 0 0 0 0 0 0 0 0 0 0 27 0 0 1 -45 0 0 0 0 -50 16 0 0 0 0 0 5 45 0 0 -45 0 -44 0 0 0 0 0 50 35 0 16 10 27 0 23 0 0 44 0 0 -31 0 0 50 0 
0 -11 0 0 0 0 0 0 -30 0 0 0 0 -9 0 0 0 0 0 -26 -25 -43 0 -46 41 0 0 0 0 0 -9 0 0 33 0 0 22 0 45 0 -25 0 -29 0 0 0 0 0 0 -33 0 10 0 1 24 0 0 -5 0 -4 0 0 0 0 0 37 0 0 0 0 36 0 0 -15 0 0 43 0 6 50 0 0 49 0 0 0 0 0 0 39 22 20 29 0 0 0 0 0 0 0 -33 0 0 0 0 0 0 0 0 0 0 0 0 0 23 -32 0 0 0 40 0 0 0 0 0 0 0 0 32 0 0 0 0 25 0 0 0 0 -27 0 23 0 0 0 0 0 0 0 0 0 27 -39 0 0 0 0 0 0 0 0 0 0 0 0 -47 0 -23 0 46 0 0 0 0 0 0 0 0 8 0 28 0 0 32 0 0 0 0 0 0 0 0 0 0 0 0 0 -21 0 0 0 
0 15 0 0 -9 0 0 0 0 0 0 0 0 -29 0 0 0 -2 18 0 0 0 0 -31 39 0 0 0 38 0 0 0 14 -33 0 0 0 -32 0 40 -17 0 0 46 0 13 49 -36 39 0 10 -43 0 0 0 0 0 0 -36 0 0 0 0 -26 31 0 0 0 0 0 0 0 -37 0 0 0 0 -21 0 0 0 0 0 0 0 -1 0 0 0 0 0 0 0 0 0 0 0 5 -9 0 0 26 0 -7 6 0 0 -18 0 0 0 0 0 0 -6 -48 0 0 0 0 0 11 0 -41 0 0 0 19 0 0 20 0 0 0 0 0 0 0 0 -4 0 9 0 46 0 0 0 -36 0 0 0 0 -5 0 0 0 37 0 0 -48 0 0 0 0 0 0 0 0 0 0 0 0 0 0 0 0 0 -45 0 -38 0 0 0 -36 5 7 0 9 0 0 -34 17 0 0 0 0 0 0 0 -18 
0 0 0 0 0 0 -30 0 -2 0 -43 0 0 0 0 0 34 39 0 -21 0 0 0 0 0 0 20 0 18 0 0 0 0 1 0 0 0 0 0 0 15 0 0 -47 -25 0 0 0 35 0 0 0 0 0 0 0 0 0 0 -49 0 0 0 0 0 0 0 0 -29 0 0 0 0 0 0 0 0 0 0 0 0 0 0 0 0 0 0 0 0 -49 0 0 0 0 -25 0 -17 0 0 0 0 0 0 0 0 -32 -26 0 0 0 0 0 35 0 45 0 0 0 0 0 0 0 0 0 0 0 0 0 0 0 0 0 0 -21 0 0 0 1 0 0 -18 0 0 -46 3 -37 16 0 0 17 0 0 -23 0 -50 0 7 0 0 0 0 0 0 0 0 0 0 -17 0 0 40 27 0 0 0 29 0 0 17 -41 0 -8 0 -21 0 0 0 0 0 0 0 0 0 0 0 0 -15 0 16 0 
0 0 0 0 0 0 0 0 0 0 -35 0 0 0 37 -26 0 0 0 0 22 0 0 0 0 0 0 0 0 46 0 18 0 0 0 0 0 0 0 12 0 0 0 0 -21 0 0 0 0 0 -48 0 0 29 0 0 0 0 0 0 36 0 -28 -9 0 33 0 0 13 0 0 0 43 0 0 0 -8 0 0 0 35 0 0 -1 0 -31 -14 0 0 0 0 0 0 0 0 0 0 0 0 0 0 -12 0 0 0 0 0 0 0 0 0 7 0 0 0 0 -27 0 -45 0 0 0 35 0 0 -6 -48 -24 0 0 0 0 0 0 0 0 0 0 -24 0 -7 0 0 0 0 -26 0 15 0 0 -48 0 0 37 -45 -35 0 0 -20 0 12 0 0 0 0 0 -32 0 -7 33 0 0 0 0 0 0 0 -18 -50 0 0 12 -40 0 0 0 0 12 0 0 0 20 0 0 0 0 -30 0 0 0 
0 -26 0 19 0 0 0 0 -43 -35 -37 0 0 0 0 0 0 -43 0 0 0 0 0 0 0 0 0 0 3 48 -16 0 30 0 21 0 0 0 0 0 0 0 0 -18 0 0 22 44 0 0 0 36 0 -36 0 0 0 0 0 0 20 0 0 0 0 -19 0 0 0 0 0 0 0 0 0 0 0 0 43 0 0 0 -15 0 0 0 0 0 -6 -3 21 0 0 -45 0 0 0 0 0 0 0 0 13 0 -41 0 0 0 -20 -42 0 24 0 0 0 0 0 0 -14 0 0 -41 0 0 0 0 0 0 0 0 0 0 0 0 0 0 0 0 0 -10 0 0 42 0 0 0 0 0 44 16 -47 0 0 26 11 15 0 0 0 28 0 0 0 0 0 0 0 0 0 0 44 0 0 0 0 0 0 0 33 0 0 0 0 0 0 0 0 0 6 0 0 0 0 0 -22 -41 0 0 0 0 
0 46 0 0 0 0 0 0 0 0 0 0 -1 0 0 0 47 0 0 0 0 0 0 0 0 0 0 1 0 49 24 0 0 0 0 0 0 0 16 42 0 0 26 0 0 -35 0 0 0 0 0 0 0 -22 0 0 -49 0 0 0 0 0 0 0 0 0 0 0 12 0 31 0 0 0 -49 0 0 0 0 -40 0 4 46 34 0 -45 40 49 0 28 0 0 42 0 0 0 0 0 0 34 0 0 0 0 0 0 0 0 0 0 18 0 0 0 6 45 0 37 -41 0 20 0 0 0 0 0 0 0 0 1 -18 0 0 0 0 -17 -14 0 27 0 0 0 0 0 0 0 0 0 -32 0 0 0 0 0 0 0 0 -10 0 0 0 0 0 0 0 19 0 0 0 24 22 0 0 0 -42 -8 19 0 12 -19 25 0 0 -6 0 17 0 0 0 0 0 0 0 0 0 0 -50 0 0 0 
0 0 0 0 0 -31 0 0 0 0 0 -1 0 0 20 0 0 -32 -6 0 0 13 0 -11 0 0 31 0 -26 0 12 -36 0 0 0 0 0 -6 0 0 0 0 0 0 0 5 -33 0 0 0 0 0 13 -29 0 14 0 38 8 -49 -19 -29 0 0 0 0 6 0 0 0 0 0 0 0 0 0 0 47 0 0 14 0 0 0 0 0 0 0 0 0 36 0 0 0 0 0 0 0 0 0 0 0 -42 49 0 0 0 -1 0 0 0 -36 1 35 0 28 0 0 -24 -11 0 -4 0 -29 0 0 13 0 0 0 0 0 0 0 -15 0 -18 32 0 0 0 0 0 0 0 -27 0 0 0 0 0 15 0 0 0 0 43 0 0 26 14 0 0 -15 0 0 0 0 0 34 -46 0 0 0 0 33 0 0 0 0 0 0 0 0 0 0 -33 0 0 -38 0 -46 0 0 32 0 42 0 0 0 
0 0 0 -33 40 0 -9 -29 0 0 0 0 0 0 0 0 0 0 0 0 0 0 0 0 0 0 0 0 -34 0 0 0 0 0 24 0 0 0 0 0 0 0 0 0 0 0 41 0 0 -22 0 0 -28 20 -10 0 0 0 0 0 0 0 -22 5 0 0 0 0 0 0 0 0 0 -10 0 0 0 0 0 -36 10 0 0 0 24 0 0 -47 15 0 -4 0 0 0 0 0 0 0 -14 0 0 0 0 31 0 0 -50 -46 0 0 -19 0 0 0 0 0 0 -39 0 -41 0 36 0 0 0 0 0 0 41 13 0 0 -9 3 -21 0 0 0 0 0 0 0 0 0 0 0 -17 0 29 0 -21 0 33 0 21 -42 0 0 0 0 0 38 0 0 0 0 0 0 0 21 0 -48 0 0 0 0 45 0 0 0 12 -19 0 0 0 0 0 0 0 0 0 28 -23 0 0 0 0 0 0 0 
0 -45 46 0 0 -24 0 0 0 37 0 0 20 0 0 0 0 0 0 0 0 0 4 0 0 0 0 0 -21 -6 0 0 25 0 0 47 0 0 0 0 0 -27 0 0 0 0 0 -25 0 0 0 0 0 0 0 0 0 0 -26 -15 0 0 0 0 0 0 0 0 -14 0 0 0 0 0 0 0 0 -20 0 0 0 0 0 0 24 0 0 -40 -14 0 0 0 0 0 4 0 0 34 0 0 0 47 42 0 0 -31 0 0 0 46 0 0 0 0 0 0 0 14 0 0 -21 0 17 4 -15 50 -7 -11 -18 -2 0 0 0 0 0 -26 4 -35 0 0 0 0 0 0 -26 0 0 0 0 0 0 0 0 0 0 0 0 0 0 -17 0 0 0 0 0 0 0 39 0 3 0 0 0 0 0 0 0 0 0 0 0 0 -38 0 0 0 23 0 0 0 27 0 -30 0 0 -7 45 0 -6 15 
0 0 -19 0 0 38 0 0 0 -26 0 0 0 0 0 0 0 0 -28 0 0 0 0 0 0 -21 0 0 0 20 -25 28 0 0 0 29 0 0 0 41 0 0 0 49 0 0 0 0 21 38 15 0 0 0 0 0 0 0 0 0 0 -4 0 0 0 0 0 0 0 0 0 0 0 0 0 0 -4 0 0 0 0 0 0 0 7 0 0 0 0 0 0 0 0 8 0 0 0 0 0 0 0 0 0 -13 0 0 43 0 0 0 0 12 0 0 0 0 0 -26 0 0 0 0 -15 0 0 0 0 0 0 0 0 -48 0 0 -22 -29 0 0 0 0 0 0 0 -7 0 -36 0 0 -23 -8 0 0 -7 0 0 0 0 0 20 0 0 -6 0 0 0 0 0 0 0 0 -41 0 0 0 0 -49 0 0 28 0 25 0 11 -11 0 0 0 0 0 25 0 -18 8 0 0 -36 0 0 44 0 
0 -29 0 0 0 0 0 0 34 0 0 47 0 0 0 0 0 0 0 33 0 0 -20 42 0 17 0 -27 0 0 -23 0 0 0 43 0 0 0 0 0 0 0 0 0 0 29 0 0 0 -2 0 -20 0 -27 0 0 0 0 -32 20 0 0 0 0 0 -47 18 0 12 29 0 0 21 0 0 0 0 0 0 -31 0 28 0 -25 0 0 -10 0 0 0 46 18 0 -17 0 0 0 0 -40 32 0 0 -16 16 0 0 36 43 0 0 -39 0 18 0 -46 0 36 10 0 0 0 0 0 0 0 0 0 0 0 0 44 0 0 0 0 0 -30 0 0 0 0 0 39 0 0 0 0 0 0 0 -50 0 32 0 0 0 0 0 -39 0 0 0 -29 0 0 0 19 -5 0 -32 0 0 0 0 0 0 0 -50 0 0 0 0 0 0 0 0 0 -44 0 0 27 0 0 0 0 -30 -18 0 -25 0 
-45 0 0 0 48 0 0 -2 39 0 -43 0 -32 0 0 0 0 0 0 37 0 0 0 0 -14 0 0 -49 0 0 0 0 0 -14 0 0 0 0 0 0 0 0 0 0 0 0 0 0 0 0 0 35 38 49 0 0 0 0 23 0 0 0 0 0 0 0 0 0 -46 0 -48 0 0 0 0 0 0 0 -33 38 50 0 0 -42 0 0 0 0 0 0 0 0 0 0 39 28 0 0 0 0 0 -32 0 0 -31 0 42 0 0 0 49 0 0 0 0 0 0 0 0 0 -9 -7 -34 0 0 0 0 0 0 0 17 0 0 1 -45 0 -33 0 0 0 0 26 0 28 0 -8 0 0 -1 0 0 0 0 3 0 0 0 0 0 0 0 0 44 41 0 0 -35 0 0 0 33 0 0 -45 0 -15 2 0 -35 0 0 0 0 0 0 0 0 0 39 -30 0 0 0 0 0 0 0 0 0 36 
0 -23 0 -28 -2 -47 0 18 0 0 0 0 -6 0 0 -28 0 0 0 0 0 0 25 0 0 -48 29 0 0 0 0 0 0 0 0 0 -40 0 -34 0 0 0 0 37 0 0 0 0 40 0 0 0 0 0 0 0 0 0 0 5 -32 0 0 0 0 0 0 0 7 0 0 0 0 0 0 -12 0 0 0 0 0 0 -39 0 0 0 0 0 -7 0 -6 0 0 0 0 -7 0 -45 0 0 0 0 -23 0 -10 0 0 44 0 0 0 0 38 0 0 0 0 0 17 0 0 0 0 3 -49 0 0 -46 0 0 29 -13 0 0 25 0 0 -41 0 0 0 0 0 41 0 0 0 0 20 0 3 0 0 0 0 0 29 0 -45 0 0 -41 -35 0 -49 0 -28 0 0 0 -45 0 0 0 0 0 -2 0 0 18 0 -16 0 27 44 0 -39 -12 0 29 0 0 38 0 0 0 0 0 0 -36 
0 0 20 0 0 -8 -26 0 -21 0 0 0 0 0 0 0 33 37 0 0 0 0 0 -17 0 0 0 0 0 0 0 -40 42 0 0 0 0 0 0 0 0 3 0 0 0 0 0 -33 0 0 -47 41 -14 7 0 0 0 0 0 -31 0 0 -42 -46 0 0 0 -40 0 0 -1 0 0 -38 25 -9 0 0 0 0 0 0 0 0 0 -31 -13 0 18 0 -14 0 -36 0 0 0 0 -37 17 0 -19 0 0 0 0 0 0 0 0 -19 6 0 0 -32 -14 0 0 0 0 14 0 0 0 0 0 0 0 5 0 0 0 0 0 0 12 0 0 0 0 0 0 0 0 -27 0 0 -9 0 0 0 0 0 -43 0 0 41 0 0 0 0 0 42 0 0 0 0 -45 0 16 0 26 0 -49 0 0 0 0 0 0 0 0 -34 0 19 -40 32 0 0 0 0 0 0 0 0 0 2 0 -19 0 0 
0 0 0 1 0 0 -25 0 0 22 0 0 0 0 0 0 0 0 0 0 0 0 0 0 0 0 33 0 5 6 0 0 0 -43 0 0 0 28 0 -24 0 0 0 0 0 0 -36 0 37 0 -7 -46 0 0 0 0 0 0 -26 5 0 0 17 0 0 0 0 -30 42 0 0 0 -19 0 0 0 -36 0 36 0 0 26 -3 0 0 0 0 0 0 0 0 0 0 0 21 0 46 0 35 0 0 0 0 0 0 0 46 42 -44 0 0 0 8 0 -48 0 0 0 -23 -23 0 0 0 -31 3 0 0 0 0 -39 40 0 0 0 0 0 0 0 -37 0 0 -28 -15 0 0 23 0 0 0 0 0 5 21 0 0 -22 0 -6 0 0 37 0 0 0 0 0 -1 16 0 -22 0 0 0 0 -8 0 0 0 27 0 0 0 -44 0 0 0 0 0 0 0 0 0 0 36 0 0 0 0 0 0 
0 0 0 0 26 3 -43 0 0 0 0 0 13 0 0 0 0 0 0 0 0 -7 0 0 -1 0 0 0 -1 0 0 -8 0 0 6 -12 0 0 16 0 0 0 0 0 44 0 0 0 -11 0 -14 0 -42 0 0 0 0 0 0 -7 0 0 -13 0 0 0 0 -40 -21 -28 -27 18 0 0 0 0 0 0 -22 0 0 0 31 0 0 -25 0 0 0 0 0 0 0 0 -43 0 0 18 0 0 0 0 0 0 23 0 0 16 0 0 0 0 0 0 0 0 0 0 -36 0 0 -33 0 0 0 0 0 0 0 27 -42 0 0 0 13 -47 0 40 48 0 -35 -25 17 0 0 0 0 0 0 0 0 14 0 0 0 0 0 0 0 0 0 -8 0 0 0 0 0 -31 0 0 27 0 0 0 6 0 0 0 0 0 0 0 0 2 0 -38 0 0 16 0 0 0 0 0 0 -37 0 0 0 0 
-37 -29 2 0 0 0 0 0 0 0 0 0 0 0 4 0 -20 0 25 0 0 0 0 16 0 -33 -33 0 0 0 0 0 22 0 0 0 0 0 0 0 0 0 0 0 0 -10 0 24 0 0 0 0 0 0 0 22 -19 6 -16 0 0 0 0 0 -30 0 0 0 0 0 10 0 0 0 0 0 0 0 0 0 0 0 0 0 0 0 0 45 0 0 0 0 -50 30 0 0 0 0 -24 0 0 0 0 0 -24 0 0 0 -10 0 0 0 0 0 0 0 0 -28 0 0 0 0 9 5 0 0 -6 42 0 0 -50 0 0 0 0 0 0 0 -38 0 0 0 0 0 0 43 0 0 0 0 0 0 0 0 0 -22 0 0 0 0 0 0 40 11 0 0 0 0 41 28 0 0 0 0 0 0 0 0 0 0 0 46 0 0 0 0 0 0 0 0 0 0 43 0 39 0 0 0 14 32 
0 0 5 0 0 0 -46 -31 0 0 0 0 -11 0 0 0 42 0 0 -17 0 0 16 10 0 0 0 0 0 0 0 0 0 0 0 47 31 43 0 0 0 0 0 0 0 0 0 -36 0 0 0 0 0 0 0 0 -29 -17 0 0 -20 0 0 0 0 0 8 0 0 -23 0 0 0 0 0 0 0 0 9 0 -7 40 0 0 0 -25 0 -20 0 0 -4 -31 0 0 0 0 0 0 1 0 0 0 0 0 0 43 0 0 0 0 0 0 1 0 0 0 0 0 0 -17 0 0 0 0 0 0 0 0 0 0 0 0 0 0 0 0 0 -11 -40 -27 0 0 0 0 0 0 0 0 0 18 0 0 -42 0 44 -45 0 -5 0 0 0 0 -37 0 0 0 0 0 37 41 0 0 -24 10 0 0 0 0 0 8 0 -37 0 0 0 0 0 0 -25 17 0 0 0 0 0 0 0 -27 -18 0 
0 0 0 0 0 0 41 39 0 0 0 0 0 0 0 0 0 -14 0 0 0 -1 0 0 0 0 29 0 0 0 0 0 0 29 1 0 0 0 0 0 -19 0 0 0 0 0 0 0 -27 0 0 0 0 0 0 0 0 0 0 0 0 0 0 0 0 -32 1 0 0 0 0 0 0 0 33 0 0 0 0 0 0 0 0 0 0 0 0 -24 0 0 0 -46 18 29 48 38 0 0 0 0 0 0 -21 0 0 50 0 0 50 0 33 -1 -43 -49 0 0 0 -28 0 0 0 0 0 0 50 0 0 0 0 0 0 0 0 0 0 30 0 -48 -44 46 0 -29 -16 43 0 -40 0 0 0 0 0 24 41 -13 32 0 0 0 0 0 0 -25 0 0 -9 0 0 0 0 -25 0 0 0 0 0 0 2 14 0 0 0 0 0 -30 -25 0 0 0 48 0 0 0 50 0 0 0 0 0 0 0 
0 0 0 0 0 0 0 0 0 0 0 0 0 0 0 -21 17 0 -48 0 0 0 -33 0 0 0 0 0 0 35 23 0 0 0 0 0 0 0 0 0 0 0 0 0 0 -44 0 0 0 0 0 0 -2 0 0 -44 0 0 -35 0 0 0 0 0 47 45 0 0 0 0 0 0 0 -47 0 0 9 0 -42 -13 0 0 0 0 0 0 -19 0 0 0 0 0 0 0 0 0 32 0 24 0 0 0 0 0 0 0 0 0 -20 0 0 0 0 0 0 0 0 0 0 0 5 0 46 0 0 0 0 0 18 0 0 0 0 39 0 37 0 -21 0 0 0 0 0 0 0 0 15 0 0 0 0 0 0 0 0 0 0 0 6 0 0 0 0 0 0 0 12 0 0 -6 0 13 0 0 0 0 -14 0 0 0 0 11 0 0 -27 4 0 0 0 0 0 0 -20 0 0 8 0 0 0 3 
0 0 0 0 0 0 0 0 20 0 0 0 31 0 0 0 0 0 29 0 33 0 -33 0 29 0 -7 0 0 0 0 14 0 -34 0 0 0 0 0 0 0 0 0 -9 35 -47 -11 -11 40 0 -19 0 0 -4 0 0 0 0 0 0 0 43 0 0 48 0 0 -40 33 0 0 0 0 0 0 0 0 0 -15 0 0 0 0 0 1 0 -47 0 0 -5 0 -22 -34 43 0 0 0 -10 0 0 -17 0 -30 0 0 0 0 0 0 0 0 0 4 0 0 0 50 0 0 0 0 0 0 0 0 0 0 -46 0 -46 0 0 0 0 0 0 0 0 0 0 0 -7 0 0 0 -14 50 -8 0 0 21 0 0 0 0 16 -49 0 0 0 45 0 8 0 0 0 0 0 0 0 0 0 -11 0 0 0 0 0 -49 0 16 0 0 0 0 -24 0 0 23 21 0 0 0 0 0 0 14 3 0 0 
0 0 0 0 0 35 0 0 0 0 0 1 0 0 0 0 -27 -49 0 0 0 0 0 0 0 0 0 34 0 33 0 0 0 0 0 0 47 0 0 -38 0 0 3 0 0 0 0 -38 0 0 0 0 0 0 0 0 0 0 6 0 0 49 30 -5 10 0 0 0 36 0 0 0 0 -23 0 0 0 0 0 0 -4 0 -16 -34 0 4 0 0 0 0 0 0 0 -43 0 46 0 0 -39 -25 0 -49 -32 18 0 -46 -39 0 0 0 0 1 0 -48 27 0 0 0 0 0 0 0 -46 0 0 0 41 -40 0 0 0 0 8 0 0 35 47 0 0 0 0 0 0 0 0 0 0 47 0 0 -12 0 0 0 48 0 -4 0 0 0 0 0 0 0 44 0 0 18 -31 36 -14 35 17 0 0 0 0 -48 0 0 0 0 18 0 0 -12 0 0 0 0 0 0 21 0 0 0 38 -35 0 0 
3 0 0 0 0 0 0 38 18 0 3 0 -26 -34 -21 0 0 0 0 0 5 -1 0 0 0 0 0 0 0 30 0 0 0 0 0 0 0 8 0 8 0 -40 0 0 -6 0 26 0 -32 0 0 39 0 35 39 0 0 0 0 42 0 0 0 0 0 0 -43 0 11 25 0 0 -30 0 -9 0 0 0 0 -20 -24 0 0 0 0 0 0 0 0 0 0 0 0 0 0 0 0 0 0 0 0 0 0 0 0 0 0 6 0 -23 2 0 0 0 19 0 0 0 0 0 -31 0 0 0 0 0 0 7 0 0 0 0 0 0 0 0 0 0 5 35 0 0 0 0 0 0 0 0 -10 0 0 -10 -1 0 0 3 0 0 0 -39 0 0 22 0 0 36 0 0 0 -8 4 0 -25 0 0 -19 0 0 0 0 0 0 0 0 0 0 -11 0 -8 0 -20 0 0 0 -12 0 0 0 0 0 
0 0 0 0 0 0 0 0 0 46 48 49 0 0 -6 20 0 0 0 0 6 0 0 0 0 35 0 33 30 0 0 0 0 0 0 0 -45 0 0 0 0 0 0 0 28 0 0 25 42 0 0 -14 0 0 0 0 0 0 0 42 0 0 4 -16 -10 0 32 25 0 -14 0 0 0 0 0 0 9 0 -32 0 0 0 0 0 0 0 0 -11 0 0 0 -39 0 -13 0 0 0 0 0 -34 0 0 0 0 -30 -35 0 0 0 0 0 0 0 -31 0 -34 0 24 0 0 -1 0 0 0 0 0 8 0 0 5 0 0 24 0 0 0 0 0 13 0 -1 0 19 0 0 0 0 0 0 0 -45 0 0 0 0 0 0 0 0 0 0 0 24 0 -8 0 0 10 0 38 0 0 0 0 0 0 -24 -29 49 0 0 0 0 0 -40 -8 0 31 0 0 0 0 0 -1 -20 0 0 45 0 0 
0 0 0 -24 15 -32 -9 0 0 0 -16 24 12 0 0 -25 -23 0 0 0 0 0 0 0 0 23 0 0 0 0 0 0 0 0 0 0 0 0 0 -38 0 0 12 -2 0 0 0 0 0 42 0 0 0 28 0 0 23 46 0 0 0 0 -20 0 36 0 0 0 49 0 0 0 0 21 34 0 -41 0 0 0 0 0 -17 0 0 7 2 0 0 0 0 0 0 -50 0 -20 0 0 -20 0 0 0 -31 2 -29 0 0 0 0 0 0 0 0 0 -21 0 0 8 0 0 0 0 39 -30 0 0 35 0 36 0 0 0 0 0 0 14 19 0 0 0 -50 -3 0 0 0 0 9 0 0 0 -3 0 0 0 0 0 0 0 0 42 0 0 -22 0 0 0 33 0 0 39 27 0 0 0 -2 0 0 0 0 -3 0 50 5 0 0 0 0 0 0 0 0 0 -34 43 38 0 33 0 0 0 
0 0 0 -18 0 0 0 0 0 18 0 0 -36 0 0 28 0 0 0 -40 0 -8 0 0 0 0 14 0 0 0 0 0 0 0 36 0 0 0 0 0 0 0 0 0 41 0 0 38 0 31 0 0 18 0 0 0 0 0 0 -13 0 0 0 0 0 0 3 -41 0 0 0 30 0 0 0 44 0 -16 0 0 0 0 0 0 0 0 0 0 0 0 -13 0 0 0 0 0 0 0 -20 0 0 0 0 0 0 0 0 0 -12 0 0 0 0 -44 -15 0 0 0 -25 44 0 0 0 0 0 0 24 0 37 -28 -29 -42 0 0 0 0 0 0 0 0 0 35 0 0 0 0 26 0 -10 0 0 0 0 0 0 0 0 0 0 0 0 0 0 0 0 0 0 0 0 0 33 31 22 27 0 0 0 0 0 0 0 0 0 -50 0 0 26 0 -20 0 47 0 0 0 0 0 0 0 0 0 
0 0 -9 0 0 15 0 14 0 0 30 0 0 0 25 0 0 0 0 42 0 0 22 0 0 0 0 0 0 0 0 0 19 14 0 0 0 0 0 0 0 20 20 0 0 0 0 0 0 0 0 0 0 0 -15 0 0 0 -41 0 0 0 0 0 0 0 0 0 0 0 0 0 0 0 0 0 0 0 0 0 0 0 0 0 -2 0 0 0 0 0 29 0 0 0 18 0 0 0 0 0 0 0 -20 0 0 13 0 -50 0 0 8 -19 0 0 -10 40 0 -45 0 0 50 23 0 -1 0 -5 0 0 0 -18 0 0 0 18 0 0 -35 0 0 12 0 0 -37 0 0 -45 0 0 0 0 0 0 0 0 0 7 0 0 0 0 0 0 0 0 -14 0 0 0 0 0 12 0 1 0 -29 33 0 0 0 29 0 0 0 0 0 -35 0 0 0 0 0 0 0 0 22 0 0 8 0 0 
0 0 -46 0 0 0 33 -33 1 0 0 0 0 0 0 0 0 -14 0 0 -43 0 0 0 29 0 -34 0 0 0 0 0 14 0 32 0 0 0 0 0 49 0 0 12 0 27 -31 -12 12 0 0 16 0 0 -45 0 0 0 0 0 0 0 0 0 0 4 0 -39 27 0 0 0 0 0 0 0 29 0 0 39 0 32 0 0 0 0 0 0 0 0 -49 0 0 16 0 0 0 0 0 31 0 0 0 0 0 0 0 0 17 -1 0 0 0 0 0 0 0 -5 0 0 0 0 0 0 10 0 0 0 0 0 0 -23 0 0 0 0 0 -15 0 0 0 0 0 0 24 0 0 0 0 0 0 0 0 0 26 -29 0 0 0 0 0 -13 -35 0 0 0 -42 0 0 0 -40 0 0 0 0 0 0 0 16 0 0 0 -40 0 -42 24 0 0 0 0 0 36 0 0 -38 49 0 43 0 0 
2 0 0 0 0 0 0 0 0 0 21 0 0 24 0 0 43 0 0 0 0 6 0 0 1 0 0 0 0 0 0 36 0 32 0 0 0 0 25 0 -14 0 0 0 0 0 0 0 0 -33 17 0 0 0 0 0 0 0 0 0 0 0 -34 0 0 4 0 0 0 0 0 42 6 0 0 0 0 0 0 44 -4 0 34 -26 0 0 0 0 0 0 35 -25 0 31 0 46 0 -10 0 0 20 0 0 0 6 0 0 0 0 36 0 0 0 0 -35 0 5 0 0 0 0 0 0 0 0 0 0 0 32 0 0 0 0 0 30 5 -3 0 22 20 0 0 -26 0 -23 0 0 0 0 0 0 49 0 -20 0 0 0 0 0 0 0 0 0 0 0 0 0 16 0 0 0 -49 0 0 0 -16 35 -46 0 0 10 -48 0 -33 0 -18 0 0 0 -20 0 0 0 0 0 50 -43 0 0 0 
0 21 0 0 -17 -49 0 0 0 0 0 0 0 0 47 29 0 0 0 0 0 -12 0 47 0 0 0 0 0 0 0 0 0 0 0 0 0 40 0 0 0 0 0 0 16 0 0 0 44 -50 0 0 0 -46 0 0 0 0 0 5 0 0 -50 0 0 0 -35 0 28 0 0 0 0 24 23 0 -13 43 0 0 0 0 0 0 0 0 0 0 0 -45 0 29 31 0 9 0 1 16 0 0 0 0 0 3 0 -46 0 -49 15 0 0 0 0 0 0 0 0 0 0 0 0 0 0 -9 0 0 0 -1 -47 0 -6 11 0 0 18 0 0 0 0 0 0 0 0 0 0 0 48 0 -38 0 0 0 0 0 0 0 0 0 10 0 0 0 0 18 -9 0 0 0 0 0 0 0 0 0 43 0 0 0 -8 0 0 0 0 0 0 0 -48 0 -36 0 0 0 0 0 0 0 22 0 0 0 
0 0 0 0 0 0 22 0 0 0 0 0 0 0 0 0 0 0 -40 0 0 0 0 31 0 0 0 47 0 -45 0 0 0 0 0 0 0 0 0 0 0 10 13 -14 0 0 0 0 0 0 0 0 0 0 0 0 -2 0 0 -8 0 0 0 0 0 0 0 -33 0 -40 0 10 0 0 0 0 -29 0 0 0 0 -50 0 22 28 -25 7 0 0 0 0 0 -40 0 0 -32 0 33 21 -26 0 -11 0 0 0 0 0 0 0 0 0 0 0 9 0 0 0 0 -8 0 0 28 0 0 0 0 -19 0 -7 0 0 0 -37 0 0 21 0 0 0 0 0 7 0 0 0 0 0 0 -50 0 0 -46 2 0 0 -8 0 0 0 0 0 0 0 0 -13 19 0 0 0 0 0 0 -11 0 0 0 0 0 0 -48 0 0 0 0 0 0 -37 0 0 0 0 0 0 0 0 0 0 45 0 0 
0 0 0 0 0 -28 0 -32 0 0 0 0 -6 0 0 0 0 0 0 0 28 0 0 43 0 0 0 0 8 0 0 0 0 0 0 40 0 0 -24 0 0 -15 0 0 -20 0 14 0 0 -22 39 0 0 0 0 0 -9 0 17 0 0 12 0 0 0 0 0 0 0 0 0 0 0 0 0 0 0 0 0 0 -10 0 15 31 -45 0 34 0 0 19 0 0 0 -3 0 0 0 0 0 37 0 0 0 0 0 0 -18 0 0 -26 0 0 0 0 0 -43 0 34 0 -44 0 0 -41 0 0 39 -10 0 0 0 0 0 -31 0 47 -1 -26 0 0 -47 0 0 0 0 -26 0 0 21 0 0 0 -2 0 0 0 0 0 0 5 0 0 0 48 0 0 0 0 0 -37 0 0 0 45 0 0 0 0 -37 0 40 0 0 0 0 0 0 0 7 22 18 0 0 0 0 0 0 4 37 0 0 
0 -32 0 0 0 0 45 0 0 0 0 16 0 0 0 0 0 0 -34 0 0 16 0 0 0 0 0 0 0 0 0 0 0 0 25 0 0 -24 0 0 0 0 0 0 0 0 0 0 0 0 33 0 -8 0 37 -26 0 0 11 0 0 38 -41 0 0 0 0 -36 0 0 0 0 0 0 -44 0 0 0 2 0 -15 0 0 0 0 0 24 0 0 0 0 37 0 0 0 0 23 0 0 0 0 0 0 34 0 49 -48 0 0 -48 0 0 0 0 0 0 0 0 0 0 0 34 25 0 0 -27 0 0 0 0 0 0 0 39 36 37 0 0 0 0 0 13 -33 0 0 15 0 -15 0 0 0 -7 0 18 0 0 11 0 0 0 0 0 0 33 0 0 0 0 0 0 0 0 0 47 0 11 -35 40 0 28 0 0 0 2 -3 19 41 0 0 0 0 12 -8 0 10 0 0 -19 0 0 
0 15 0 0 0 0 0 40 0 12 0 42 0 0 0 41 0 0 0 0 -24 0 0 0 0 0 0 -38 8 0 -38 0 0 0 0 0 0 0 0 0 0 0 0 20 38 0 0 0 43 0 0 0 0 0 0 0 0 -33 0 21 -49 0 0 -18 0 0 0 0 0 0 0 0 0 33 0 0 33 0 26 0 0 0 0 0 0 7 0 0 5 0 0 0 -18 0 0 0 0 -12 0 0 0 29 0 24 0 32 0 0 0 -41 11 0 0 0 40 0 0 0 0 0 0 0 44 -19 0 0 0 0 0 0 0 0 0 -10 0 0 0 0 -48 0 0 0 -29 0 0 0 -27 0 0 0 38 0 0 0 0 0 0 0 0 0 21 0 0 0 0 -12 0 0 0 0 0 0 30 0 0 0 0 0 -24 0 0 0 0 0 0 0 0 0 0 49 0 29 0 41 0 0 0 0 0 0 
0 0 0 0 0 0 -25 -17 15 0 0 0 0 0 0 0 0 0 0 0 0 0 0 0 -19 0 0 0 0 0 0 0 0 49 -14 0 0 0 0 0 0 0 0 0 0 0 4 0 0 0 0 34 0 0 0 0 0 0 0 34 0 0 0 0 49 -41 -49 0 0 0 0 0 0 34 0 0 0 0 45 -19 0 0 0 25 0 0 37 -38 0 0 0 0 0 0 22 0 4 0 0 0 0 0 0 0 0 0 0 0 0 38 10 0 0 0 0 -47 0 0 28 0 0 -4 -35 0 -25 0 40 0 0 0 0 0 0 0 -7 0 0 0 0 0 0 0 0 0 0 0 0 0 0 -50 0 0 -3 46 0 34 0 -37 0 0 -9 0 37 0 0 0 0 0 45 0 0 0 0 0 0 0 0 -27 0 0 0 48 0 0 0 0 0 0 0 -33 9 0 -22 0 0 0 0 0 46 0 
0 0 -30 40 0 16 0 0 0 0 0 0 0 0 -27 0 0 0 0 3 0 0 0 0 0 0 0 0 -40 0 0 0 20 0 0 0 10 -15 0 0 0 0 0 0 0 6 45 0 0 -46 -46 -17 0 0 0 41 0 0 0 0 35 0 50 0 -8 -36 21 0 0 0 48 11 0 17 0 0 0 37 0 0 0 0 0 -38 0 0 0 -7 0 0 0 0 23 0 34 -43 0 6 0 0 -18 -6 0 0 0 0 14 0 0 0 -21 0 0 -28 0 0 0 12 0 -25 0 0 0 0 0 10 0 0 0 0 0 -6 44 42 0 0 0 0 -19 0 -23 0 0 0 0 0 0 0 0 0 4 0 0 0 0 -19 8 0 0 0 0 0 0 0 0 0 0 0 -47 0 0 0 0 -36 0 0 -6 0 19 0 -31 0 -30 0 0 0 -31 0 0 0 0 0 0 0 31 0 0 0 0 0 
0 0 0 0 0 -36 -29 0 0 0 0 26 0 0 0 0 0 0 0 0 0 0 0 0 0 0 0 3 0 0 12 0 20 0 0 0 13 0 0 0 0 0 -2 0 0 0 0 0 -14 0 0 0 0 0 0 0 0 0 0 11 0 -32 0 0 0 0 -20 0 0 0 0 0 0 0 0 -14 0 -20 43 0 0 -26 49 -43 0 -45 -30 0 17 35 0 0 0 0 0 0 0 46 0 49 35 0 17 0 0 0 0 0 0 0 0 -33 0 0 4 0 -18 0 0 0 0 0 0 0 0 0 0 0 0 0 0 0 -49 0 0 0 46 0 0 0 0 0 0 0 0 0 0 0 28 0 -38 0 0 0 0 0 -43 0 0 0 3 0 0 0 0 0 0 0 0 0 0 0 28 25 0 -44 -37 0 0 36 0 -32 45 0 0 0 0 0 0 -44 0 0 -3 0 0 0 0 0 0 0 
0 0 0 0 9 0 0 46 -47 0 -18 0 0 0 0 49 0 0 37 0 0 0 0 0 0 0 -9 0 0 0 -2 0 0 12 0 0 -14 0 0 20 0 0 0 -11 0 0 0 0 28 0 0 0 0 0 0 0 -43 0 0 35 0 0 0 -7 -17 21 0 0 0 -15 0 0 0 0 20 0 31 0 0 0 0 0 0 9 50 0 0 -36 0 31 0 0 0 0 0 0 0 -17 0 -5 21 0 0 0 0 0 0 0 0 48 -24 34 -25 0 0 0 0 0 0 0 0 24 0 0 35 0 0 0 16 0 -8 0 -14 0 25 0 -20 0 0 16 0 0 0 0 -21 0 2 0 0 16 0 0 0 0 0 0 0 0 0 0 0 -35 50 0 10 0 0 0 0 0 0 30 0 0 0 0 0 18 0 0 0 23 0 0 0 49 3 0 0 0 0 0 5 0 40 -29 0 0 0 0 
0 0 50 0 0 0 0 0 -25 -21 0 0 0 0 0 0 0 0 0 0 0 44 0 0 0 0 35 0 -6 28 0 41 0 0 0 16 0 -20 0 38 0 0 0 0 0 0 0 13 0 0 0 0 0 37 -31 0 0 -31 0 0 0 -20 -44 0 -38 0 0 23 0 0 0 33 -13 0 0 0 0 0 0 0 0 0 0 0 0 0 0 0 0 -6 0 26 0 0 0 0 -6 0 0 0 0 -8 1 0 0 0 0 0 -37 -10 39 0 0 0 9 -43 0 0 0 39 0 0 0 0 -23 0 -6 -38 0 0 0 -2 0 -31 0 -32 0 6 0 -25 5 0 0 0 0 0 0 -43 0 0 0 0 13 0 0 0 0 0 0 -13 0 0 0 0 -19 0 0 0 0 0 0 0 0 0 48 0 0 0 2 0 48 0 -23 39 0 0 0 0 -41 0 -14 0 45 0 0 0 0 0 0 0 
0 0 0 0 0 49 0 13 0 0 0 -35 5 0 0 0 29 0 0 0 0 0 -10 0 0 -44 -47 0 0 0 0 0 0 27 0 0 0 0 0 0 0 6 0 0 0 0 0 0 -44 0 0 0 0 0 0 -5 -37 0 0 0 0 4 0 -24 0 0 0 0 0 0 0 0 0 0 0 0 0 0 0 0 0 0 0 -16 0 0 0 0 0 0 -46 -8 0 0 0 32 0 0 0 0 0 0 40 1 0 -42 0 0 0 0 0 0 0 0 0 0 0 0 -9 0 0 -13 0 0 0 -5 0 0 -22 0 0 0 0 0 0 -27 0 0 0 0 0 9 0 0 0 0 0 45 0 0 0 -48 0 0 0 0 -6 22 0 0 0 0 0 0 0 0 11 -18 0 34 0 0 -27 0 0 0 0 0 0 0 0 0 -40 40 0 0 38 0 0 0 0 0 0 16 18 0 0 0 0 0 
0 0 0 0 0 0 0 49 0 0 22 0 -33 41 0 0 0 0 0 0 -36 0 0 0 0 0 -11 0 26 0 0 0 0 -31 0 0 0 14 0 0 4 45 0 0 0 0 0 0 0 0 0 0 0 25 0 -23 0 0 0 0 31 0 -8 0 0 0 0 -40 0 -17 0 0 13 0 -34 0 -15 0 0 0 -22 0 0 0 -24 0 0 -19 0 -23 -19 0 5 -5 -25 0 0 10 -19 0 -30 0 0 0 0 47 16 0 -37 0 0 0 -42 4 37 0 0 0 0 0 0 0 0 0 -43 -44 0 0 0 31 -45 0 0 0 0 0 0 46 0 0 49 0 4 0 0 0 0 0 0 -41 0 0 47 0 24 -50 0 27 0 26 0 0 0 -23 0 -36 0 0 0 0 0 0 0 0 0 40 0 -37 0 0 0 5 0 0 -47 0 38 -18 0 0 32 0 -28 0 1 -30 0 0 44 9 
-17 0 0 0 0 0 0 -36 0 0 44 0 0 0 -25 0 0 0 0 -33 0 0 24 -36 0 0 -11 -38 0 25 0 38 0 -12 0 0 0 0 0 0 0 0 0 0 13 0 0 0 0 0 0 -1 -8 0 0 0 0 0 0 0 4 -43 0 0 43 -34 0 0 47 43 0 29 49 0 26 0 0 0 0 0 0 0 0 0 0 0 0 0 0 0 0 0 0 0 0 0 0 -19 0 0 0 0 0 -9 0 0 0 -1 -18 -39 0 0 0 0 -48 0 0 0 0 0 0 12 -44 0 -39 40 0 1 -48 0 -41 0 0 0 -1 -30 0 0 17 0 -31 0 0 0 0 -44 0 0 0 0 0 4 -7 0 -17 -38 0 0 0 0 -31 0 12 0 0 0 0 0 0 0 0 0 -17 49 -35 0 0 0 0 14 0 0 33 0 0 0 0 -29 36 0 38 0 0 0 0 0 0 41 0 -46 
0 48 0 0 2 0 0 39 35 0 0 0 0 0 0 21 0 0 40 0 37 -11 0 0 -27 0 40 0 -32 42 0 0 0 12 0 44 0 0 0 43 0 0 -14 28 0 -44 0 0 0 0 -38 0 0 0 0 0 0 0 -19 0 0 0 0 -27 0 0 0 0 0 0 0 0 0 0 0 0 0 43 0 0 0 0 0 26 0 0 0 43 0 49 0 -43 0 -25 11 14 0 0 0 0 0 0 -6 -39 -35 0 0 0 0 0 10 0 -17 0 0 32 -49 0 3 0 0 46 45 0 0 42 -13 44 0 0 0 0 -49 0 -45 0 0 16 0 0 0 -3 -19 0 0 0 0 4 0 0 6 -16 0 0 0 0 0 0 0 0 0 0 44 0 0 0 45 23 0 -29 0 0 0 0 0 0 0 0 -50 0 26 -43 -3 0 0 0 0 0 0 -12 0 -39 0 0 0 47 0 0 0 0 
0 0 0 44 0 0 -33 0 0 0 0 0 0 -22 0 38 -2 0 0 0 0 0 0 0 0 0 0 0 0 0 42 31 0 0 -33 -50 0 -22 0 0 0 -46 0 0 0 0 0 0 0 0 40 0 0 0 0 0 0 -35 0 0 0 0 0 -1 0 19 0 39 0 0 0 0 0 0 0 31 -4 0 0 0 0 33 45 0 0 0 0 40 0 0 0 0 0 0 0 -35 0 0 0 -5 0 0 -39 -11 0 0 0 0 28 0 0 0 0 0 0 0 0 0 30 0 0 0 -22 0 0 0 18 0 0 0 0 0 0 -27 0 0 20 -3 16 0 0 -44 0 0 0 0 0 0 8 0 0 -26 0 41 0 -10 -16 0 0 0 37 0 0 0 0 -2 -42 0 0 0 0 45 0 -17 0 -24 0 0 0 0 0 0 0 6 0 0 0 8 0 -44 -10 0 0 0 0 0 0 0 0 0 
0 0 0 0 43 0 0 10 0 -48 0 0 0 0 0 15 0 0 0 -47 -7 -14 0 0 0 0 -19 0 0 0 0 0 0 0 17 0 0 39 33 0 0 -46 0 0 0 0 0 0 -38 40 0 0 0 0 0 -50 25 0 0 0 0 0 0 -29 0 0 0 0 0 0 0 0 26 0 0 0 0 0 -34 0 0 0 0 40 0 0 0 0 0 0 0 -6 0 0 0 0 0 0 0 9 47 0 0 0 36 0 0 0 33 -13 38 0 0 0 -36 0 0 0 0 0 0 0 0 0 0 0 0 0 0 0 0 0 0 -46 0 0 0 0 -40 24 0 0 0 0 0 0 -36 0 -14 -23 0 11 4 0 0 0 0 0 0 0 0 0 0 18 0 0 0 0 -43 0 0 0 0 30 0 0 0 0 0 0 0 44 0 0 0 35 0 21 0 0 0 0 0 0 8 -12 0 0 0 0 
0 49 0 -29 0 0 10 -43 0 0 36 0 0 0 0 0 -20 35 0 41 -46 0 0 0 0 0 0 0 39 -14 0 0 0 16 0 0 0 0 0 0 34 -17 0 0 0 0 0 -1 0 0 0 0 -32 0 0 -40 0 0 0 0 -18 -45 0 0 0 0 0 0 38 0 0 -42 0 -38 0 0 -48 0 0 0 0 0 -33 0 0 0 42 0 0 0 -22 0 0 0 0 0 0 0 0 0 0 0 10 -9 0 0 0 0 17 0 0 0 18 0 0 0 0 0 0 0 0 0 -28 0 0 0 0 0 0 0 0 -6 11 0 0 0 0 0 0 0 0 0 0 0 -26 22 0 0 0 0 0 0 0 0 0 10 -5 0 0 0 0 0 0 -3 0 0 -49 0 0 0 0 0 0 0 0 0 36 0 0 0 0 0 22 0 0 0 -49 0 0 18 -32 0 0 -46 0 0 0 0 0 0 
0 0 -12 0 0 0 0 0 0 0 0 0 13 -28 0 0 0 38 0 -14 0 -42 0 0 0 -2 0 0 0 0 0 18 0 0 0 0 0 0 -8 0 0 0 0 0 0 0 0 -8 0 0 0 -32 41 0 0 0 7 0 24 0 0 0 0 0 0 0 0 0 0 0 0 2 0 0 -26 0 0 0 -39 -2 31 0 0 0 0 0 0 0 0 0 0 0 0 0 0 0 0 -9 0 0 0 0 0 0 21 0 0 0 0 0 0 0 0 0 -9 0 0 0 0 0 0 0 0 0 0 0 -50 0 48 10 -16 -14 0 0 0 -5 0 0 -50 0 0 0 0 0 0 0 -25 0 15 0 -40 0 -31 0 0 -26 0 0 0 0 0 0 0 0 0 0 0 0 0 16 47 0 0 0 0 0 20 0 0 0 0 0 0 0 0 0 0 0 0 0 -31 1 0 0 0 0 0 -3 13 0 
0 0 0 0 -6 0 1 0 0 29 -36 -22 -29 20 0 0 -27 49 0 7 0 0 0 0 0 0 -4 0 35 0 28 0 0 0 0 -46 0 0 0 0 0 0 0 0 37 0 25 0 0 0 0 0 0 0 0 0 0 29 2 24 0 0 0 0 0 0 -39 35 0 0 11 0 0 0 0 -25 0 0 0 0 0 0 0 0 0 0 0 0 0 16 20 0 0 0 0 36 0 0 20 0 8 0 0 0 0 0 0 29 0 0 0 0 0 0 0 0 0 0 -34 0 0 45 0 0 0 0 -19 18 0 0 0 19 0 -45 19 0 0 0 0 0 0 -45 0 42 0 28 0 0 0 0 0 0 0 0 0 0 -25 0 0 0 0 0 0 20 0 0 0 0 -33 38 0 0 0 6 -21 0 0 0 0 0 -1 -12 0 0 -12 1 0 0 42 0 -33 0 0 0 29 13 0 33 0 0 
0 0 0 0 0 33 24 0 0 0 0 0 0 -10 0 0 0 0 0 0 0 0 0 0 0 0 0 0 39 0 0 0 -15 -45 0 0 0 0 37 0 0 0 0 0 -31 0 0 0 0 0 0 0 0 0 0 0 -29 -24 0 0 0 0 0 0 0 0 -39 0 -31 0 0 0 15 0 36 -41 15 0 0 0 0 0 0 31 46 -7 0 -26 0 0 -5 50 0 9 0 0 0 0 0 0 0 3 -47 -12 -14 5 0 0 0 0 0 27 0 0 0 0 0 0 0 -18 0 0 0 0 0 0 0 0 0 0 0 46 0 0 0 0 15 -2 28 0 0 45 0 0 0 0 0 0 0 41 0 0 0 0 0 0 0 0 0 0 0 -40 0 0 -10 0 0 13 38 0 0 22 12 0 0 -33 0 -13 0 0 0 0 0 0 0 7 0 -22 0 0 0 0 0 0 0 0 0 0 0 0 
0 0 0 -14 17 0 0 0 0 0 0 0 14 0 0 0 0 0 0 0 0 0 22 0 0 -44 0 0 0 0 0 0 0 0 0 0 0 0 -26 0 0 41 0 0 0 -5 -23 0 0 0 -50 -40 0 0 0 0 0 -47 15 -25 0 0 0 -49 0 0 0 0 40 0 0 0 0 0 0 23 0 27 0 0 0 36 -22 0 0 -40 46 0 0 0 0 -23 49 0 -25 0 0 0 0 0 0 0 0 0 0 0 0 0 -13 0 0 0 0 0 -18 0 0 0 0 19 0 -49 0 0 0 0 0 0 0 0 0 0 22 0 0 0 -37 0 0 -17 0 0 47 48 0 0 0 1 0 0 -1 0 0 -28 16 0 0 0 0 0 39 0 0 0 0 0 0 0 32 0 0 -24 0 26 0 -8 -13 0 0 0 -17 0 0 -15 0 0 0 0 0 0 35 40 0 -23 -17 44 -37 0 5 0 
0 0 0 0 0 0 0 0 0 0 0 -49 0 0 0 0 0 0 0 0 0 0 -19 -29 0 0 0 0 0 0 23 0 0 0 0 0 -2 -9 0 0 0 0 0 -43 0 -37 0 0 0 0 25 0 7 0 -29 0 0 9 0 0 35 -2 48 0 0 12 -43 0 0 0 0 29 0 16 0 0 0 0 14 0 0 -50 -45 -28 0 0 0 0 0 0 0 0 -20 0 0 -32 -37 0 -22 0 -41 0 0 0 0 16 0 0 0 0 0 -45 15 0 0 0 0 0 0 0 0 0 0 0 0 14 0 0 0 0 0 2 0 0 0 0 0 0 0 0 0 0 18 0 0 0 0 -47 4 -29 46 0 0 0 0 0 0 0 0 24 0 0 0 0 0 0 0 0 0 0 -29 0 0 0 32 0 0 0 -24 0 0 0 0 0 0 0 0 0 0 0 0 0 39 -46 0 0 0 0 0 0 
-23 0 0 0 0 44 -5 0 0 0 0 0 38 0 0 0 0 0 0 0 0 0 6 -17 0 0 0 0 0 0 46 0 0 0 0 0 0 0 0 -33 0 0 0 0 -31 0 0 0 0 -35 0 0 0 29 -24 -47 9 0 9 0 21 0 0 0 -18 0 0 0 0 0 0 0 0 0 0 0 0 0 0 0 -13 22 10 7 0 0 0 0 0 0 44 0 0 0 0 -1 0 0 0 0 0 -32 0 0 0 -7 0 0 0 0 0 0 0 0 0 0 0 0 0 0 4 15 -15 0 0 0 0 0 0 0 -4 0 0 0 0 44 46 0 -37 0 4 -35 6 0 0 0 45 0 0 -42 0 0 10 29 0 26 0 9 0 0 31 0 -15 0 -1 0 0 0 0 0 0 0 -39 0 0 0 0 0 0 0 0 0 0 0 0 0 0 0 0 0 0 0 9 0 0 0 0 47 0 0 
-28 8 0 0 23 -46 0 -36 0 0 0 0 8 0 -26 0 -32 23 0 0 -26 0 -16 0 0 -35 0 6 0 0 0 0 -41 0 0 0 0 17 11 0 0 0 0 0 0 0 0 0 -19 0 0 0 24 2 0 15 0 9 0 0 0 0 0 0 0 0 0 0 0 0 -37 26 0 0 -19 0 0 0 0 0 0 0 -35 -16 0 0 0 0 0 0 0 -2 0 8 0 0 0 0 -16 0 0 -30 0 0 -25 0 22 0 0 0 0 -29 18 -16 0 0 0 0 0 0 44 0 33 0 0 11 42 0 -11 16 0 0 0 -25 0 0 48 0 0 13 0 0 0 0 0 -25 0 0 0 13 0 0 0 0 0 47 0 -27 0 0 0 0 13 1 0 0 -41 0 0 0 0 0 17 0 -28 0 0 0 0 0 13 0 0 0 0 14 0 0 0 0 0 0 0 0 16 -43 0 23 0 0 
0 0 0 0 0 -27 -4 0 -49 0 0 0 -49 0 -15 0 20 0 5 -31 5 -7 0 0 0 0 0 0 42 42 0 -13 0 0 0 5 -8 0 0 21 34 0 11 35 0 0 0 0 0 0 0 0 0 24 0 -25 0 0 0 4 0 0 0 35 0 38 0 19 35 0 0 0 0 0 0 0 0 0 45 0 0 42 0 0 0 0 21 -19 0 0 0 0 -47 0 50 -25 0 38 0 0 0 46 0 36 0 0 0 3 -25 0 0 0 0 0 -24 0 0 0 0 0 0 0 19 0 0 0 0 0 0 12 0 0 0 0 0 0 0 0 0 -30 0 0 0 0 0 0 0 0 24 0 0 0 0 -34 40 0 0 0 0 0 0 0 0 0 0 0 0 0 0 0 0 0 0 -34 15 0 0 0 0 0 0 0 19 0 0 0 0 30 0 0 0 0 0 5 0 0 0 0 -31 -47 
0 0 0 0 -43 0 0 0 0 36 20 0 -19 0 0 0 0 0 -32 0 0 0 0 -20 0 0 0 0 0 0 0 0 0 0 0 0 0 0 0 -49 0 35 0 0 0 0 31 4 0 0 0 -18 0 0 0 0 35 21 0 0 7 0 0 5 0 0 0 24 0 0 8 0 0 0 0 0 16 0 7 0 -15 0 -6 0 0 0 -11 0 30 0 27 0 23 0 -37 0 0 34 0 0 0 0 0 43 0 0 -17 36 0 0 0 0 0 0 5 0 0 0 0 0 0 5 0 0 0 0 0 -29 0 48 0 0 0 -24 0 0 0 0 16 -38 0 0 -12 0 0 -43 0 -9 0 0 44 0 0 0 -19 0 0 0 0 0 0 42 13 0 0 0 0 0 -29 -48 0 0 0 0 0 0 0 32 0 0 -1 0 0 0 0 45 0 0 0 0 46 0 28 0 0 0 0 -19 0 0 
0 0 0 43 0 48 0 0 0 0 0 0 -29 0 0 -4 0 0 0 0 0 0 0 0 0 0 43 49 0 0 0 0 0 0 0 0 0 12 38 0 0 0 -32 0 -20 4 0 -43 0 0 0 -45 0 0 0 0 -2 0 0 0 0 0 0 0 0 0 0 0 0 0 0 0 -9 0 0 0 0 0 0 0 0 0 0 0 0 0 0 0 0 0 0 0 -23 0 0 0 0 0 0 0 0 0 0 0 -50 0 0 -28 0 0 0 0 0 0 0 0 0 18 0 11 -39 0 0 -14 0 0 0 0 0 27 0 0 0 0 0 -33 0 0 -31 13 -13 -42 0 0 0 0 0 0 0 11 0 35 0 -15 0 -10 0 0 -39 21 0 0 32 0 25 0 26 0 -16 -1 0 11 35 7 0 0 0 0 0 0 -50 0 0 21 0 -1 0 0 7 41 0 0 -28 0 0 0 0 0 -26 -20 
-43 -45 0 36 0 -13 0 0 0 -28 0 0 0 -22 0 0 0 0 0 -42 17 -13 0 0 0 0 0 30 0 4 -20 0 0 0 -34 -50 0 0 -41 0 0 50 0 0 -44 0 -8 0 0 0 0 0 0 0 0 0 48 0 0 0 0 0 0 0 0 0 0 0 -17 0 26 0 39 0 27 0 0 0 0 0 0 0 0 0 -7 -50 0 0 0 0 15 -49 0 -26 0 0 0 -15 0 0 0 0 0 0 0 40 20 0 0 0 27 -36 40 -43 0 23 -29 0 -3 0 0 0 0 0 0 0 0 0 -33 0 -27 0 0 26 0 0 -40 0 -21 35 0 -15 43 -11 -29 0 0 0 0 0 0 0 0 0 0 2 0 -41 0 0 0 0 0 0 0 -46 0 0 0 0 0 27 0 0 0 0 0 0 0 0 0 5 -29 0 0 0 0 0 0 0 -4 37 0 0 0 0 0 0 -1 0 
0 0 0 45 -48 0 0 -26 0 -9 0 0 0 5 0 0 0 0 0 -46 0 0 0 0 0 0 0 -5 0 -16 0 0 0 0 0 0 0 0 0 -18 0 0 0 -7 0 -24 0 0 -27 -1 -29 0 0 0 0 -49 0 0 0 35 5 0 0 31 0 0 0 0 0 -50 -32 0 32 0 0 -49 0 0 -4 0 38 0 0 0 0 0 0 0 0 43 0 0 0 0 0 0 0 28 0 0 0 0 14 0 43 -24 38 0 0 0 -29 0 0 0 0 0 0 0 0 0 0 0 0 0 0 0 0 0 0 21 0 0 0 0 0 0 0 0 0 -4 -25 0 -7 0 -29 0 0 0 0 0 0 0 0 0 12 0 0 0 49 -20 38 0 0 0 0 -34 0 0 0 0 0 -31 0 0 34 0 23 0 -45 38 0 0 0 0 42 0 0 0 0 0 0 0 0 0 0 0 0 0 0 0 
-13 0 0 0 -9 0 0 31 0 0 0 0 0 0 0 0 0 0 0 0 0 0 -30 0 0 47 48 10 0 -10 36 0 0 0 0 0 0 0 0 0 49 -8 0 -17 -38 0 0 43 0 0 0 0 0 0 0 0 0 -18 0 0 0 0 0 0 0 0 0 14 0 0 0 0 0 0 0 36 0 26 0 0 0 0 -23 0 -6 -22 26 -15 -41 0 0 0 0 0 0 0 0 0 0 0 0 -31 -36 0 -9 -25 -26 -50 0 0 0 0 9 0 0 0 0 0 0 0 0 -18 0 -45 0 0 0 0 -37 0 0 23 0 -45 0 0 0 32 0 0 0 -27 0 -18 0 0 -26 0 -17 0 0 0 33 0 0 0 -32 0 0 11 0 0 6 0 -30 -45 0 0 29 0 0 0 -48 0 -43 0 0 0 0 0 0 0 0 0 0 31 0 0 0 0 0 -1 -18 9 3 0 0 -11 -20 0 
-12 0 -46 0 0 0 37 0 0 33 -19 0 0 0 0 0 -47 0 0 0 0 0 0 0 -32 45 0 0 0 0 0 0 0 4 4 0 0 0 0 0 -41 -36 0 21 0 0 0 -34 0 19 0 0 0 0 0 0 12 0 0 38 0 0 0 0 0 0 -35 24 0 0 40 42 0 0 0 0 0 0 -40 42 0 0 12 49 0 0 0 -41 0 1 0 0 0 0 0 0 48 0 0 0 -35 0 0 0 0 0 0 0 0 41 0 1 0 10 0 0 0 0 0 35 0 0 0 0 46 0 0 0 0 0 0 0 0 0 7 -34 0 0 0 -17 0 26 0 0 0 0 0 0 0 0 0 0 -21 33 -38 0 0 -10 49 -50 0 0 21 -28 -40 0 0 0 -21 0 -41 0 -18 0 0 0 0 0 0 0 0 0 0 0 0 0 0 0 0 0 0 0 0 0 0 0 0 -2 0 0 
0 0 39 0 0 -41 0 0 0 0 0 0 6 0 0 0 18 0 0 0 0 0 0 8 1 0 0 0 -43 32 0 3 0 0 0 -35 0 0 0 0 -49 21 -20 0 0 0 0 0 0 0 0 0 0 -39 -39 0 -43 0 0 0 0 0 0 0 0 -35 0 0 0 35 0 0 -26 11 31 0 0 0 0 0 0 0 0 0 0 6 0 0 0 0 0 23 0 0 0 0 -27 -9 13 -10 0 0 0 0 0 0 8 0 0 0 -39 -16 0 0 -33 0 0 0 -2 0 -46 0 0 -41 0 0 0 0 -1 0 0 19 0 0 0 45 0 12 0 0 0 0 0 0 0 0 0 34 0 0 46 -16 0 0 0 0 49 0 0 0 -43 0 0 0 0 0 0 18 0 0 0 0 0 0 -26 0 0 0 0 0 1 0 0 0 0 0 -49 0 0 -36 25 0 0 0 0 0 -11 0 0 -42 
0 38 0 -48 -47 0 0 0 0 0 0 0 0 0 0 0 0 0 0 -40 -30 -40 0 0 0 0 -40 0 0 25 0 -41 0 -39 0 0 -33 0 -36 0 0 0 0 0 23 0 -40 0 0 39 0 0 0 35 0 0 0 0 0 19 24 0 0 0 14 24 0 0 0 0 0 -31 0 -45 0 -16 0 24 -36 0 0 24 0 0 0 0 0 0 14 0 11 -46 0 0 0 -31 0 0 0 -20 0 21 0 0 0 10 0 0 -22 0 0 0 0 0 0 0 0 0 0 0 -39 -30 0 0 0 0 5 0 0 0 0 0 0 0 0 0 0 0 0 -34 0 -41 0 22 0 -5 50 30 -30 -42 0 -38 0 0 0 0 0 0 0 0 0 0 0 0 0 -18 0 26 0 0 0 0 0 0 0 0 -20 -45 0 -13 0 -48 17 0 0 0 0 0 48 0 0 17 0 0 0 0 0 0 0 0 
39 0 -32 27 0 15 0 0 -29 13 0 12 0 0 -14 0 12 -46 7 0 42 -21 0 0 0 0 33 36 11 0 49 0 0 27 0 28 0 0 0 0 0 0 0 0 0 0 0 47 0 0 0 38 0 0 -31 40 0 0 0 35 0 0 -17 0 0 0 0 0 0 0 -33 0 0 -7 0 -3 0 0 16 0 -40 0 0 0 0 0 0 0 0 0 -34 15 0 0 0 0 0 47 0 -20 0 0 0 0 0 40 2 0 0 0 -47 0 0 0 0 -41 5 -46 -15 0 0 0 0 0 0 0 0 0 -50 0 0 -40 0 -43 -13 11 0 34 0 0 -14 0 0 0 0 0 0 0 0 0 0 0 17 46 0 0 0 0 0 0 0 42 0 23 0 0 0 0 39 0 -9 0 0 0 0 37 0 -18 0 6 0 0 0 -17 0 0 0 1 0 0 -8 -17 0 0 0 0 0 0 0 0 
41 0 0 0 0 0 0 0 0 0 0 0 0 0 0 0 29 0 0 0 0 -28 0 -23 0 0 0 0 25 -14 0 0 0 0 0 0 -40 0 0 0 0 0 0 -15 0 0 -17 43 0 0 0 0 0 0 0 0 0 0 0 0 0 0 0 -50 0 0 35 0 0 41 3 50 0 15 0 0 0 0 0 0 0 0 0 0 0 0 0 0 21 0 1 0 -50 0 0 0 20 0 -6 0 0 13 0 0 0 0 0 0 0 0 0 0 0 0 35 0 0 -35 0 0 0 0 0 43 -5 -41 0 0 0 0 0 25 -45 0 38 0 0 0 0 0 0 0 0 0 0 0 -4 -9 0 0 0 0 -46 0 0 11 0 0 0 0 0 -27 0 0 0 0 0 -19 0 0 0 4 0 0 0 0 43 0 0 18 -15 0 0 0 0 0 0 0 0 0 -40 0 0 -32 -7 0 0 -22 0 -14 
-40 18 0 -25 0 0 36 0 0 0 0 31 0 0 0 0 0 -48 0 -1 0 -27 10 0 0 0 0 0 0 0 0 0 0 0 0 0 0 0 0 0 0 48 0 0 0 0 0 0 0 0 0 0 0 11 0 0 0 0 -37 0 8 0 26 -32 0 40 0 0 -33 3 0 0 0 0 -19 11 0 -1 -14 0 0 39 0 20 0 0 0 0 -30 0 0 0 0 0 -45 0 0 0 -18 0 5 0 0 0 0 0 0 0 0 5 0 0 0 0 37 -47 0 0 0 0 38 0 0 0 0 0 0 0 -6 14 43 0 27 0 0 30 0 0 0 0 0 0 0 0 -10 6 0 0 0 0 0 11 0 0 15 0 -7 0 27 0 0 0 1 0 0 0 0 0 0 8 0 0 0 0 0 0 0 -16 0 29 0 -36 0 0 0 0 0 35 0 -48 0 0 0 -18 17 0 -50 0 0 0 
0 0 0 0 0 0 0 0 0 0 0 0 0 0 0 0 0 0 0 0 0 18 0 0 0 0 0 0 0 0 0 30 0 0 42 0 10 0 0 0 0 11 0 0 33 0 0 29 0 0 0 -42 2 0 0 0 29 0 26 0 0 0 0 0 0 42 0 -31 0 50 0 0 0 1 22 0 0 0 0 0 -15 31 0 -29 4 0 0 0 0 0 0 0 0 -48 0 15 0 0 0 0 0 0 0 0 -2 0 0 0 34 0 0 -21 8 -50 0 0 0 0 0 0 0 29 0 0 47 0 0 0 0 29 -39 0 28 0 0 23 0 0 0 0 7 0 0 10 0 -43 0 0 43 -49 -28 -31 0 0 0 -34 32 -23 0 0 0 0 8 12 0 0 0 0 0 0 0 -46 -29 0 0 0 0 0 0 0 0 0 0 0 0 0 -29 0 0 -37 0 0 0 0 0 0 0 0 42 -17 
0 19 0 0 0 0 0 -37 0 43 0 0 0 0 0 0 21 0 0 0 -19 0 0 0 0 0 0 0 -30 0 0 0 0 0 6 0 0 0 0 0 0 0 0 0 -13 0 13 49 0 0 26 0 0 0 15 0 0 0 0 0 0 -9 39 32 0 0 -26 0 0 0 0 0 37 14 0 0 29 0 0 -18 0 0 -47 0 -36 0 0 0 0 0 1 0 0 0 0 -29 0 0 0 -9 0 39 0 0 0 0 38 0 0 0 0 0 0 0 0 39 0 0 0 0 0 0 0 0 0 0 -11 0 0 0 0 0 0 0 0 0 -33 0 0 0 0 -12 0 0 0 0 0 0 0 0 12 0 -35 10 0 0 0 0 29 -21 0 -5 0 -15 0 0 -36 0 7 0 0 0 0 0 15 31 0 0 0 0 0 0 0 0 0 0 0 0 0 0 0 0 6 0 0 -39 0 0 0 0 
0 18 7 0 0 24 -15 0 0 0 0 0 0 -10 0 0 0 0 0 -38 0 0 0 0 0 -47 0 -23 0 0 21 0 0 0 0 24 0 0 0 33 34 17 0 0 0 0 0 0 0 0 0 -38 0 0 0 0 16 0 0 0 0 0 0 0 0 0 11 -45 -7 15 0 1 14 0 -35 23 0 0 0 0 0 0 0 0 0 -44 0 0 0 0 -18 0 0 0 0 0 0 0 13 0 0 0 -45 0 -35 -7 0 8 0 0 -3 -26 0 0 0 0 0 35 0 0 0 0 -24 -3 -18 25 0 0 0 0 16 0 0 -27 0 0 0 0 0 0 0 0 -16 0 0 -20 0 0 0 0 -24 46 0 0 0 -47 4 0 36 10 0 0 0 -46 0 0 0 0 -39 0 22 -17 0 -50 0 0 0 23 0 0 0 0 0 -11 0 0 0 0 45 28 0 0 0 34 0 0 0 0 15 0 
0 -22 0 0 15 0 0 0 0 0 0 -49 0 0 0 0 0 0 0 25 0 0 0 0 33 0 0 0 -9 0 34 0 0 0 0 23 0 0 -44 0 0 0 0 20 0 0 -34 26 0 0 0 0 -26 0 36 0 0 0 -19 0 0 0 27 0 0 0 31 0 0 0 -19 22 0 -35 0 0 41 28 0 0 0 0 0 0 0 0 0 0 0 0 0 26 0 -40 0 0 39 0 0 0 0 0 0 6 0 0 0 -30 0 0 0 -20 0 0 0 -9 0 0 -36 0 0 0 0 -45 0 0 0 0 14 0 1 0 -13 36 0 0 -22 0 27 0 0 -42 0 -27 0 0 0 30 0 0 41 0 44 0 0 18 -4 0 0 0 1 0 31 0 0 0 0 0 0 0 0 4 0 -48 0 0 16 0 0 32 0 -49 -30 0 0 31 0 0 -39 0 0 0 0 0 22 0 0 0 -31 27 
0 -49 0 0 15 4 0 0 0 0 0 0 0 0 0 0 0 0 -12 -9 0 0 0 0 0 0 0 0 0 0 0 44 0 0 0 0 0 0 0 0 0 0 -14 0 0 0 0 0 0 31 0 0 0 -25 -41 23 0 0 0 0 0 0 0 -49 36 0 0 -16 -3 0 11 0 0 23 0 0 0 0 0 0 0 0 0 0 0 0 0 0 -30 0 0 -50 -48 23 0 -46 0 -6 0 -32 0 0 4 16 -30 0 10 0 0 0 36 0 0 0 0 0 41 38 7 0 0 0 0 0 0 0 0 0 0 0 0 0 0 0 0 0 0 -39 0 -16 0 0 0 50 0 38 0 0 0 0 -12 0 0 0 0 0 0 44 0 0 0 0 0 0 0 0 5 0 0 0 38 0 20 -35 43 -6 0 8 0 0 0 0 0 0 0 0 0 -12 0 20 -5 0 0 0 -1 0 0 -39 0 0 
0 0 0 5 0 0 43 0 0 -8 0 0 0 0 0 -4 0 0 0 0 -36 0 0 0 0 9 0 0 0 9 -41 0 0 29 0 -13 -29 0 0 33 0 0 0 31 0 0 -15 0 0 -4 0 -48 0 0 15 0 0 0 0 0 16 0 0 0 0 0 0 0 0 0 0 0 29 0 41 0 0 0 -39 0 0 0 23 0 0 0 0 -20 0 0 0 0 -3 0 9 0 0 0 0 0 0 0 40 0 0 0 0 -5 0 0 0 0 0 0 0 0 0 33 3 0 0 0 -49 0 0 0 0 0 0 36 0 0 0 0 -18 0 0 0 0 0 0 0 0 15 0 0 0 0 -33 0 0 0 0 -21 0 0 45 6 -3 0 0 0 0 0 0 0 30 0 0 0 27 0 -47 35 0 0 -36 -28 0 0 0 -13 0 0 0 0 0 0 0 0 -30 -12 0 0 0 -2 0 0 45 0 
0 0 0 -22 0 0 0 -21 0 0 0 0 47 0 -20 0 0 0 0 0 0 0 0 0 0 0 0 0 0 0 0 -16 0 0 0 43 0 0 0 0 0 37 -20 0 0 0 0 0 43 0 0 0 0 0 0 27 0 0 0 0 0 0 0 0 26 0 0 24 0 0 -1 0 0 0 28 0 0 0 0 40 0 32 0 0 0 0 -42 0 0 0 0 -13 -18 -36 29 0 8 43 0 -37 8 0 0 0 0 0 0 0 0 0 0 0 44 0 0 0 0 37 0 0 0 -28 0 0 0 0 0 0 0 0 0 0 0 0 0 0 0 -49 0 -24 0 -13 0 34 0 0 0 25 -13 0 0 0 0 0 0 0 0 0 0 0 0 0 0 -40 0 14 0 0 0 -49 0 0 -10 0 0 0 0 0 0 0 0 0 0 -37 0 0 0 0 0 0 0 2 12 0 -26 46 23 0 -26 -28 
27 0 0 0 0 0 6 0 0 0 43 0 0 0 0 0 0 -33 0 0 36 -22 0 9 0 -42 -15 0 0 -32 0 0 0 0 0 0 0 0 2 26 45 0 43 0 0 0 0 0 0 0 -34 0 -39 0 0 0 14 0 0 45 7 0 0 -4 0 -40 0 -36 16 0 -14 0 0 0 0 0 -39 0 0 28 0 46 -34 -21 0 0 0 0 0 8 0 0 24 23 0 -6 32 0 0 0 34 0 0 0 0 8 30 0 5 12 -43 0 0 0 0 0 -6 0 0 0 0 0 0 -35 0 0 0 0 0 0 0 0 23 -25 0 0 -12 0 -26 0 -3 0 -24 2 38 0 0 0 0 0 0 0 0 -10 43 0 0 0 0 0 -41 -18 43 0 0 0 -7 0 50 0 0 40 0 0 -48 -49 0 -31 0 0 0 0 0 0 0 0 0 0 0 0 0 0 0 0 30 0 0 0 0 -8 
0 0 0 0 0 0 50 0 0 0 0 -40 0 -36 0 0 -31 38 0 0 0 0 0 0 0 -13 0 0 -20 0 0 0 0 39 44 0 0 0 0 0 -19 0 0 0 0 0 0 0 0 0 0 0 -2 0 0 0 0 0 0 0 0 0 0 0 0 42 0 0 0 0 0 0 -18 0 0 0 0 40 28 0 0 0 0 0 0 0 0 0 0 0 0 0 0 0 -12 0 43 -24 -34 0 -28 0 10 0 -26 16 0 0 0 0 39 39 0 0 16 5 0 22 0 0 0 0 0 0 0 0 0 0 0 -9 0 0 0 0 0 0 0 0 28 0 0 0 0 0 0 0 0 0 -40 0 0 0 0 0 0 0 0 0 0 0 0 49 0 39 -32 0 0 27 0 0 0 4 25 0 -25 0 0 0 0 0 0 -45 0 0 23 29 0 0 0 0 0 0 -40 0 19 0 0 0 0 0 
0 5 -37 0 0 0 0 0 0 35 0 0 14 10 0 0 0 50 0 0 0 0 0 -7 0 0 0 -4 -24 0 0 0 0 0 -4 0 0 -10 -15 0 0 0 0 0 0 0 -22 0 0 0 0 0 31 0 0 0 0 -13 0 0 -15 0 0 38 0 0 0 0 -40 0 0 -15 0 0 0 0 0 0 0 0 0 0 0 0 0 0 16 0 -27 0 0 0 0 -36 0 21 0 42 0 0 0 0 0 23 0 -29 0 0 0 0 0 0 0 0 0 0 0 -42 0 0 0 0 0 0 0 0 -9 0 0 0 -50 -37 -14 0 0 0 0 -44 0 0 0 40 0 0 0 0 0 -34 0 18 0 0 34 0 43 0 0 0 0 19 0 -24 -38 0 0 0 0 27 0 0 -13 37 0 0 -7 0 0 0 0 0 0 0 0 -23 0 11 0 0 -19 0 -45 0 0 -22 0 0 -25 0 0 0 
0 26 0 0 0 -23 0 0 0 0 0 4 0 0 0 0 28 0 0 0 26 0 0 40 0 0 0 0 0 0 0 0 0 32 0 0 -50 0 0 0 0 0 -26 0 0 0 0 0 0 33 0 0 0 0 0 36 -50 22 0 42 0 0 0 0 0 0 0 24 0 0 39 31 0 0 0 0 0 32 46 0 0 0 -23 34 0 0 0 19 0 0 0 0 0 0 48 0 0 0 0 0 -30 -23 0 0 0 30 40 0 0 0 0 0 0 19 0 0 0 0 0 0 0 9 0 0 0 -47 0 0 0 25 0 0 0 -37 0 0 28 0 0 0 0 0 0 0 -15 0 0 0 -48 -18 0 0 0 0 0 0 0 0 0 0 0 0 0 0 46 0 0 0 40 34 20 43 0 40 0 -50 24 0 0 25 0 0 1 0 0 0 0 40 0 2 0 0 0 0 -45 -23 0 0 0 0 
-37 0 0 0 48 0 49 0 0 0 -15 46 0 0 0 0 0 0 -39 0 -3 31 0 0 0 0 0 -16 0 0 -17 0 0 0 34 0 0 15 0 0 0 0 49 0 0 0 0 0 0 45 0 -33 0 0 0 -22 -45 10 -35 0 -6 0 0 0 -23 12 0 0 0 0 0 0 -47 0 0 0 23 0 -34 0 0 -23 0 0 0 0 2 -12 0 0 0 0 -8 41 -26 0 0 0 0 0 0 0 0 0 0 0 8 0 30 0 0 0 23 0 17 0 40 0 0 0 0 0 5 -40 0 0 0 0 12 0 0 -50 0 0 0 0 -50 0 0 0 0 0 0 0 0 0 0 0 0 0 -50 0 0 0 0 0 9 0 -22 17 0 21 0 0 -20 0 0 6 0 0 -17 0 0 0 0 0 0 15 0 0 -5 0 0 0 0 -49 0 0 0 0 47 0 0 0 1 20 -28 23 0 0 
0 -25 50 0 -32 -14 0 0 0 -1 0 34 0 0 0 0 -25 -42 0 0 0 0 0 0 0 0 0 -34 0 0 0 0 0 0 -26 0 22 31 0 0 25 -38 -43 9 0 -16 0 0 26 0 40 0 0 0 31 0 -28 7 -16 0 0 0 0 0 0 49 0 0 0 0 20 -29 0 0 0 0 0 0 -21 0 0 34 0 -34 0 0 0 40 -44 0 0 0 0 0 0 0 0 -7 0 0 0 0 0 0 -39 0 -14 1 0 0 0 0 -8 30 0 0 0 0 0 0 0 0 15 -35 40 0 -13 4 0 45 0 0 1 0 0 0 0 0 -46 33 0 0 0 0 0 0 0 -8 0 0 -18 15 0 0 0 0 0 -46 0 0 0 0 -10 0 0 0 4 0 22 45 5 4 0 0 0 0 -14 0 0 0 0 0 0 0 -19 0 0 12 0 0 0 0 0 0 26 0 21 0 0 0 
0 0 0 0 -34 30 0 0 0 0 0 0 0 24 24 7 0 0 0 0 0 0 0 0 0 0 1 0 0 0 0 0 -2 0 0 0 28 -45 0 0 0 0 0 50 0 0 -24 0 0 0 0 0 0 0 46 0 0 0 0 0 0 0 -7 0 -6 0 0 0 0 0 0 4 -36 0 0 0 0 0 0 0 0 0 0 0 0 11 0 0 -14 0 0 0 0 17 0 0 15 0 0 0 0 0 0 0 0 46 -23 0 -7 29 0 0 0 26 0 0 0 0 0 0 0 0 0 0 -2 0 0 0 0 39 0 0 0 0 0 0 0 34 0 -29 0 0 0 0 0 -7 0 0 0 0 0 0 -27 0 0 0 0 0 0 0 -11 0 0 0 0 0 0 0 0 0 0 -41 0 0 22 -48 0 0 0 0 0 0 0 0 0 0 7 -21 -30 0 42 0 0 -7 0 0 0 0 0 21 
0 0 0 45 0 -34 0 -1 0 -31 0 -45 0 0 0 0 0 0 0 -31 0 -25 0 -25 0 0 0 4 0 0 7 0 0 0 0 0 -25 0 0 7 0 0 -45 0 0 0 0 0 0 0 0 0 0 0 -7 -40 0 0 0 0 0 0 -50 0 -22 0 6 0 0 0 0 0 0 -44 0 0 0 0 0 0 0 0 0 0 11 22 0 0 25 7 0 0 -9 0 0 41 0 0 24 0 0 0 -19 0 -7 0 0 0 -2 -12 0 0 0 0 -36 0 0 0 0 0 3 0 -40 39 0 0 0 -47 0 0 -23 0 0 0 0 0 0 0 0 0 -11 0 0 0 0 -25 0 0 0 12 0 0 45 0 0 0 0 0 0 0 0 0 0 0 0 0 0 0 0 0 0 0 0 0 -32 0 3 0 0 0 0 0 -11 -7 0 0 48 0 0 0 0 0 -6 0 0 0 17 0 0 0 
0 0 0 2 0 0 0 0 0 -14 0 40 0 0 0 0 -10 0 0 -13 0 0 0 0 0 -19 -47 0 0 0 2 0 0 0 0 0 7 34 24 0 37 0 -30 0 0 0 0 0 0 0 0 42 0 0 0 46 0 0 0 21 -11 0 0 0 26 0 0 0 0 0 0 0 0 0 0 0 0 -42 0 0 16 0 2 0 0 0 0 0 0 0 0 -9 34 0 0 0 0 0 0 24 -44 0 0 0 0 31 0 -45 0 0 0 0 0 0 0 0 0 35 -39 -27 0 0 14 0 0 0 14 0 -8 0 0 0 -37 -21 0 0 0 0 47 0 0 0 0 0 0 0 0 19 0 -14 0 0 0 0 -32 0 0 -32 0 0 0 -30 0 0 0 25 0 48 0 0 0 0 0 -17 0 0 0 0 0 14 0 -50 0 0 -21 0 -5 0 0 0 0 35 0 0 0 0 0 0 0 0 
0 41 0 0 19 0 0 0 0 0 0 49 0 -47 -40 0 0 0 0 0 0 0 45 -20 -24 0 0 0 0 -11 0 0 0 0 0 0 0 0 0 0 -38 -7 0 -36 0 0 -19 0 43 40 0 0 0 0 -26 0 0 0 0 -19 0 0 0 0 -15 -41 0 0 0 0 0 0 0 0 0 0 -20 0 0 0 0 19 -12 40 0 0 0 0 0 0 0 0 0 0 0 -13 0 0 31 0 0 0 0 0 0 -24 0 0 0 10 0 -12 0 0 0 0 0 0 -4 7 0 0 0 0 0 -14 0 0 0 0 0 -29 0 0 0 0 17 0 -15 0 0 0 0 0 25 0 0 6 0 30 0 0 0 19 0 -37 0 50 41 -7 0 0 0 0 0 0 0 0 0 50 41 0 0 0 0 0 48 0 0 0 -33 0 0 0 -38 0 0 0 0 -9 0 0 0 0 0 0 -19 0 0 0 
10 10 0 0 0 0 0 0 0 0 -6 0 0 15 -14 0 0 0 -7 18 0 0 0 0 0 0 0 0 0 0 0 0 0 0 0 0 0 0 0 5 0 0 17 0 0 0 0 0 0 0 0 0 0 0 0 0 0 0 0 0 30 0 0 0 -41 0 0 14 0 21 -30 0 0 0 0 -30 0 0 0 0 -27 0 0 -44 -14 25 0 0 0 0 38 12 0 -17 -3 -35 0 0 0 -17 0 0 0 0 0 50 0 0 0 41 0 0 0 0 -30 9 0 0 0 18 0 47 0 -7 0 0 32 0 0 0 12 0 21 0 0 0 0 -32 0 0 0 0 -20 0 7 0 0 -27 9 0 0 0 -9 0 23 0 38 0 0 24 0 0 0 0 0 0 0 0 0 0 0 0 0 -33 0 0 0 0 0 0 0 8 48 0 0 50 0 0 0 -25 0 0 0 0 -31 0 0 0 0 0 
0 0 0 0 0 0 39 0 -49 0 -3 28 0 0 0 0 0 0 0 0 0 0 0 0 0 0 -5 0 0 0 0 0 0 0 0 -45 0 19 0 0 0 0 35 31 -6 0 -23 0 49 0 0 0 0 16 0 0 0 0 0 0 0 0 0 43 0 1 0 0 0 0 0 0 0 0 0 0 0 0 8 0 0 0 0 0 0 7 0 0 0 0 0 0 0 0 0 0 0 0 0 -11 20 0 0 42 0 -50 0 -35 0 0 0 0 0 0 0 43 44 0 -49 0 0 0 0 0 0 0 0 42 0 0 0 0 0 0 0 0 0 0 0 0 -48 0 0 0 30 8 -14 0 0 0 20 0 0 0 -34 0 0 0 0 0 0 0 3 0 0 0 0 0 -18 0 12 0 0 0 0 0 -34 27 0 0 -30 0 0 -11 0 0 0 0 0 0 0 -49 0 0 0 0 0 0 0 0 
0 0 0 0 0 -25 22 0 0 0 21 0 36 -4 0 0 46 0 -6 -14 0 0 0 -4 0 0 0 0 0 0 0 -13 29 -49 35 0 0 0 0 0 0 0 0 0 0 -46 -19 0 0 0 0 -22 0 20 -5 0 0 44 0 0 27 0 15 0 0 0 0 11 -34 1 0 0 1 -18 0 0 0 0 0 0 0 0 0 0 0 0 0 0 38 0 -38 0 0 0 0 0 0 0 38 0 0 0 0 0 0 -42 0 0 0 0 0 0 0 0 0 -26 0 15 0 8 0 -41 47 0 -2 -21 0 0 0 -25 0 5 0 0 0 0 0 0 0 0 17 0 0 0 0 0 -16 0 0 0 -30 0 0 0 0 0 0 26 0 0 0 0 0 0 0 0 -22 32 0 0 0 0 0 0 0 -15 21 0 0 0 0 0 0 -19 -28 0 5 0 0 47 0 -43 0 -3 0 0 36 0 28 19 
0 0 0 0 15 -50 20 0 0 0 0 0 0 0 0 0 18 0 0 0 0 0 0 -31 -46 0 -22 0 0 -39 0 0 0 0 -25 29 0 0 37 0 0 0 0 0 26 -8 0 0 -43 0 -6 0 0 0 50 -23 0 0 -2 0 0 0 -49 0 0 0 23 -46 15 0 0 0 0 0 26 -50 0 -13 0 0 0 0 0 0 0 0 -9 0 12 0 0 0 0 0 0 0 0 0 0 -24 -12 0 0 0 0 0 0 0 0 0 0 0 0 0 0 0 0 -41 0 -12 0 19 0 0 0 0 31 0 0 0 0 -11 0 0 0 24 11 -16 0 17 -20 0 -44 0 0 0 0 0 0 0 -38 0 0 0 38 0 0 0 0 0 0 -12 0 0 0 0 0 38 0 0 -4 0 0 0 -29 0 -5 31 0 0 0 0 -3 21 -25 0 0 0 -1 -13 0 0 -40 0 0 0 42 0 0 0 
0 0 -36 0 0 0 29 0 0 0 0 42 0 0 0 0 0 0 0 -36 0 0 -50 0 18 0 -34 0 0 0 0 0 0 0 0 31 -40 0 0 -18 0 23 0 0 0 0 5 0 0 0 0 0 0 0 0 49 -20 0 0 -47 23 -23 0 0 0 0 0 0 0 -50 0 0 0 0 0 -48 -3 -18 24 0 0 0 -8 0 0 -9 34 0 0 0 0 0 0 0 0 -8 0 0 -14 0 0 0 0 0 0 0 -31 0 0 0 0 9 0 0 -34 -32 0 44 0 0 0 0 -31 0 -34 26 1 0 0 0 0 0 0 0 0 -30 5 0 0 24 0 0 0 -3 0 0 0 -19 0 0 0 0 0 0 0 0 0 0 27 0 0 0 0 0 21 0 0 -48 -31 0 0 0 0 0 49 0 0 0 0 0 42 0 0 -2 0 0 0 0 -13 0 0 -45 0 0 47 0 0 0 0 0 
0 0 -36 -9 0 0 0 0 0 0 -45 0 0 0 0 8 -17 0 0 0 0 0 30 0 29 0 43 -43 0 -13 -50 0 0 16 31 0 0 -3 0 0 0 0 0 0 0 0 -5 0 -25 0 0 0 0 0 9 0 0 0 8 0 0 0 -26 0 0 0 0 0 0 0 0 -48 0 0 -40 23 0 -36 23 0 -36 0 41 0 17 0 0 0 -17 0 0 0 0 0 0 0 0 -28 0 0 0 0 -13 0 -14 0 0 0 0 0 0 0 0 0 0 0 0 0 0 0 0 0 0 8 0 0 0 0 0 -42 -37 0 0 0 36 0 0 7 0 0 0 32 0 0 -18 0 0 0 0 0 35 0 0 0 31 0 26 27 0 0 0 0 13 0 0 0 0 0 38 0 0 0 0 0 0 0 -12 0 0 0 12 22 0 24 0 0 0 0 0 41 4 0 43 0 0 0 -27 0 0 0 
0 0 0 0 0 0 0 0 -25 0 0 0 0 0 4 0 0 39 0 0 21 -43 0 0 48 0 0 0 0 0 0 0 18 0 0 9 0 0 0 0 22 34 0 0 0 0 -25 0 11 0 0 0 0 0 0 -25 0 0 0 50 -37 0 0 0 0 0 0 0 0 0 -45 0 0 0 0 0 9 29 0 -12 0 48 -26 0 0 0 0 0 -3 0 0 0 0 0 0 0 -3 0 0 0 26 0 0 0 0 0 0 0 10 0 0 0 0 -11 0 31 0 0 0 0 0 0 43 0 0 0 -27 0 -40 0 22 0 0 0 0 -42 0 0 0 0 0 0 0 0 0 0 0 0 0 0 0 0 0 45 -33 0 10 40 0 0 0 0 0 -42 0 0 0 0 0 0 0 0 -32 0 0 40 0 0 0 0 -7 0 0 0 0 0 0 0 0 0 0 -20 33 0 0 2 0 -45 0 0 
46 0 0 0 0 -22 0 0 0 0 0 0 0 0 0 0 0 28 -7 0 0 0 0 0 38 0 0 46 0 0 -20 0 0 0 46 0 -32 0 0 0 0 -43 0 0 0 32 0 0 14 -35 0 0 0 36 0 0 -32 -1 0 -25 0 0 0 0 0 0 0 -31 0 0 0 15 -29 0 0 -46 0 0 -6 0 21 0 0 0 0 41 0 -13 -35 0 0 0 -8 0 0 0 0 0 0 0 0 0 -17 0 0 -14 0 0 0 0 35 0 47 -9 0 0 0 0 0 0 0 0 0 0 0 0 49 0 0 0 -8 -41 -7 0 0 0 0 0 0 0 0 0 0 0 0 0 0 0 0 0 0 -34 0 0 0 -12 0 0 0 0 0 0 0 0 17 0 0 0 0 25 -8 0 0 0 0 0 0 0 0 0 0 49 0 0 -15 17 -35 0 0 0 0 33 -6 0 0 0 0 0 0 0 
0 0 0 0 0 36 0 0 -17 0 0 0 0 0 0 0 0 0 0 0 46 0 0 0 0 32 0 0 0 0 0 0 0 0 0 1 0 0 23 0 4 0 0 0 -6 0 0 0 0 0 0 0 0 0 0 0 -37 0 0 0 0 0 0 0 0 48 -27 0 0 20 0 0 0 0 39 0 0 8 32 43 0 0 0 0 15 0 0 0 0 0 0 0 0 0 -3 0 0 0 0 -3 0 0 -9 0 0 -48 10 0 0 0 -15 0 25 0 -37 11 0 44 -38 0 0 0 0 0 0 -36 0 0 0 32 0 0 0 0 0 0 -23 -17 -25 0 0 0 0 0 32 -34 0 0 0 4 0 1 0 0 0 -14 0 -22 0 -37 5 16 0 0 0 0 19 0 0 0 0 0 0 0 -44 -4 0 0 4 0 0 0 0 11 7 0 0 0 0 0 0 0 0 0 0 0 0 0 0 0 
0 0 0 0 0 0 0 5 0 0 0 0 0 0 34 0 0 0 -45 -37 0 18 0 0 0 0 -10 0 0 0 0 0 0 0 -10 16 33 0 0 -12 0 6 46 -17 0 0 10 -19 0 0 0 0 -9 0 0 0 0 0 0 38 34 0 -15 28 0 0 -9 0 47 0 0 0 0 0 0 -6 0 43 0 -24 42 0 0 -7 0 0 0 0 0 0 0 0 0 -28 0 0 0 0 0 0 0 0 0 0 0 -39 -45 0 -19 0 0 0 19 1 0 0 0 0 0 0 0 0 0 0 0 0 0 -9 0 41 0 0 0 0 4 -3 0 -48 25 0 0 0 0 0 0 0 0 0 0 0 -10 0 -35 0 0 0 -45 0 0 0 23 0 -41 0 -29 0 0 0 0 0 5 0 0 0 0 0 0 -10 0 0 0 0 0 0 0 -47 0 0 0 0 0 -45 0 0 0 0 0 0 0 0 
0 0 0 0 0 0 0 -9 0 0 0 0 0 -14 0 0 -40 0 0 17 35 0 -24 1 0 24 0 -39 0 0 -20 -20 0 0 0 0 21 0 0 0 0 0 0 0 0 0 -19 0 0 0 0 0 0 20 0 0 -22 0 -16 0 0 0 0 0 0 0 13 0 0 -6 -18 0 0 13 0 0 0 0 0 -34 0 0 0 0 0 24 0 31 0 0 38 0 -14 0 0 0 0 0 14 0 0 0 0 0 36 -3 0 8 0 0 0 24 0 0 28 0 47 0 0 0 0 0 0 0 -3 0 0 0 0 0 0 0 0 0 0 -29 0 -44 0 0 -5 -4 43 0 0 41 -21 0 12 0 0 -43 0 35 0 0 0 0 44 40 -34 26 0 45 0 0 0 0 11 0 0 -27 0 0 0 0 0 0 0 0 0 0 0 0 0 0 0 0 36 0 0 -4 25 0 0 0 0 0 0 0 
0 0 0 0 0 0 0 0 0 0 0 34 0 0 0 0 32 0 0 0 0 0 0 0 0 0 0 -25 0 -34 0 0 0 31 0 0 -26 37 0 0 0 0 49 -5 0 0 0 0 0 -5 9 0 0 0 0 0 0 0 0 0 0 0 0 0 0 0 -10 -20 -20 0 0 0 -9 0 0 -32 0 -37 0 0 0 0 0 0 0 0 24 0 -17 -11 0 -24 0 0 0 0 -3 0 0 0 4 0 30 -22 0 0 0 0 0 0 -36 0 47 0 0 0 0 0 36 0 0 29 5 0 0 0 0 0 0 0 25 0 0 0 -23 41 0 0 0 0 0 0 0 0 0 0 38 -11 0 2 0 0 -28 0 0 0 4 -29 0 0 0 0 0 0 0 -43 0 -5 0 0 0 16 0 0 0 0 0 0 0 0 0 0 0 0 0 0 0 0 -4 -21 0 0 0 0 0 -4 0 0 0 -33 
-5 -30 -40 0 0 0 -33 0 0 0 0 0 0 0 0 0 0 0 0 -19 0 0 0 0 0 0 -17 0 0 0 0 0 0 0 20 0 0 0 0 0 0 -18 35 21 0 0 -30 0 0 0 47 0 0 8 0 0 -41 0 0 0 0 0 0 0 0 -35 0 0 0 0 5 0 0 0 0 0 0 8 34 -28 0 -30 0 0 0 0 -44 0 0 20 0 -12 0 0 26 0 0 0 0 4 0 19 0 0 0 -21 0 32 0 0 -41 0 0 5 0 0 0 0 -46 0 0 50 8 0 0 0 0 0 0 0 0 0 24 0 0 0 0 0 0 0 0 -11 0 39 0 49 -27 0 0 0 0 5 0 0 43 -16 -2 19 0 -24 0 0 19 0 29 0 0 0 0 0 0 0 0 0 0 0 0 0 -26 0 0 0 0 0 0 0 0 0 0 0 0 0 0 0 -20 -15 0 0 0 0 
0 0 -37 13 0 0 0 26 0 -12 0 0 0 0 47 0 0 -32 0 0 0 0 0 0 0 0 0 -49 0 0 0 0 0 0 0 0 -11 0 0 29 0 -6 0 0 -8 0 0 0 0 0 0 0 0 0 3 0 0 -32 -30 46 0 0 0 0 -31 0 0 21 0 13 0 0 39 0 0 0 0 0 0 0 0 -23 0 0 0 0 0 0 0 0 0 0 0 0 0 0 0 0 0 0 19 0 0 4 -37 0 6 45 -27 0 0 -39 -5 0 0 16 -11 0 0 34 29 1 0 0 -2 13 0 0 43 0 0 9 0 0 0 0 0 0 0 0 3 0 0 0 0 0 0 0 10 0 0 0 -27 29 0 0 1 37 43 0 0 -22 0 0 0 0 0 0 22 0 0 0 -8 22 0 0 0 0 0 0 0 0 0 0 0 0 0 0 0 0 -8 0 0 0 0 29 0 -14 0 0 
0 43 0 0 29 -44 0 0 0 0 13 0 -42 0 42 0 -16 0 -23 0 0 0 0 0 -21 0 -30 -32 0 0 -31 0 -20 0 0 0 0 0 0 0 0 0 17 0 1 40 0 0 -6 -39 0 10 0 0 -47 0 0 0 0 0 0 0 0 14 -36 0 0 0 0 0 0 0 0 -45 0 4 40 0 0 10 0 0 0 0 0 -19 0 0 0 0 0 0 0 -13 0 -17 -9 0 0 30 0 0 0 -28 0 0 30 0 0 0 0 0 0 0 -18 38 0 42 -31 0 0 -19 27 0 0 43 0 0 0 0 28 0 0 0 0 -50 0 0 0 0 0 0 0 -39 0 0 0 0 -37 13 -25 0 0 -47 -19 0 0 0 0 0 0 -28 0 0 0 0 0 0 18 0 0 -21 0 0 0 0 0 0 0 22 0 40 0 0 0 0 0 0 0 -42 0 -30 0 38 4 0 0 0 0 0 
-2 0 -48 -22 0 0 0 -7 0 0 0 0 49 31 0 -13 16 0 0 0 0 0 0 0 0 0 0 18 0 0 2 0 0 0 0 3 0 0 34 24 0 0 0 0 0 1 0 -9 -39 -11 0 -9 0 0 -12 0 0 0 0 36 43 0 0 0 0 0 0 0 0 0 0 0 0 0 6 16 0 0 0 0 23 0 0 0 0 0 0 0 0 42 0 0 0 0 0 0 0 0 0 -22 0 4 -28 0 -13 0 0 0 0 0 0 18 2 0 0 0 0 0 0 0 0 0 -33 0 0 0 0 0 0 40 -11 16 0 0 0 -48 -40 0 0 0 -37 0 0 0 0 12 0 0 -39 0 0 0 0 0 0 0 0 0 0 0 0 0 0 0 0 32 0 0 36 -4 0 0 0 0 0 -30 0 4 0 0 0 44 -34 0 0 0 0 0 -31 24 0 0 0 0 0 0 0 -38 -12 25 
-39 -34 0 0 0 0 0 6 0 0 -41 0 0 0 0 0 0 -31 -10 0 0 23 -24 0 0 0 0 0 0 -30 -29 0 0 0 6 0 0 0 0 0 0 0 0 0 0 0 0 0 -35 0 36 0 21 0 -14 0 0 0 -25 0 0 -50 0 43 -9 0 0 0 0 0 0 -2 0 -35 0 -30 0 0 0 -26 0 0 0 -39 0 -7 0 0 0 0 0 0 0 -14 0 0 0 0 36 0 0 -37 0 -13 -2 -34 0 0 0 0 0 0 0 -39 0 0 0 0 -42 9 0 0 0 0 0 0 0 0 0 0 2 0 0 0 0 0 12 0 -14 0 0 0 0 -13 0 0 0 0 0 0 0 0 29 -9 0 0 0 0 35 0 -8 0 0 0 0 0 0 0 0 0 0 0 -42 0 -48 0 0 -22 0 0 0 0 0 0 0 -47 0 47 0 0 0 -36 0 0 0 0 0 -4 0 0 
0 38 0 0 0 0 0 0 -32 0 0 0 0 0 -31 0 0 0 0 0 0 0 0 43 50 0 0 -46 0 -35 0 0 13 0 0 -46 0 0 49 32 0 0 0 0 0 -42 47 0 0 0 0 0 0 0 5 0 16 -7 0 0 0 0 40 -24 -25 0 0 10 40 0 0 0 0 -7 0 0 0 0 8 16 -29 30 0 0 46 0 31 -24 50 -50 -42 0 0 0 0 -14 -48 -39 -3 0 -21 0 0 0 -34 0 0 0 0 0 -48 0 5 -36 0 46 0 12 0 0 13 0 0 -30 0 0 0 0 0 0 0 -36 0 -23 0 0 -29 0 0 0 0 0 0 0 0 -19 0 0 34 0 0 -39 0 0 0 0 14 -10 42 -44 0 0 -26 0 13 0 0 0 5 0 0 0 -9 0 0 0 0 0 0 0 0 -36 0 22 0 44 0 0 0 -8 0 0 0 -43 0 7 0 0 0 47 
0 0 0 42 0 0 0 0 -26 0 0 0 0 -50 0 43 36 42 0 0 46 0 0 0 0 0 0 -39 0 0 0 0 0 0 0 0 0 -18 -48 0 0 14 0 0 0 0 16 0 0 0 0 0 0 0 0 0 0 0 22 0 -17 0 20 38 -26 0 8 0 2 0 0 0 38 0 0 10 0 0 30 0 0 40 8 -14 -23 0 0 0 0 0 0 0 -31 0 0 0 10 -45 0 0 0 6 30 0 0 0 0 -13 -16 0 0 0 0 0 0 0 0 0 -29 0 0 0 -16 -20 0 0 0 0 0 0 0 0 0 -26 0 0 0 0 0 0 0 -15 0 0 0 0 0 0 0 0 0 40 0 -44 0 0 -33 42 0 0 0 0 22 0 0 0 0 18 0 0 0 0 0 0 47 0 0 0 0 0 0 0 0 0 0 0 0 0 0 29 0 0 0 -37 0 -8 23 25 0 -44 
25 0 0 0 0 0 0 -18 0 0 0 0 -1 -46 0 0 43 0 44 0 42 16 0 0 0 0 0 0 6 0 0 0 -50 0 0 -49 0 0 0 0 0 0 0 0 0 0 0 -1 0 0 0 0 0 29 0 0 0 0 0 3 36 -28 0 0 -50 0 0 0 0 0 0 0 0 8 -30 0 -5 0 0 0 0 0 0 1 0 0 -45 0 0 -35 0 0 0 0 0 0 0 0 8 0 32 45 0 0 0 0 -13 0 0 0 35 22 -15 0 37 0 0 0 -18 49 0 0 0 -13 0 0 0 0 0 0 0 0 0 0 0 -11 0 0 23 0 -22 4 0 0 -46 0 0 0 0 0 0 0 0 0 0 2 0 21 0 0 0 -29 0 0 0 0 14 0 0 -35 4 0 -13 0 0 0 0 -27 -23 0 0 0 0 0 6 48 0 0 0 15 0 -49 0 45 0 21 0 0 7 0 
-18 -21 0 0 0 0 0 0 0 0 -20 0 0 0 0 0 0 0 0 0 -44 0 -10 0 50 -20 0 0 0 0 0 -12 0 17 0 15 0 0 0 0 0 0 0 0 -37 0 -37 -18 0 28 33 17 0 0 0 -13 0 0 0 -25 0 0 0 0 0 0 0 -22 0 0 0 34 0 0 0 0 0 0 5 0 0 0 30 0 -7 -2 0 0 0 0 0 0 0 0 10 0 0 -19 0 0 0 -27 0 0 0 0 -16 0 0 0 -6 0 0 5 0 11 0 0 0 0 0 0 0 0 0 0 0 3 0 0 0 -29 0 0 0 0 0 0 14 0 0 0 0 -6 -50 -18 0 0 0 18 0 0 0 0 0 0 0 -39 0 38 0 0 0 0 0 0 -33 -45 0 0 0 0 4 0 0 0 0 -12 0 0 0 -24 0 0 0 0 0 0 -29 -18 0 0 -46 0 43 26 0 0 0 -47 
0 -33 0 -47 -37 0 0 0 0 0 -42 0 0 0 46 0 0 0 0 -19 0 0 0 0 0 0 0 0 -23 0 0 0 0 -1 36 0 0 -26 -48 -41 38 0 0 48 -10 0 0 -39 0 0 -13 0 0 0 0 0 0 0 0 0 0 0 0 0 0 41 0 0 0 0 5 0 0 0 0 0 0 0 12 0 0 0 0 0 29 -12 0 10 41 0 0 0 0 0 0 0 0 0 0 0 0 0 0 0 0 0 0 0 0 0 15 0 0 14 -39 0 0 0 -3 0 0 0 0 0 -11 -13 0 0 0 -33 0 -35 0 0 24 0 0 0 0 0 8 32 -2 0 0 0 0 0 0 0 0 0 0 0 0 0 0 0 0 -42 -17 0 0 -38 2 0 0 16 0 0 -37 0 -41 0 0 0 0 0 0 0 0 -34 0 0 40 30 -47 43 0 43 0 0 -31 0 -32 0 0 0 0 23 
0 0 -20 0 0 -20 0 0 0 0 0 18 0 -19 0 0 -39 49 0 6 0 0 0 0 33 0 0 0 2 0 0 0 8 0 0 0 0 0 0 11 10 -21 0 -24 39 0 0 0 10 0 38 0 0 0 0 0 0 0 0 0 0 0 27 -29 0 0 -39 0 -47 0 0 0 0 -3 0 36 0 0 -43 39 0 0 0 0 0 0 0 0 0 0 0 0 0 0 0 35 -15 0 0 -36 -41 0 0 0 0 -48 0 35 -6 15 49 0 0 33 0 0 0 0 -1 0 0 0 0 0 4 0 0 0 -2 0 0 0 0 -24 0 0 0 -13 0 32 -41 0 0 50 36 0 0 0 23 0 0 24 0 0 0 -7 0 0 0 0 46 0 0 -2 0 0 -9 0 0 0 -48 -49 0 -16 0 0 0 0 -19 0 0 0 0 0 0 21 16 0 0 0 0 0 0 0 0 13 0 0 0 0 
-37 0 0 0 0 0 0 0 0 7 24 0 -36 0 0 12 0 0 0 0 0 0 0 0 -1 0 0 1 0 0 0 0 -19 0 0 0 0 0 0 0 0 0 -33 34 0 0 0 0 0 0 0 0 0 0 27 0 -45 0 -29 0 0 0 -36 0 0 1 -16 0 0 0 0 -21 0 -26 -20 0 0 0 0 39 0 0 0 0 0 0 0 -12 0 0 0 0 9 0 0 0 0 0 24 0 0 -39 0 18 0 0 0 22 0 0 0 0 0 0 38 9 28 46 0 0 0 0 0 0 0 24 0 0 0 0 0 27 0 0 36 10 40 0 0 0 0 0 0 33 0 0 0 0 0 0 0 0 32 0 24 31 0 -13 10 0 22 0 0 16 0 0 0 0 27 0 0 0 0 0 0 0 0 0 0 0 0 0 -18 0 45 0 0 0 0 0 0 15 0 0 20 0 0 0 0 0 
0 0 -14 33 0 0 0 0 35 0 0 0 1 0 0 0 18 0 38 0 8 0 0 1 -43 0 4 0 0 0 0 0 0 0 0 0 0 0 0 0 0 0 0 -25 0 0 -42 0 -17 0 0 18 0 0 0 0 15 0 18 0 0 0 40 0 9 0 0 0 0 0 0 8 0 0 0 0 0 44 0 0 0 0 23 -8 0 0 0 0 0 0 0 0 0 0 0 47 25 19 0 47 0 -5 0 2 0 5 0 -15 0 0 0 0 0 0 0 0 0 0 -36 0 -48 23 -42 0 0 0 -6 0 0 9 -43 15 0 0 0 0 23 0 0 0 0 0 0 0 0 38 0 0 0 0 0 0 -19 0 0 0 0 0 -37 0 0 0 0 0 0 0 0 0 46 0 -33 0 -6 0 0 -1 -39 -7 0 -20 0 0 0 -44 0 0 0 -44 0 0 0 20 0 0 0 0 0 0 0 0 
0 0 0 0 0 0 0 0 0 0 0 0 35 0 0 0 0 0 0 -32 0 0 0 0 -49 0 0 -48 0 -31 0 -44 0 0 0 0 9 0 0 0 0 -28 0 0 0 0 4 0 0 0 0 0 0 0 0 0 0 0 -16 0 0 0 -43 0 0 10 0 0 0 0 0 -50 0 0 0 0 0 0 0 0 0 19 0 30 26 0 0 0 0 0 0 0 0 0 -11 -9 0 1 0 0 5 0 0 0 -39 -36 0 0 5 14 33 0 0 0 0 0 0 0 0 0 0 0 0 0 0 0 36 0 0 0 0 0 0 0 0 0 31 0 0 0 0 0 -17 0 -30 0 0 44 0 0 0 0 0 0 0 0 0 35 0 0 0 -32 0 0 0 0 0 0 0 0 0 0 13 0 0 0 0 0 0 0 0 -20 0 0 0 8 1 0 0 0 0 0 0 0 6 0 37 0 0 0 
0 -29 0 0 0 0 23 -6 45 0 0 6 0 0 0 0 -46 0 0 -14 -48 0 0 0 0 0 0 27 19 0 -21 -15 -10 0 -35 0 0 0 0 40 0 0 4 0 9 0 37 -48 0 0 -36 0 -9 0 0 -18 0 0 0 -24 5 0 0 0 0 0 -33 0 0 35 37 0 0 0 0 0 0 0 0 16 0 0 17 0 0 -36 0 0 -30 0 0 0 -34 0 0 0 -37 0 28 0 0 0 -18 0 0 0 0 37 0 -39 0 38 0 0 0 0 0 15 -42 0 0 0 0 39 0 0 -32 0 0 0 27 0 0 43 0 0 -41 0 0 41 0 0 0 -23 0 0 0 0 0 -28 -46 32 0 0 0 9 0 -25 0 0 48 0 0 46 1 0 0 0 0 0 0 0 0 0 0 -38 0 0 -27 0 0 -3 0 0 0 0 0 0 -1 -13 26 28 0 0 0 0 -2 32 0 -4 
2 0 -2 -22 0 0 -32 -48 0 0 0 45 28 0 0 0 0 0 0 0 0 0 0 0 0 0 0 0 0 -34 0 0 40 0 0 0 0 -43 0 0 -47 0 0 0 -43 0 0 0 32 0 0 0 0 0 0 0 0 0 0 0 0 0 23 0 0 0 0 0 -41 0 -47 0 39 0 -9 0 0 0 0 5 0 0 0 0 0 0 0 0 9 43 -26 0 -32 0 31 0 11 0 0 0 0 16 38 0 0 46 0 0 11 0 0 9 0 0 0 -45 0 0 0 0 0 0 8 0 -35 -23 -16 0 43 0 0 0 37 0 10 0 0 0 0 0 0 0 0 0 12 0 0 0 -3 35 -27 0 28 0 0 30 0 0 0 31 0 -28 0 0 30 0 0 0 0 38 0 0 0 0 0 0 0 0 0 0 9 0 0 0 0 0 0 -40 0 -19 0 0 -45 0 0 0 0 0 0 0 
48 -5 0 0 0 0 0 0 0 -27 0 0 0 0 0 0 36 0 0 0 0 0 0 0 0 0 50 0 0 0 0 0 0 0 5 0 0 0 0 0 0 0 -18 0 0 0 0 0 -49 0 0 0 0 0 0 0 0 0 0 0 0 0 -29 0 0 0 0 0 5 0 0 0 0 0 0 41 0 0 -6 0 0 0 40 0 0 0 0 0 0 44 0 0 0 0 0 0 0 0 47 0 0 -11 0 0 0 0 0 0 0 0 0 28 0 0 0 0 0 0 0 0 0 -31 0 43 0 0 0 0 0 0 0 0 0 -7 0 0 0 0 0 0 8 0 0 0 0 30 0 0 0 11 0 39 0 0 0 0 0 0 0 -25 0 0 0 0 0 -20 -21 0 0 0 0 0 0 0 0 0 0 -33 0 0 0 0 0 0 0 0 -2 0 0 33 0 0 0 0 -40 0 0 12 0 0 
0 0 0 -19 0 0 0 0 0 0 0 37 0 -39 14 -26 10 0 0 0 0 0 -28 0 -28 0 0 0 0 24 8 0 -45 -5 0 0 0 34 0 0 0 12 0 0 0 0 0 0 0 0 0 0 0 0 0 0 0 0 0 0 0 18 0 0 0 0 0 0 -46 -35 0 0 0 35 0 38 33 37 0 22 -42 0 0 0 0 0 35 0 0 0 15 -41 44 0 0 0 44 0 0 0 0 0 42 0 0 12 0 0 0 0 0 46 0 0 15 0 0 0 0 0 0 0 0 0 -37 0 0 0 0 0 0 0 0 0 0 0 0 0 0 0 -5 0 0 -46 -14 0 0 17 -17 0 13 -2 0 0 0 0 0 0 0 0 5 0 0 0 0 0 -30 0 0 0 -28 39 26 -44 -14 0 0 0 10 0 -44 0 0 0 0 0 -14 0 0 -8 0 0 0 0 4 0 0 0 0 0 
0 0 0 0 0 0 0 0 0 -45 -14 -41 -24 0 0 0 0 0 17 0 -23 -36 0 0 0 0 0 0 0 0 0 -25 0 0 0 0 -8 0 0 0 28 0 0 0 0 -9 0 0 3 30 0 0 0 -34 0 0 0 0 0 0 0 0 -3 0 0 0 -2 0 -15 0 0 0 0 0 -36 7 3 0 0 0 0 0 0 0 0 0 -39 -4 0 -49 0 0 0 0 0 0 -38 0 0 36 -46 0 -31 0 -42 0 -29 -18 0 -3 -1 0 -36 0 -42 0 0 0 0 0 0 0 0 0 0 0 0 0 0 0 24 27 26 0 0 0 0 0 0 0 -6 0 0 0 0 34 0 0 -29 0 -43 0 0 0 0 0 26 0 0 0 0 0 -38 0 0 0 -9 -28 0 0 -43 0 0 0 2 0 0 0 0 0 0 0 0 -28 19 45 0 0 0 -12 0 0 1 0 0 0 0 0 -19 0 
0 0 0 29 0 0 40 0 0 0 0 0 -11 -41 0 0 0 0 0 14 -23 0 0 -17 0 0 0 0 0 0 0 44 0 0 0 0 0 -44 0 0 0 -25 0 0 39 0 0 0 0 0 0 0 0 0 -18 19 0 0 0 0 0 11 0 0 0 35 0 0 0 0 0 0 0 0 0 0 0 0 0 0 0 0 0 0 0 0 -27 7 18 0 8 -12 0 0 0 0 0 0 0 0 0 34 0 0 9 0 0 49 0 0 0 0 0 0 0 0 0 0 0 0 0 -11 0 33 0 20 0 0 21 0 0 2 23 0 0 0 0 0 0 0 0 31 0 0 12 0 0 0 0 0 30 0 10 0 -12 0 0 0 0 0 0 0 0 0 0 0 0 0 0 0 0 0 -19 -19 32 0 22 0 -19 0 0 0 0 -45 0 -2 -41 0 0 0 0 0 0 0 0 -24 0 0 0 -42 
0 0 0 0 0 0 0 0 0 0 0 20 0 0 -21 0 0 -9 0 0 0 0 0 0 0 5 0 0 -31 -1 0 0 50 0 0 0 0 0 0 0 0 0 0 0 0 0 0 0 0 0 0 0 0 0 0 0 0 4 44 0 0 -39 0 0 0 0 -46 -39 0 0 38 0 0 0 0 0 0 0 0 0 0 0 0 0 0 3 0 0 0 0 0 0 0 0 0 0 0 0 0 0 0 29 0 0 0 13 0 0 0 0 0 0 -48 0 0 0 0 0 0 0 0 -46 0 0 0 0 0 0 0 8 0 47 12 0 0 0 -16 13 0 0 0 -22 0 0 0 0 -10 0 0 0 0 0 0 0 0 0 0 -25 47 0 0 8 0 0 0 14 0 0 0 0 0 0 0 48 0 0 49 0 0 0 0 0 0 0 -42 34 -15 0 0 0 -39 0 0 8 0 -4 0 13 0 -47 
0 4 39 0 0 15 0 11 0 0 -41 0 -4 36 0 0 0 -7 0 0 0 -33 0 0 0 0 0 0 0 0 0 0 23 0 0 0 28 0 34 0 -4 0 0 24 0 -13 0 12 46 0 0 0 0 45 0 -49 0 15 0 0 5 0 0 0 -18 0 0 -30 0 0 0 29 0 0 0 0 0 -28 0 0 0 9 0 0 0 0 0 0 47 0 -41 19 0 0 0 0 0 0 0 29 50 1 -19 0 0 0 0 0 0 0 0 0 23 0 0 0 -31 0 0 -11 -46 0 0 0 -21 0 0 41 0 0 0 0 42 0 0 0 -40 0 -39 0 0 0 0 0 39 0 0 0 -46 45 -38 0 0 0 0 38 0 7 0 -42 0 0 0 0 -13 0 0 -12 0 0 0 0 0 0 0 0 0 48 0 -22 0 -8 0 0 0 0 0 0 -12 0 0 0 0 -50 0 0 0 0 0 0 
0 0 0 0 6 19 0 0 0 35 0 0 0 0 17 -15 0 -34 0 0 0 0 9 0 0 46 0 -46 0 0 39 0 0 0 0 0 0 -41 25 44 -35 0 0 0 0 0 0 -44 45 -22 0 -28 0 0 0 0 0 -15 33 19 0 0 0 0 0 0 0 0 0 0 0 0 0 -24 0 0 -49 0 0 0 0 0 5 15 0 -40 14 0 0 0 47 0 -31 0 43 0 0 0 0 5 8 0 27 -33 0 0 -16 0 0 0 0 0 -42 0 0 8 0 0 0 0 0 0 0 0 0 48 0 -32 0 -45 35 0 3 0 -30 20 0 -50 0 0 -34 0 0 0 0 0 0 0 0 0 0 42 0 0 0 0 0 0 0 0 0 0 -27 0 0 6 0 0 0 0 0 -6 13 0 -20 -43 0 0 0 0 0 0 0 15 0 0 0 -8 0 0 0 12 0 0 33 35 -32 0 0 0 
1 -29 0 0 0 0 0 -41 0 0 0 0 -29 0 4 0 0 0 3 0 -31 0 5 0 0 0 0 0 0 0 -30 0 -1 0 0 -9 0 0 0 -19 0 0 0 0 0 0 0 0 0 0 0 0 0 0 0 0 0 0 0 0 0 -14 0 0 -45 0 -41 0 0 43 0 0 0 -3 -45 0 0 0 -35 0 0 0 -40 -35 0 39 0 0 -7 0 0 0 0 8 0 0 0 0 0 0 0 0 0 0 0 -30 -20 -13 0 0 0 0 0 0 39 0 43 0 0 33 0 0 0 0 0 0 0 -22 0 0 0 0 0 0 0 0 0 0 0 0 0 0 0 0 42 0 0 0 0 0 0 -48 0 0 9 0 0 0 0 0 0 -6 0 0 0 -12 0 2 0 0 0 0 0 0 0 0 0 0 -29 0 0 38 0 0 0 -6 50 0 0 0 0 0 0 0 0 0 -9 0 0 0 
-2 0 -21 0 -37 0 0 0 0 0 0 0 0 0 -15 0 0 0 -49 0 3 0 0 0 50 0 0 0 0 0 0 0 0 10 0 0 0 0 0 0 -25 0 0 35 -23 0 -43 -39 0 0 0 0 0 0 0 0 0 0 0 0 0 0 0 0 0 46 0 0 0 -5 0 47 0 -18 0 0 0 0 0 0 0 0 0 40 -2 0 0 0 0 0 -2 0 -34 0 0 0 0 0 -3 0 0 -2 0 0 0 0 0 0 0 -11 4 0 0 0 0 -35 0 -37 0 0 0 -21 0 0 -1 10 0 0 0 0 0 0 0 0 -36 0 0 0 5 35 0 0 0 0 0 0 0 0 0 0 0 28 0 0 0 0 0 -33 0 -7 0 0 0 0 -5 50 0 -23 0 45 0 0 0 0 0 0 49 0 0 0 0 0 13 0 0 -42 -24 0 0 17 2 0 -48 24 19 23 -27 6 43 0 
0 0 0 0 0 0 0 0 0 -6 0 0 0 0 50 0 0 0 0 0 0 0 0 0 0 0 0 0 0 0 0 0 -5 0 0 0 0 39 -27 0 0 10 0 0 0 -5 -44 40 42 0 0 0 0 0 0 0 14 0 11 0 0 0 0 0 0 0 0 0 0 -41 0 0 0 25 0 0 0 0 0 0 0 -47 0 0 0 0 0 -14 0 0 -21 0 26 0 0 0 -36 0 0 0 0 13 43 0 0 0 0 0 0 -13 0 24 0 0 0 -23 0 0 0 20 0 0 48 0 10 0 33 0 45 0 -46 -4 0 0 -41 26 0 0 0 0 0 0 0 0 0 0 39 0 0 0 0 0 0 0 -20 0 0 29 0 -25 0 0 11 0 -27 -9 0 0 0 0 0 0 0 0 25 0 0 0 0 0 -28 0 0 0 0 0 0 0 0 0 0 0 0 0 0 36 -21 0 39 0 
0 0 4 0 0 0 0 0 0 -48 0 0 13 0 -7 0 0 0 0 0 0 0 -6 0 0 0 0 41 0 8 35 24 0 0 0 0 -19 -10 0 0 40 0 0 0 -6 0 0 0 -13 18 0 0 -50 -19 0 0 0 0 42 0 0 0 0 0 0 0 0 5 0 0 0 0 -11 0 0 0 0 0 0 0 -9 0 0 -13 0 0 14 0 32 0 0 31 1 0 -27 49 0 0 0 0 0 0 0 0 0 0 0 0 0 0 0 0 -6 36 -32 -16 0 0 0 0 0 0 0 0 0 33 0 -17 0 0 0 0 0 0 -31 0 0 -5 45 0 0 0 0 0 0 0 32 -13 0 0 46 0 0 0 0 0 0 0 0 0 6 0 0 0 0 -48 0 0 0 0 -17 0 0 0 0 0 12 -15 0 -27 0 0 0 -49 0 14 0 0 -20 30 0 0 0 0 0 0 0 5 0 22 
10 0 0 0 0 0 0 19 0 -24 0 0 0 0 -11 0 0 0 -46 5 0 0 42 0 0 0 -46 -40 7 0 0 0 0 0 0 -1 0 0 0 0 0 0 0 0 -38 0 0 1 44 0 0 0 0 18 0 0 0 0 0 0 -29 0 0 0 0 0 0 0 0 0 0 0 0 0 0 0 0 0 0 0 0 0 0 4 0 -47 0 0 0 42 0 0 0 0 0 0 0 -9 0 0 0 0 0 0 0 0 0 0 3 0 0 0 0 0 0 0 0 0 0 0 0 41 -32 -22 0 0 -17 0 0 0 0 0 0 0 3 0 23 17 0 0 0 -25 0 0 0 27 0 0 36 0 0 0 0 0 0 0 0 25 0 -19 0 0 0 13 0 0 0 43 23 -28 -34 0 0 0 0 0 0 0 0 34 0 3 0 0 17 11 -44 0 0 0 0 0 9 20 0 0 0 0 0 0 
0 0 -45 19 0 0 32 0 0 0 0 0 0 41 -18 0 0 0 0 0 0 0 0 0 0 18 0 0 0 0 36 37 0 0 32 -47 -7 0 0 0 0 0 0 16 0 -22 0 -48 0 0 0 0 48 0 0 0 0 0 -11 0 0 0 -33 0 -37 0 -1 0 -50 0 -6 0 0 0 14 0 0 0 0 0 0 0 12 0 0 0 -8 0 0 0 0 0 0 0 -40 0 0 0 0 0 0 43 0 0 0 0 0 0 0 0 -2 0 0 0 0 43 0 0 0 21 0 0 0 0 0 45 0 0 0 0 0 21 41 0 0 0 0 0 -44 0 0 0 -8 4 0 0 -43 0 0 24 0 0 0 11 0 0 0 0 0 0 0 0 0 0 0 0 0 0 0 0 0 0 0 0 0 22 19 0 0 15 0 0 18 0 0 0 0 0 0 0 -2 0 0 0 0 0 23 0 0 0 
0 50 -18 0 0 0 0 0 0 0 0 1 0 13 -2 0 0 0 0 0 -39 27 0 0 0 0 -46 0 0 5 0 -28 -18 0 0 0 0 0 0 0 0 0 0 0 0 0 31 0 0 0 0 0 10 0 0 0 0 0 16 12 48 27 0 21 0 0 0 0 0 0 14 29 0 0 0 0 36 0 0 -9 0 25 0 45 39 0 0 0 0 0 -25 0 0 -42 0 0 32 41 0 0 0 0 0 40 0 0 0 0 0 -33 0 0 9 0 0 0 0 0 0 0 8 0 -45 0 0 0 0 0 0 0 -49 0 0 0 35 -46 0 0 29 -45 -37 0 0 0 37 -43 0 0 0 0 0 15 0 0 0 38 0 0 0 0 27 0 0 0 0 0 -8 0 0 -32 0 -8 0 0 0 0 -24 0 0 -12 -28 -11 0 0 0 21 -24 0 0 27 0 0 -21 0 0 0 0 0 -41 0 
0 -14 0 0 0 0 0 20 0 0 0 -18 0 0 0 0 44 17 29 0 40 -42 -50 0 0 0 0 0 0 0 0 -29 0 0 0 -6 0 0 0 0 0 0 0 -8 0 0 -45 -41 0 0 0 0 -16 0 0 0 0 -4 0 0 0 0 -27 0 0 0 0 0 0 0 43 -39 0 16 1 0 0 0 0 0 -50 0 0 0 0 -23 0 0 12 0 0 0 0 -37 22 -8 0 0 0 25 0 0 28 -11 2 0 0 0 0 0 0 0 -43 0 27 0 0 0 24 0 0 0 35 0 0 -46 0 0 0 -49 13 0 0 -9 0 0 -35 -8 -38 0 0 0 0 -10 0 -27 0 0 0 0 0 0 0 0 0 0 0 0 0 33 0 0 0 17 0 0 0 0 -14 0 0 36 0 0 0 2 0 0 0 0 0 0 0 -9 0 0 -17 0 0 0 23 24 0 0 0 0 0 -21 0 0 
0 0 50 0 -46 24 0 0 0 0 0 0 0 0 0 -48 0 0 -13 0 0 0 0 0 0 0 0 0 0 0 0 -42 0 -23 0 11 0 0 0 0 0 -6 0 0 -2 0 0 0 0 0 0 -6 -14 19 46 0 2 0 0 0 0 0 0 0 23 0 19 0 -40 25 0 0 0 0 0 0 0 0 0 0 -37 0 -50 0 0 0 0 -29 0 0 5 -11 0 0 0 -41 0 0 0 0 0 9 0 16 0 -36 0 0 -29 -35 0 27 15 0 0 0 0 0 27 2 47 0 0 0 0 -4 0 0 21 0 0 0 0 0 0 0 0 0 0 0 0 0 0 0 0 0 46 4 -6 0 49 0 0 0 0 0 38 0 0 0 0 31 0 16 0 0 40 0 43 0 0 16 0 0 0 10 0 49 0 0 0 0 0 22 0 0 48 -9 0 0 38 0 43 0 0 -48 0 -44 0 26 
-36 0 -44 0 0 0 0 0 0 0 0 0 0 -9 0 0 0 0 0 0 0 0 0 0 0 0 0 8 0 24 0 0 0 0 0 0 -37 -31 0 0 0 44 -49 -14 0 0 0 0 -49 0 0 11 0 0 0 22 0 0 0 0 0 0 0 0 0 0 0 0 0 -45 27 28 0 0 -13 0 0 0 23 0 -14 0 0 1 0 0 -37 0 21 0 0 0 0 0 0 -7 0 0 0 0 24 0 0 0 0 0 0 0 0 0 0 0 0 0 0 37 0 0 26 23 12 42 3 0 0 0 0 0 41 0 0 0 0 0 0 0 0 30 0 0 0 0 0 0 -3 0 0 0 0 0 0 12 0 0 0 0 0 0 13 0 0 0 0 0 0 41 0 0 0 0 0 -33 0 0 0 0 0 0 0 34 0 0 45 0 0 0 0 0 0 0 0 0 0 16 0 0 0 0 0 0 
-28 0 -47 0 0 0 25 0 -21 0 0 0 0 3 0 0 0 1 0 0 0 0 0 0 0 39 0 0 0 0 0 0 18 0 0 0 0 0 39 -10 0 42 0 0 -31 0 0 0 0 -27 -46 0 0 -45 0 0 0 0 -25 0 -24 0 26 0 -45 0 0 0 -43 0 0 0 0 -27 36 0 0 0 -25 0 0 -37 0 0 0 0 -21 0 0 0 0 0 0 0 0 0 0 0 0 0 0 0 0 0 0 -23 -26 0 0 0 -24 0 0 0 43 0 -7 0 0 0 0 0 0 0 0 0 0 0 0 0 -9 0 0 0 0 0 0 0 -9 0 -30 -28 0 0 -20 0 0 0 0 -50 0 0 0 10 0 41 0 0 0 0 -14 0 -5 49 0 0 0 0 0 0 0 0 0 0 0 0 0 0 0 0 0 0 0 0 -1 0 0 0 0 0 0 0 0 44 -17 -41 0 0 0 0 
-34 0 0 0 0 0 0 0 0 0 0 0 -15 -21 0 -22 0 -45 25 12 0 13 0 0 0 0 0 0 0 0 0 0 0 0 30 18 0 47 36 0 -7 0 0 25 0 0 0 -1 -45 0 0 0 0 19 0 0 0 0 0 0 0 0 0 0 0 7 0 0 -13 38 0 0 0 0 0 0 -18 0 0 0 0 0 0 0 0 0 0 0 0 0 0 0 0 36 0 0 0 4 0 -23 0 0 0 0 0 0 0 0 0 24 0 36 0 0 0 10 0 0 0 0 0 0 -30 0 -36 -41 -31 3 0 35 0 0 0 0 0 -9 -44 0 0 0 0 29 0 0 27 0 0 0 0 30 0 43 0 0 31 31 0 14 0 0 0 -22 26 0 -11 0 0 0 0 26 0 0 0 0 0 0 37 0 0 0 29 -14 0 0 -23 0 0 50 0 0 0 25 0 0 38 0 -49 0 0 0 
-37 19 0 8 0 0 0 0 0 0 0 -17 0 0 -26 -29 0 0 0 0 0 -47 0 0 30 37 0 35 0 0 14 0 0 0 5 0 21 -1 37 0 0 0 0 0 -32 -27 0 -30 0 0 0 0 -5 0 0 0 0 44 0 0 0 -33 0 0 0 -34 45 0 11 0 30 23 0 0 0 0 0 0 0 0 0 0 0 0 0 0 0 0 0 0 0 24 -30 0 -42 0 0 -3 -29 41 0 0 -50 -48 0 0 0 -11 0 0 0 10 0 0 0 0 0 0 0 0 0 0 20 0 0 26 0 0 0 -46 0 0 0 0 -9 -41 0 0 0 -21 0 0 0 49 0 0 0 0 0 0 37 16 -32 0 0 -38 0 0 0 0 -35 0 25 0 0 0 -18 0 0 0 0 0 0 0 0 0 0 0 0 -8 -50 0 0 0 -9 0 8 0 0 0 0 0 0 0 0 -41 0 0 -16 0 
22 0 36 0 8 0 0 0 0 0 0 -14 -18 0 4 0 -30 -33 0 0 0 0 0 0 0 0 0 47 0 0 19 0 -35 0 -3 0 0 -26 0 0 0 0 46 -20 0 0 0 0 0 20 0 0 0 0 15 -37 0 46 48 0 0 0 -40 0 0 0 0 0 0 0 0 0 -33 0 -22 0 0 0 -12 0 0 28 -50 0 0 0 0 17 0 0 0 11 5 0 0 0 -23 0 0 0 0 0 0 -40 12 -29 0 0 0 0 0 40 23 31 -41 0 0 0 0 0 -16 -40 0 0 0 0 0 23 0 0 -35 0 0 0 -44 0 0 30 0 0 0 0 -39 8 0 0 0 31 0 0 0 0 0 0 0 11 0 0 15 0 0 0 0 0 0 -11 0 0 0 0 0 10 0 0 0 0 0 0 -19 0 0 0 0 0 0 0 23 8 0 0 0 0 -7 0 0 0 0 0 0 -9 
-8 0 0 0 0 0 0 0 1 0 0 0 32 0 -35 0 0 0 -41 0 0 40 0 -11 -48 -21 0 0 0 0 0 0 0 -15 0 0 0 0 0 0 0 0 0 0 6 0 46 0 16 -3 0 0 0 0 -2 0 0 0 0 0 0 0 0 0 32 0 12 0 34 0 0 0 0 0 0 -39 0 -49 0 0 -44 0 0 0 34 0 0 0 -32 0 0 -16 0 7 0 0 -17 -48 -44 0 0 0 0 0 0 0 0 0 0 0 -13 0 0 0 0 0 0 0 0 0 13 0 -50 0 0 0 -5 17 0 0 -8 0 30 0 0 0 30 0 0 0 0 0 0 0 0 0 25 0 0 0 0 0 0 0 33 -36 49 0 0 0 0 -12 0 0 0 -28 1 -50 0 0 0 0 0 0 0 0 0 0 0 18 0 33 0 9 0 0 0 0 0 -21 0 0 0 0 0 -25 3 4 49 0 
0 0 -30 0 -24 0 -27 0 0 -24 0 27 0 0 0 0 0 0 0 0 -37 48 -38 -40 -44 0 0 0 5 13 0 0 0 0 22 0 0 0 0 -48 0 -19 0 0 0 0 0 17 0 16 -40 0 -50 0 28 0 0 -37 0 0 16 -31 -21 0 0 0 0 0 0 0 0 0 0 0 27 0 0 0 -26 28 0 0 0 -46 0 0 47 -15 0 0 0 0 0 0 0 0 -25 25 0 0 0 0 0 0 -14 0 0 23 14 0 0 0 0 0 0 0 0 0 0 0 0 -39 0 0 5 0 45 0 -44 29 -38 0 0 -9 0 0 0 0 0 0 0 16 0 17 18 0 0 0 0 0 0 48 39 0 -7 0 0 0 -32 1 0 27 0 17 0 0 6 0 0 0 0 0 0 0 0 0 -50 0 0 15 30 0 0 0 -14 -6 0 44 0 0 0 17 0 -16 0 -20 0 41 0 0 
0 0 31 0 27 46 0 -4 0 0 -10 0 0 0 0 0 0 0 0 0 0 0 0 -27 46 0 0 0 35 0 0 0 12 0 20 0 0 -47 0 0 0 0 0 16 -25 0 0 0 0 0 24 0 0 0 0 -17 0 0 13 -30 -38 13 35 -4 0 -17 0 -34 0 0 0 0 0 0 0 -16 0 -24 0 0 0 0 0 33 -29 0 0 0 0 0 0 17 24 0 0 0 0 0 0 0 0 0 0 0 0 0 0 0 0 0 32 0 0 0 41 0 0 0 0 0 0 0 0 0 35 0 0 0 0 -45 0 0 0 0 0 -21 0 0 0 0 0 -39 -39 0 0 0 0 0 0 0 0 0 0 0 0 0 0 16 0 0 31 0 33 26 0 0 0 0 0 0 29 0 -6 0 0 0 4 0 0 -10 0 0 0 0 -25 0 0 43 0 0 -22 0 0 0 0 -36 43 -25 -23 0 
0 0 0 0 48 -33 23 0 -18 -7 0 0 0 0 0 0 0 0 0 0 0 -35 0 0 0 0 0 0 0 -1 -50 0 0 0 0 0 0 0 0 0 0 -23 0 0 5 0 49 -31 0 0 0 0 0 0 0 0 0 4 0 0 0 -13 0 -25 0 0 0 0 -14 0 0 7 0 0 0 0 0 0 -3 0 0 0 0 0 0 -11 0 0 0 -48 17 -20 0 0 0 0 0 0 -5 0 0 3 0 -37 0 0 0 -22 0 8 -41 0 0 0 0 0 8 -5 -6 0 0 0 -34 0 0 0 0 0 0 -37 0 0 0 -30 0 0 0 0 0 0 19 0 0 0 0 0 -31 0 0 0 0 0 0 0 0 0 0 0 0 0 2 0 0 0 0 0 0 0 0 12 0 0 14 31 0 -17 0 32 0 0 0 0 0 0 6 29 0 0 0 17 32 32 0 0 0 42 -24 0 0 28 
0 0 21 0 0 -21 0 9 0 0 0 0 0 0 0 0 0 26 0 0 -28 -25 0 0 -29 0 -7 0 0 0 -3 35 0 0 0 0 7 0 13 0 0 0 0 0 0 9 0 0 -3 -44 0 0 0 -45 45 0 0 -35 0 0 0 -42 -15 0 -27 26 0 -41 0 0 0 0 -12 0 -42 0 0 -13 0 0 40 0 0 0 0 0 0 0 0 0 0 0 0 32 0 0 0 0 -4 0 -11 0 0 0 0 0 -15 4 0 32 0 0 0 0 0 0 0 0 0 31 -22 0 0 0 0 0 0 -25 0 0 0 0 0 -28 29 0 0 0 16 -39 0 0 0 0 0 -35 0 -6 1 -39 -28 17 0 31 0 0 19 0 0 0 0 0 0 -13 0 0 0 0 0 0 -44 0 -33 0 0 0 0 0 0 0 0 50 47 39 -3 0 32 0 0 0 0 0 0 0 0 0 0 0 45 0 
-34 0 16 0 0 28 0 0 0 0 42 0 0 0 0 0 39 0 0 0 -15 17 0 0 -16 0 0 0 0 19 0 0 -37 0 -26 0 0 0 -33 -29 0 0 0 0 0 0 4 0 -19 0 0 0 0 0 0 47 18 6 0 0 -12 0 43 -7 0 0 0 0 0 0 0 0 0 -16 0 0 0 0 -24 0 0 0 0 0 0 0 0 0 -20 0 0 -44 0 0 0 0 0 0 43 0 0 0 0 0 0 0 0 0 0 -2 0 0 0 -17 0 0 0 0 0 0 0 0 0 0 0 0 0 0 -8 0 0 0 0 0 0 0 -39 0 0 -39 0 0 0 0 0 20 0 0 0 0 0 0 0 -22 0 -43 0 0 -17 0 0 0 -17 0 0 47 0 0 0 -1 0 0 0 0 0 0 0 -31 0 0 0 0 0 0 -7 0 0 0 0 0 0 48 0 38 0 0 0 0 22 0 
0 0 0 0 0 0 0 46 -46 0 0 0 0 0 0 -7 0 28 41 -27 0 0 0 0 43 0 0 0 0 0 0 0 0 0 0 0 0 0 0 0 0 0 0 0 0 0 0 0 0 0 0 0 0 42 0 48 0 0 0 0 0 0 -11 0 -18 0 0 22 0 0 0 10 0 0 -27 50 15 34 2 0 0 0 0 0 0 0 0 0 0 0 0 0 -3 0 0 0 0 0 0 0 39 0 -39 0 -13 0 0 0 -6 0 50 33 0 0 -23 0 0 -46 0 0 0 0 0 0 0 0 0 0 4 0 -10 0 0 0 0 49 8 0 17 0 0 0 0 0 0 0 -24 -48 0 0 0 0 0 8 0 -13 0 0 0 0 0 0 0 0 48 42 0 0 0 0 -21 0 0 0 -4 0 0 0 0 -49 37 -43 0 27 0 0 0 0 -35 -8 0 0 0 -15 -12 0 0 0 25 -34 
0 0 0 0 0 0 0 0 3 0 0 0 0 0 -26 0 0 0 0 0 0 0 0 0 0 0 0 0 0 0 0 0 0 24 -23 0 0 -26 0 0 0 0 0 -21 0 0 0 0 0 0 0 -26 0 0 0 0 0 0 0 0 0 0 -29 -29 0 0 0 0 0 0 -10 0 0 0 0 0 0 0 38 0 0 -15 0 0 0 0 0 25 7 30 0 0 0 -18 0 0 32 0 0 0 0 0 0 0 0 0 0 -46 -50 0 36 0 0 -30 0 12 0 -14 0 12 0 39 0 42 0 0 0 0 0 37 0 0 -3 -20 27 0 0 0 18 0 0 0 0 0 0 0 0 50 19 0 0 0 -9 0 0 0 0 0 0 0 0 0 22 0 0 0 0 0 -12 0 17 8 0 0 40 0 0 0 4 0 0 0 0 -11 -33 0 -41 0 29 0 5 0 0 0 0 0 -23 -15 6 0 
0 -24 0 0 11 0 0 0 -37 -26 0 0 -27 0 0 -36 0 -8 0 0 23 0 43 0 -40 0 -14 0 0 0 0 0 -45 0 0 0 0 0 15 0 0 0 0 0 0 0 0 -44 0 0 0 22 0 28 0 0 0 0 -25 0 -43 0 0 0 0 0 0 -5 0 0 6 -43 0 -20 0 38 0 0 0 0 0 0 0 0 -7 -25 0 0 0 8 0 0 0 0 0 0 -34 0 41 0 49 0 0 12 0 -19 0 0 -18 0 0 0 38 0 0 0 30 0 34 0 0 0 0 0 0 0 0 27 0 -43 -27 0 0 0 0 0 0 0 0 0 0 -35 20 0 0 40 0 0 0 0 0 0 0 0 0 30 0 0 0 0 -32 0 0 0 0 0 0 0 0 0 0 0 0 0 43 0 16 0 0 39 0 -50 0 -25 0 0 0 0 0 0 46 0 42 0 19 0 0 0 0 50 
0 0 0 0 0 0 0 0 16 0 0 0 0 -17 0 0 0 0 0 -9 0 0 0 0 0 15 50 0 0 0 9 26 0 0 0 48 0 0 0 -27 0 0 0 2 0 0 0 0 0 0 -36 0 -25 0 0 0 0 45 0 0 0 0 0 0 -26 0 0 50 0 -4 0 0 0 0 0 0 0 0 0 0 0 0 0 0 0 0 0 0 0 -14 -16 0 0 0 0 0 0 0 -21 38 -27 0 0 0 0 0 0 0 0 0 0 0 0 0 0 0 0 0 0 0 -10 0 0 0 0 39 32 0 -43 0 0 46 0 0 0 0 0 25 0 0 -31 0 0 -24 0 0 -12 13 0 0 0 0 0 0 0 0 0 0 0 0 0 42 0 0 0 0 0 0 0 -17 0 0 0 0 -31 -19 0 0 0 0 0 0 0 0 4 0 0 0 -23 0 0 0 0 0 0 0 0 0 0 0 
0 0 0 0 0 0 0 -36 0 15 0 0 0 0 0 0 0 0 0 0 0 0 0 0 0 0 -8 47 0 0 0 0 0 0 0 0 0 21 -15 0 0 0 0 0 -43 45 0 0 4 0 0 0 0 0 0 1 -47 0 0 0 -9 0 0 0 0 0 34 30 0 -9 0 0 0 0 30 0 0 25 0 0 -34 0 0 -8 0 0 19 6 -27 0 0 0 -19 0 0 0 0 0 0 -11 0 0 0 0 0 0 0 0 0 0 0 0 0 44 0 0 0 17 0 0 0 0 0 0 0 0 -13 0 0 0 0 4 0 0 0 0 31 0 0 0 0 -6 0 -48 50 0 13 0 0 -43 0 0 37 37 22 -50 0 20 0 12 0 12 -3 0 0 0 45 0 0 0 0 -20 0 0 0 0 0 -18 0 0 0 0 0 0 0 0 8 0 0 0 0 37 0 11 28 32 0 5 0 -14 
0 0 -32 0 0 0 0 0 0 0 44 -32 0 29 0 -23 0 -1 20 0 0 0 0 0 0 0 0 0 -10 0 0 -10 0 0 0 -38 -50 0 0 0 0 0 28 0 0 0 0 0 0 8 -14 0 15 0 0 0 4 0 0 24 0 0 0 0 -17 0 0 -30 0 0 0 43 0 0 0 0 -33 -13 0 -40 0 -48 0 0 0 0 0 0 9 0 0 0 0 0 0 0 0 0 12 0 0 10 -37 -39 0 34 0 0 0 0 23 0 0 0 0 -3 0 -17 -29 0 0 -46 0 0 0 0 0 36 0 0 0 -6 0 0 0 0 0 0 0 0 0 1 0 0 19 0 0 0 0 -15 0 -29 0 28 0 0 0 0 0 0 42 0 -8 0 -49 -33 0 -35 0 0 0 0 0 -14 0 0 0 0 -42 0 0 0 26 0 0 29 0 0 0 0 0 0 0 0 0 0 0 0 -36 0 
-41 0 0 0 0 0 0 0 17 0 16 0 0 0 0 -8 0 0 0 0 0 0 0 18 0 0 0 0 0 0 0 0 0 0 0 0 0 0 0 0 -50 0 0 16 0 0 -41 0 0 0 -23 0 0 0 41 0 -29 -42 13 0 0 11 0 0 0 0 0 -42 0 0 0 -49 0 0 0 0 0 0 0 0 18 -18 0 0 0 12 -14 30 0 0 0 0 0 0 0 0 4 0 0 2 0 0 13 0 0 0 0 0 18 0 0 0 0 0 -28 35 11 0 0 0 0 45 0 0 0 0 0 0 24 0 0 0 0 -50 30 0 0 0 0 0 0 -39 0 0 0 0 0 -43 -15 0 0 0 0 0 0 41 0 -28 -38 0 0 0 0 0 -48 0 -36 0 -45 -25 5 0 0 0 0 0 27 0 0 0 0 0 0 0 0 0 -20 0 -29 0 0 -4 0 0 0 -40 44 0 41 0 
-16 0 0 0 1 0 27 0 0 -48 -47 0 0 -21 0 0 -50 0 3 0 0 0 0 0 0 0 21 -12 0 -45 -3 0 0 0 0 0 0 0 0 38 0 4 -38 0 0 0 0 0 6 0 0 0 -40 0 0 -1 46 0 0 0 44 0 0 0 0 0 46 0 0 0 0 -28 12 -24 41 -12 0 0 0 0 0 0 -50 -18 0 0 0 0 0 20 -30 -38 0 35 0 0 0 -10 0 0 0 0 -25 0 0 0 0 0 0 0 0 0 0 0 -46 -27 0 13 -43 30 0 -38 0 0 0 0 46 0 0 0 0 49 0 0 0 37 0 0 0 0 0 -28 0 0 0 0 0 0 0 0 36 0 0 0 -19 0 -26 0 0 0 0 0 0 0 -9 0 0 0 16 -33 0 0 0 0 -17 0 0 0 0 0 0 0 0 0 0 0 0 0 0 0 0 0 0 -32 0 0 0 0 0 24 
0 -19 0 -44 0 0 -39 0 0 0 0 0 15 0 0 0 0 0 0 0 5 14 0 0 24 0 0 0 -10 0 0 0 0 0 49 0 -46 -2 -7 0 0 0 0 0 0 -48 0 4 -16 -26 11 0 0 0 0 0 0 0 0 0 0 35 0 0 0 0 -16 -38 0 0 11 -31 0 46 0 0 0 0 0 0 0 0 0 15 0 0 0 0 0 0 0 0 0 0 0 -34 1 0 -43 0 5 0 0 0 0 -39 40 0 0 0 24 0 0 0 32 0 39 -2 0 0 0 0 42 -48 28 0 0 0 0 15 0 0 12 0 43 16 0 0 48 0 0 17 0 0 0 0 0 0 -29 0 0 -8 0 0 0 -26 -31 0 21 0 2 0 0 0 0 0 0 0 0 0 0 0 0 0 0 0 0 0 0 0 0 0 0 0 0 -8 0 -3 0 0 -5 0 0 0 0 0 0 0 -41 0 
0 0 0 41 0 0 0 -5 -23 0 0 0 0 33 0 -7 32 0 0 -43 21 0 0 -42 41 0 0 0 -1 0 0 0 0 0 0 0 2 0 0 0 -3 0 0 0 13 0 47 -7 0 0 4 0 -31 0 0 0 0 10 0 0 0 0 0 0 33 -21 0 0 17 -46 0 0 -35 0 44 0 0 0 0 0 34 0 0 0 -27 45 0 0 -9 0 0 0 0 0 0 0 0 -35 0 -28 0 -27 0 0 29 0 0 0 0 0 0 32 -19 0 0 28 0 0 0 10 0 0 0 0 0 0 0 0 0 0 0 0 0 0 0 -32 0 0 39 0 0 0 0 0 -9 0 0 37 0 0 0 0 0 0 -36 0 0 0 0 0 -9 0 0 0 0 0 0 0 0 0 0 0 0 0 0 0 0 0 -23 0 0 -31 0 0 0 0 8 0 0 -40 49 0 -35 0 33 0 -31 0 0 -3 
0 -14 0 -16 0 0 0 0 0 37 26 0 0 0 0 0 0 3 0 0 0 0 0 0 -13 0 0 0 0 0 0 0 0 0 -20 0 0 0 18 0 46 0 0 0 0 0 0 0 0 41 0 0 0 0 0 -28 0 29 0 -34 0 -15 0 0 0 33 0 0 46 0 0 0 10 0 0 0 -21 0 -10 0 0 0 0 0 0 0 0 19 0 0 0 0 0 0 45 0 0 0 35 0 0 29 -47 0 -9 0 -44 0 0 0 0 0 0 0 0 0 0 0 0 0 0 0 0 0 0 0 0 0 11 0 0 0 0 10 0 0 0 0 0 0 0 31 -22 8 0 0 0 37 28 0 0 0 0 0 0 0 0 0 0 0 -11 0 24 0 0 0 50 0 0 0 0 0 -18 0 0 21 39 0 0 0 0 0 0 0 0 -8 0 0 50 0 8 0 0 -30 0 0 42 0 0 16 
0 0 18 0 0 27 0 0 -50 -45 11 0 0 21 0 0 0 0 0 0 0 0 0 44 32 0 0 48 0 0 0 0 0 26 0 0 0 0 0 0 0 0 0 0 0 0 24 -17 0 0 0 0 0 0 0 16 0 0 0 40 -19 0 0 12 0 -38 0 0 0 0 15 0 0 0 0 0 0 0 43 0 43 0 0 0 0 0 -32 0 23 -34 0 38 0 31 -33 0 0 0 0 0 43 0 -19 0 0 0 0 0 0 0 0 24 0 0 0 0 0 0 0 -12 0 0 0 9 0 -20 0 0 0 0 0 0 0 0 31 0 0 33 -7 0 0 0 0 0 0 0 0 22 0 0 -19 0 -36 0 0 0 0 -47 0 0 0 0 0 0 0 0 -25 0 0 0 0 0 -14 0 -1 0 0 0 0 49 0 0 0 0 0 0 0 0 0 0 48 0 0 0 0 24 0 0 0 0 
50 -43 0 0 0 0 0 0 0 -35 15 0 0 -42 0 0 0 0 0 41 -22 0 -22 -45 0 0 16 0 3 0 0 0 7 -29 0 0 -8 0 0 0 34 -19 0 0 0 0 -50 -38 0 -10 0 10 -26 0 0 0 0 26 47 0 0 -10 2 0 0 0 0 0 0 11 0 -34 0 -47 18 0 0 0 0 0 0 0 0 0 0 0 0 -37 0 0 0 0 0 0 0 -12 -14 0 0 0 -16 0 0 0 0 0 0 2 0 0 -7 31 0 0 9 30 0 0 0 0 0 38 0 0 0 0 0 0 0 38 0 0 0 41 31 -38 11 -36 0 0 0 0 -43 -13 0 30 0 -50 0 41 0 -26 0 0 0 0 9 2 0 0 0 0 -12 0 0 0 0 0 22 0 0 0 0 0 0 17 0 -10 0 0 0 39 0 0 -31 0 0 0 0 0 29 0 -11 0 -17 0 0 39 0 49 
38 0 0 0 0 0 0 37 7 0 0 0 43 0 0 0 0 0 29 0 0 0 0 0 0 0 -49 -4 0 0 0 0 0 0 0 0 0 0 11 0 0 8 -43 0 0 -6 0 0 0 -16 0 -5 0 -25 0 0 0 0 0 0 0 0 0 0 -32 0 49 0 0 0 -7 32 0 4 -4 0 45 0 0 0 0 0 9 0 0 0 0 0 38 0 0 0 0 26 10 0 0 -45 0 4 -2 1 0 0 0 14 -33 0 0 0 0 0 0 0 0 0 0 0 26 0 0 0 0 0 0 0 0 0 0 0 0 38 0 0 0 0 0 49 0 0 0 19 0 0 0 0 0 0 0 0 -26 -31 0 0 0 9 0 0 0 0 -18 -18 0 0 0 0 0 0 0 0 0 0 0 0 0 0 0 0 0 41 0 0 0 0 -32 0 0 0 0 0 5 -34 0 -36 0 0 0 0 0 0 
0 0 0 -48 0 1 0 0 0 0 0 -10 0 0 0 0 0 0 0 0 -6 0 0 -5 0 0 0 0 0 0 0 0 0 0 0 0 0 0 0 0 -37 0 0 0 0 22 27 0 0 0 0 0 0 0 0 0 0 9 -27 0 0 0 -41 0 0 -10 0 0 0 0 0 -23 0 0 0 44 6 0 0 0 0 0 0 -46 0 0 -32 50 0 0 26 0 0 27 40 0 -22 0 0 -29 19 37 0 0 0 -10 42 21 -39 0 0 -13 0 35 -25 0 0 0 0 0 -25 7 0 0 -33 29 0 25 0 0 0 0 0 0 14 0 0 0 0 16 0 0 0 0 0 0 0 20 0 -28 0 0 0 0 -47 2 0 0 -31 0 10 0 0 0 0 0 0 0 0 0 14 0 27 0 -22 0 -6 0 0 0 0 0 0 0 0 0 0 0 0 0 0 28 -47 44 0 19 0 -23 0 0 
0 0 0 0 0 -45 0 0 0 -20 0 0 0 0 0 20 -39 0 -45 0 0 0 0 0 0 6 0 0 0 0 0 0 0 0 0 10 0 5 0 0 0 0 0 0 0 0 0 0 0 0 0 0 0 0 0 0 0 0 0 0 0 -39 0 49 0 49 0 0 0 0 27 0 29 36 0 0 -3 0 0 0 0 0 -22 0 0 0 0 41 0 0 0 0 27 0 0 0 0 0 44 0 0 43 0 0 35 42 0 0 0 0 0 10 -37 0 0 0 0 0 0 0 47 0 0 0 0 0 0 0 0 0 0 0 13 0 0 0 15 0 -32 0 0 0 -17 0 0 0 0 0 0 -38 0 21 0 0 0 0 0 -31 1 0 0 0 0 0 0 0 0 0 0 4 0 0 0 -45 0 0 -18 0 0 0 0 2 0 0 0 0 38 0 0 0 0 0 0 0 0 0 -9 45 -44 0 
-44 0 0 0 50 0 0 -48 0 0 28 0 26 0 -17 0 0 0 0 0 0 0 0 0 0 0 0 0 -39 0 42 0 0 0 0 0 0 0 0 0 0 0 0 0 -13 0 26 0 0 0 0 0 0 0 0 0 24 0 0 0 0 21 0 -20 11 -50 0 0 0 0 0 0 -21 10 0 0 0 0 0 0 19 0 17 0 0 0 0 -7 24 0 0 0 0 0 0 0 -37 0 40 0 -24 0 0 0 0 -44 0 0 38 -42 0 0 0 0 0 31 -25 0 0 0 0 -42 0 0 -7 -25 0 -19 0 0 33 0 0 0 0 0 0 0 1 0 0 0 0 0 0 0 0 12 0 0 0 0 0 0 0 0 0 0 0 20 2 -12 0 0 -30 0 0 0 0 -8 0 0 0 -43 41 0 0 0 0 0 0 0 0 0 -31 -9 0 0 0 0 0 0 50 0 -37 0 -39 0 16 0 
0 0 0 -18 8 0 0 0 0 12 0 0 14 0 0 0 0 0 0 0 37 0 0 0 0 0 45 0 0 0 0 0 0 0 0 0 0 0 0 21 -9 0 3 0 0 0 0 -31 0 37 0 0 0 0 0 39 0 31 0 0 0 0 0 38 0 0 -43 0 0 0 0 0 0 0 1 0 0 0 -41 0 0 0 0 0 -11 0 0 0 0 0 0 0 0 0 0 0 5 23 -34 0 0 0 0 0 -8 0 0 0 0 -17 46 22 0 0 48 0 0 5 0 0 0 0 0 0 0 0 6 0 0 27 0 0 0 -14 0 -35 0 0 0 31 2 0 0 0 0 -32 0 0 42 0 0 2 -9 -11 0 0 -18 10 0 2 0 0 0 0 0 -44 0 0 27 0 0 0 0 0 0 48 0 0 0 0 0 0 -3 0 0 6 0 39 0 0 0 49 42 0 0 0 0 0 40 0 
0 0 -4 -30 0 0 0 0 0 0 0 0 0 38 0 -6 0 0 -41 42 0 -8 0 0 -25 0 0 0 0 0 0 0 0 -13 0 0 0 0 0 0 0 0 0 -35 0 0 0 0 0 0 0 0 0 0 -40 0 0 0 0 0 42 0 0 0 0 0 0 0 42 -27 0 0 -5 0 0 0 0 0 -18 49 -24 0 21 0 0 0 -30 0 0 0 0 -12 0 0 0 0 16 0 26 0 0 -22 -28 0 0 0 0 -29 0 0 0 0 0 -32 0 -28 0 0 0 0 8 0 0 -6 0 0 0 0 0 0 0 31 0 0 -22 0 0 -12 27 0 0 0 0 0 0 0 42 12 0 0 0 0 0 0 0 0 -18 0 0 -12 0 21 -24 4 0 -11 0 -5 0 0 30 0 0 0 -9 0 0 0 0 0 -17 0 0 0 0 0 0 0 0 0 -5 -33 4 0 -26 38 0 0 -14 0 
33 0 31 0 0 0 0 0 0 0 0 0 0 0 0 0 -29 44 -35 0 0 0 40 -37 0 0 8 0 22 24 -22 0 0 -35 0 0 0 48 0 0 37 0 0 50 0 0 0 12 44 0 0 0 0 0 0 0 0 -15 13 0 13 32 0 0 6 21 0 0 0 0 1 8 0 0 31 0 0 0 43 0 -38 0 0 -10 0 0 0 0 0 3 0 0 0 13 0 0 0 -41 0 0 19 0 0 0 0 -26 22 0 0 0 0 0 0 0 0 0 0 0 -38 0 0 0 -27 0 0 11 0 0 0 0 0 0 0 -5 26 25 0 0 0 33 0 0 -17 0 22 0 0 -3 -8 0 0 0 0 24 0 -12 0 0 0 0 0 -24 0 0 -27 0 0 0 0 0 0 0 40 0 0 0 0 41 0 0 -32 0 5 0 34 23 0 0 0 0 6 0 0 0 0 0 0 0 0 0 
0 0 -9 0 -25 -50 0 0 0 0 0 0 -15 0 0 0 0 41 0 0 0 0 11 0 0 0 0 0 0 0 0 0 0 0 0 18 0 0 33 0 0 0 0 0 0 0 -23 0 0 0 18 -3 0 20 0 0 0 0 1 0 0 0 0 0 0 -28 0 0 23 0 0 12 -15 -46 0 0 0 -40 0 39 0 0 0 0 0 0 0 0 0 0 0 0 0 0 -42 0 0 0 45 0 0 0 0 0 0 0 0 0 0 -38 -2 16 0 0 46 0 0 0 0 0 0 0 0 0 0 0 0 13 0 0 17 16 0 49 0 0 0 0 17 26 0 -13 0 0 0 0 0 0 0 0 0 0 0 0 0 0 0 0 0 0 0 4 0 0 0 0 -42 0 0 0 0 -33 0 34 0 19 0 -25 0 0 0 -50 0 -48 -19 0 0 0 0 0 0 48 0 8 0 0 0 23 0 29 
-40 0 0 -17 0 16 -47 0 0 0 0 0 0 0 0 0 0 0 -49 0 0 0 0 0 -9 0 0 44 0 -8 0 0 -14 0 0 -9 -13 0 0 0 0 0 0 10 -19 0 0 0 0 0 0 0 0 0 -10 0 0 -1 0 0 0 25 0 0 -30 -40 0 0 0 0 0 0 0 0 0 0 0 0 0 -32 0 46 -20 0 0 0 0 0 0 0 0 0 21 0 0 17 0 -29 0 0 29 0 0 0 0 13 0 0 0 2 0 0 0 0 1 30 0 0 0 0 0 -13 0 0 -5 -27 0 0 0 0 0 0 0 0 -11 0 0 0 0 0 0 0 0 48 0 0 0 0 -49 -48 -9 0 0 0 0 0 0 0 0 -30 0 0 -27 0 0 0 0 -22 0 0 0 0 0 0 0 0 20 -17 0 0 35 0 0 0 -50 0 0 19 0 0 0 0 0 -21 0 -10 0 0 0 0 
11 -9 0 0 0 0 0 0 0 0 0 19 0 0 0 0 0 0 0 0 0 0 0 0 0 0 0 0 36 0 0 0 0 0 0 0 19 0 0 -12 0 0 0 0 0 0 -36 0 0 -2 0 0 0 0 0 0 0 0 0 0 0 0 -46 -34 -45 0 0 -18 0 0 0 0 0 0 0 0 0 14 0 0 0 0 0 0 0 0 25 0 0 0 0 0 0 0 0 0 0 0 0 -43 0 0 0 32 0 0 0 0 0 0 0 0 0 0 0 0 -20 0 0 0 14 0 6 -12 50 -9 -48 0 0 0 0 0 41 0 0 0 -11 -28 0 0 0 0 47 42 0 0 0 0 -33 0 0 0 0 0 0 0 0 0 0 0 -44 -11 0 0 0 0 0 -2 -45 0 0 -28 0 -46 34 0 0 0 0 0 0 0 0 0 0 -49 0 0 -48 0 0 0 0 -19 0 0 38 0 -30 0 
0 0 -27 0 0 0 -23 0 0 -32 0 0 0 0 0 0 19 -35 -28 -45 -1 0 0 0 0 12 0 0 0 0 33 0 0 -42 0 0 0 0 0 0 0 0 0 0 0 11 0 0 45 -42 0 -49 0 0 0 0 0 0 -41 0 0 26 0 0 0 0 0 0 0 0 0 0 -36 0 0 5 30 0 -7 0 0 0 0 4 0 0 0 0 0 0 -22 0 0 0 0 0 19 0 0 0 0 0 0 0 0 0 0 14 -33 0 -9 0 0 0 0 0 -21 -30 -9 0 0 0 0 0 0 0 0 0 0 -8 0 40 0 0 0 -18 0 1 6 0 0 0 0 0 0 0 0 45 0 -36 0 0 0 50 -25 0 0 0 0 0 0 0 0 -42 0 0 0 -45 0 0 0 0 0 0 46 0 0 0 -21 0 0 -25 14 0 0 0 0 0 0 47 27 0 42 0 0 0 0 0 0 0 
0 0 0 0 0 0 0 0 -17 0 0 0 0 0 39 0 -5 0 0 0 16 -31 0 0 0 0 0 18 0 10 0 0 0 0 16 0 0 0 0 0 0 0 0 0 0 -18 0 0 23 0 0 0 0 0 13 0 0 0 0 0 0 0 0 0 0 0 18 26 0 -19 0 0 0 0 0 0 0 0 0 27 27 0 6 0 0 0 48 0 0 0 32 38 -48 0 0 0 0 0 0 -5 0 0 0 0 0 0 18 0 -45 16 0 0 0 0 0 0 0 0 -28 0 0 -12 0 2 -23 0 0 43 0 0 0 0 0 0 0 0 0 -50 0 0 0 0 0 0 0 0 0 0 -35 0 0 0 0 0 0 0 0 0 0 0 0 -5 0 0 -22 -2 -45 0 19 0 15 0 0 -4 0 11 0 0 0 0 0 0 0 0 0 0 35 0 0 0 0 0 0 0 0 0 0 0 0 0 
-23 0 0 0 0 0 46 0 0 -7 0 0 0 0 0 0 0 0 0 16 0 0 41 37 0 0 0 -31 0 0 0 0 0 0 0 0 0 -37 0 0 45 -47 0 0 0 0 0 0 0 0 -43 0 0 -33 38 32 0 0 0 0 -29 -16 0 0 29 -21 0 0 39 0 0 0 7 -39 0 0 0 0 50 0 0 40 0 22 0 0 0 0 0 -18 0 0 -31 38 0 0 0 0 11 0 0 22 18 36 0 5 0 0 0 0 0 27 46 0 0 0 0 0 0 0 0 0 0 0 0 0 0 23 0 0 -14 43 0 0 0 0 0 0 0 0 0 0 0 0 -12 0 0 0 0 -45 16 0 0 0 0 22 0 0 0 0 27 0 0 0 0 -45 0 19 0 0 0 44 6 0 -43 0 22 0 0 0 0 0 0 0 0 -20 -19 0 -9 21 0 0 0 24 0 0 -40 14 0 -25 
0 0 0 0 0 0 0 0 0 33 0 24 34 21 3 0 -32 0 0 0 -22 0 28 41 -25 -6 0 36 -8 38 39 0 0 0 0 0 0 0 0 0 0 0 0 0 0 34 0 0 -29 0 0 0 16 38 0 0 0 0 0 0 -48 -1 0 0 0 0 0 0 0 0 8 0 0 0 0 0 0 -49 0 0 0 34 0 45 0 0 0 50 0 0 0 0 0 0 0 25 0 0 0 0 0 0 0 -4 0 0 0 -35 0 0 0 0 0 0 0 38 0 0 0 0 0 0 0 0 45 0 0 -28 0 -32 0 0 0 0 26 0 0 0 0 0 12 0 -1 0 0 0 -17 0 0 -25 -33 0 0 0 0 0 0 0 4 -8 0 0 0 0 0 0 0 0 0 0 0 0 0 0 0 0 0 -36 0 -26 0 0 0 0 0 0 17 0 0 0 0 0 0 0 23 0 0 45 0 18 
0 0 11 0 0 5 0 0 40 0 44 22 -46 0 0 -41 0 33 -45 26 0 27 0 0 0 0 0 -14 4 0 27 33 12 -40 0 0 0 0 0 0 0 0 0 0 0 0 0 0 0 0 0 0 47 0 0 0 -29 0 0 0 0 0 0 0 0 -41 0 0 -9 0 0 0 0 22 0 38 27 0 0 0 -13 20 -17 5 0 0 0 41 0 12 0 -4 0 0 0 -8 0 5 0 0 0 0 0 0 0 0 0 4 0 -37 -48 0 -33 0 0 0 0 -28 -43 0 0 0 0 0 0 0 -17 -34 0 0 0 0 0 0 0 0 0 0 0 29 0 -44 0 -21 17 0 0 0 0 5 0 0 0 0 0 0 0 14 0 0 0 30 0 0 0 0 0 15 0 0 -50 0 0 0 0 0 0 0 -7 4 0 16 0 0 0 0 0 0 0 0 -34 0 0 0 0 -9 0 0 0 0 
-15 0 0 0 7 45 0 0 27 0 0 0 0 -48 0 0 0 0 0 0 0 0 0 0 0 13 0 35 0 0 0 31 0 0 -49 0 0 0 0 0 0 0 0 30 0 0 0 0 0 45 0 0 0 0 22 -24 0 0 0 0 0 11 27 -31 0 0 0 0 0 4 0 -46 0 -17 4 0 0 0 40 4 37 43 0 4 -41 0 0 0 0 0 0 0 0 0 0 0 0 0 -27 16 0 0 -21 0 0 0 0 0 0 0 -49 0 0 0 0 0 0 39 0 0 0 0 -6 0 0 0 0 0 0 -8 36 16 -33 0 0 0 10 0 0 0 0 0 0 0 8 0 0 -20 0 0 0 0 0 0 0 0 0 0 0 0 0 0 0 -33 0 -28 0 0 44 0 0 0 -47 0 0 0 0 -11 0 -15 0 0 0 0 -7 -7 49 0 0 0 0 0 -6 0 0 0 0 7 35 0 
0 0 0 0 38 0 0 0 0 0 0 0 0 0 0 0 0 0 0 -49 0 0 0 -24 0 0 -11 17 -25 0 0 22 1 0 0 0 -11 45 0 30 0 0 28 0 0 -27 0 -17 0 0 0 0 0 0 12 0 0 -39 17 0 0 35 0 0 -48 -18 0 0 0 0 0 -29 0 0 0 20 -47 -10 0 25 0 0 0 0 0 0 0 0 0 0 0 0 0 0 -32 0 0 0 0 0 0 -8 0 0 -42 -9 0 -13 4 -41 0 0 -6 13 0 0 0 26 0 -19 0 0 13 0 0 0 0 0 0 0 0 0 0 0 0 0 0 0 0 -6 14 -33 0 0 0 0 0 0 0 0 0 0 0 -18 -14 0 0 27 0 0 0 0 40 0 0 0 0 0 6 0 0 -47 0 0 0 0 21 0 0 0 -19 -39 0 49 -16 -48 0 -26 0 0 0 0 0 0 26 -35 0 0 0 39 
0 0 0 0 0 0 0 0 0 0 0 0 0 0 0 0 0 -45 0 0 0 0 0 10 0 0 0 0 0 0 0 27 0 0 0 0 0 0 47 0 0 -36 25 0 0 0 0 49 0 -17 30 0 0 6 0 26 0 0 0 -34 0 7 0 0 0 0 0 0 0 0 0 0 0 -50 -48 -35 35 0 0 0 0 40 0 0 0 0 -17 0 -33 0 0 0 0 0 0 0 0 0 0 0 0 22 0 0 0 0 0 0 0 0 -16 0 0 0 0 0 0 -44 0 -19 48 0 0 0 0 0 0 0 0 0 0 0 0 0 0 0 0 0 0 0 31 0 0 0 0 0 0 0 -14 0 0 0 0 0 0 0 0 0 -45 -43 0 0 0 34 0 -46 0 -4 0 0 0 0 0 0 0 0 0 0 0 0 0 0 0 0 0 0 0 0 49 22 0 32 0 0 0 0 -34 0 0 0 
0 42 0 0 0 -45 0 0 0 0 0 -42 0 0 0 0 0 0 0 0 -8 6 0 0 0 0 0 0 0 0 -2 0 -29 0 0 43 0 0 0 0 0 0 0 0 48 0 0 -35 0 0 0 0 0 -21 0 0 32 0 -28 15 0 0 0 34 -43 0 -26 0 0 0 0 0 15 0 0 43 0 0 -48 -25 -7 0 0 0 22 -32 0 0 0 0 0 -29 49 0 0 0 -44 0 0 0 0 0 0 0 -48 0 47 0 0 0 0 0 0 0 0 0 0 -14 2 32 0 0 -20 0 0 25 0 0 0 0 0 0 0 0 0 0 0 0 0 0 0 0 0 -4 40 43 -31 0 0 0 -17 0 0 0 -1 0 0 -22 0 41 0 -9 0 0 0 34 46 0 -43 0 0 0 0 0 0 -40 0 48 0 0 0 0 -11 0 0 0 0 -43 0 0 0 -48 -50 0 0 -23 0 0 0 0 
0 0 0 0 -33 0 0 0 29 0 0 -8 33 0 0 -49 0 -15 0 0 0 0 0 0 0 0 0 0 -19 0 0 0 33 0 -16 0 0 0 11 0 0 0 -44 0 0 0 40 0 0 -24 0 0 0 0 -33 -8 0 0 0 0 0 0 0 0 0 0 0 0 37 0 0 0 31 0 0 -6 0 0 -49 0 0 -50 0 0 -48 0 0 0 0 0 -15 0 0 0 40 0 -4 0 0 0 0 0 0 -30 0 0 0 0 0 0 0 0 -1 0 -38 0 0 0 0 0 0 0 -43 0 0 0 0 0 22 0 2 10 0 0 0 0 0 0 0 0 -17 0 0 0 0 0 -19 0 0 0 0 0 0 21 0 17 0 0 0 0 48 0 0 19 0 0 0 11 0 0 0 0 0 0 -40 0 0 -6 0 0 0 5 0 0 0 0 0 0 0 0 0 0 0 -34 0 -11 0 0 0 0 
0 0 0 0 0 -44 0 0 0 0 0 19 0 45 0 0 0 2 -2 0 0 0 0 0 2 -14 0 0 0 -24 0 0 0 0 35 0 0 0 -35 0 0 -6 -37 0 0 0 0 0 0 0 0 36 20 0 0 -13 0 0 0 0 0 0 0 23 0 0 0 -20 0 43 0 0 0 0 16 0 -36 0 0 0 0 24 0 -14 0 3 0 48 0 -34 21 -5 0 -12 0 0 0 0 0 0 0 0 0 0 0 0 0 0 0 0 0 0 -39 0 0 0 0 0 0 22 49 0 0 0 49 0 12 0 19 -24 0 0 0 0 37 0 0 0 -50 4 0 0 0 0 0 16 0 0 0 27 0 0 0 39 0 0 0 -6 -18 0 0 0 0 0 20 0 0 0 22 0 0 0 21 0 0 0 0 0 0 0 0 0 0 0 0 29 0 0 0 0 0 0 0 36 0 0 0 0 0 0 
0 0 0 0 0 0 8 -45 0 -18 0 0 0 0 0 0 -50 0 0 0 0 0 0 0 14 0 0 -48 0 -29 0 0 0 0 -46 0 0 -37 40 0 -27 0 0 18 0 0 -37 0 0 0 0 0 0 0 -13 0 0 0 0 0 32 0 0 0 0 0 0 -45 -18 0 -16 0 0 23 0 8 -28 0 -31 0 0 0 15 0 0 0 0 0 0 27 0 31 0 0 0 0 0 -10 0 0 0 0 0 4 -22 0 0 -27 -12 0 0 0 -7 0 0 0 -33 0 0 0 0 48 0 0 0 0 -15 0 0 0 0 49 0 0 0 0 0 0 0 0 32 0 -31 0 0 0 0 -18 0 0 0 0 0 0 0 -10 0 0 0 0 0 0 41 -25 -17 0 0 0 0 -36 0 -11 0 0 48 -6 0 0 -16 0 0 0 0 0 28 -18 -22 0 0 0 0 0 0 0 0 45 0 -48 0 0 
0 0 -5 0 0 0 0 0 17 -50 33 12 0 0 0 28 0 -35 0 0 27 0 0 0 0 0 -49 0 0 49 0 0 0 16 0 -8 0 0 0 -24 0 19 0 0 2 0 0 0 -50 0 0 0 0 0 0 0 -24 0 0 0 0 0 0 -45 0 0 0 0 0 0 0 0 0 0 0 0 0 0 0 0 0 0 0 0 0 0 0 0 0 0 0 0 0 0 0 0 4 0 0 0 -26 0 0 0 0 0 0 -23 0 0 -19 0 0 0 -27 0 0 10 0 -19 0 0 0 -29 0 0 0 0 0 0 0 0 0 0 0 0 -19 0 0 0 0 0 0 0 4 0 0 0 -42 0 0 0 -23 0 0 0 0 0 0 0 0 0 0 0 0 0 -21 0 0 0 -7 0 0 0 0 0 0 -16 42 -1 0 0 0 0 50 -17 7 0 0 0 0 0 -36 -40 0 0 0 0 -4 0 
0 0 0 0 -13 0 28 -38 -41 0 0 -19 0 0 0 0 0 0 18 0 0 0 0 8 0 0 0 0 0 0 -3 0 29 0 0 0 -48 40 28 0 0 0 36 0 0 0 0 14 0 0 0 0 0 0 0 0 0 0 0 0 0 0 0 38 0 0 0 -13 6 18 29 0 0 0 32 0 0 0 0 0 0 25 0 0 0 0 14 0 0 0 0 0 0 0 0 0 0 0 0 0 0 0 22 0 0 0 0 0 0 0 0 0 -20 0 0 0 0 0 0 0 0 -22 0 0 0 0 -27 34 15 -12 0 0 34 0 0 -8 0 18 15 -10 0 0 0 -49 0 39 0 0 0 0 0 0 0 0 49 0 41 0 0 0 0 0 0 0 0 0 0 0 0 -26 4 -15 0 0 0 0 0 0 -1 0 15 0 0 -21 0 0 0 0 0 -16 0 0 0 1 0 0 0 0 0 50 
0 0 -44 0 0 0 0 0 0 0 0 25 0 12 0 25 0 0 0 0 0 0 0 0 0 0 16 0 0 0 0 0 0 0 10 0 0 0 0 0 0 -31 0 0 48 0 0 0 26 0 0 0 0 -1 0 -17 0 0 13 0 -1 -50 0 0 0 0 1 0 0 -15 0 0 0 0 0 0 0 0 0 0 0 0 -5 0 0 0 0 -33 0 -30 0 0 42 12 -7 0 0 0 0 0 0 0 0 0 0 0 0 0 0 0 0 0 0 0 0 9 0 -44 0 0 0 0 0 0 0 -28 0 0 0 -28 0 0 0 0 29 -50 0 0 30 0 0 0 0 37 0 0 0 0 0 0 0 0 0 0 0 0 0 0 0 0 0 -17 -32 0 35 0 0 0 0 0 0 0 -19 0 0 0 0 0 0 15 0 42 0 0 0 0 0 0 -10 0 0 0 0 0 -34 0 -17 0 -11 0 
0 0 4 7 0 0 0 0 -8 12 0 0 0 -19 0 0 0 0 -16 -34 0 0 46 -37 0 11 0 0 0 0 50 0 0 0 -48 0 0 0 0 0 48 0 -32 23 0 0 5 0 -43 0 44 0 0 -12 0 0 0 0 0 0 0 0 5 0 0 0 0 -48 0 0 -36 0 0 0 -49 0 -13 0 0 -45 0 0 0 0 0 0 -50 0 8 0 0 0 0 22 0 49 0 0 0 0 0 0 40 44 0 -36 0 0 -24 -34 0 0 0 -20 -3 0 0 0 0 0 0 -8 0 38 0 0 0 3 0 -11 0 0 0 0 -14 0 0 33 0 0 0 50 0 -43 0 -50 0 0 0 0 0 0 -31 0 0 39 0 0 2 0 0 0 0 -50 0 0 -25 0 0 0 16 0 -39 0 0 5 0 0 0 0 42 -15 0 0 2 0 18 0 0 0 0 0 0 0 0 0 -28 0 -16 -31 
-47 0 11 -35 0 50 32 0 0 -40 0 0 0 0 -38 11 0 0 0 0 -44 0 0 0 0 0 0 18 0 0 5 0 0 -40 0 0 0 0 0 0 0 -30 45 0 -23 -40 0 33 -3 0 0 22 0 0 0 0 0 0 0 19 0 0 -29 0 0 0 0 17 0 0 0 0 0 0 -30 0 0 0 0 0 0 1 0 0 0 -11 0 0 48 0 0 -3 0 0 0 0 0 0 0 0 0 0 0 -34 0 0 0 0 0 0 0 -18 0 0 0 0 0 0 0 0 0 0 0 0 13 0 0 0 18 0 0 0 45 0 0 0 0 0 0 0 0 47 0 0 0 0 0 0 26 0 0 0 0 0 0 0 0 0 0 0 -3 0 5 0 0 0 14 0 0 0 0 0 0 0 -11 0 0 0 0 0 0 0 -45 0 0 -5 0 0 0 -32 0 0 0 0 40 0 -19 3 24 45 
0 0 0 0 0 35 0 -36 -21 0 0 -6 0 0 0 -11 0 0 27 19 0 2 0 0 -30 0 0 0 0 0 0 -50 0 0 -33 0 0 0 2 0 0 0 0 0 39 40 0 0 0 6 0 0 0 0 0 -15 0 0 0 0 0 21 0 0 0 0 0 0 -17 0 0 0 0 -11 0 0 0 -37 0 0 -23 0 0 0 0 -7 0 0 0 -11 -19 21 -2 24 0 0 11 0 0 0 0 0 0 0 0 22 0 0 0 0 0 0 -44 0 0 0 0 0 -28 -45 0 0 15 0 0 0 -49 0 0 0 -9 22 0 0 0 0 0 9 0 0 0 39 0 27 -11 -25 0 0 0 0 0 0 0 0 0 0 0 0 0 0 0 0 0 -48 0 0 0 0 0 0 0 0 49 0 0 0 0 0 0 -21 0 0 0 0 0 0 0 0 3 19 0 0 0 0 0 0 0 0 -23 0 
0 -6 -44 0 0 0 0 5 0 0 0 0 0 0 0 0 0 0 44 -40 0 0 0 0 -25 -27 0 0 0 -40 0 0 0 -42 0 0 0 0 -3 0 0 0 0 0 0 0 -47 0 0 0 0 0 0 -12 0 0 0 0 0 0 0 0 0 42 0 0 0 0 0 0 0 0 0 0 0 0 0 0 0 23 0 0 0 -19 0 0 -21 -38 0 0 -28 -25 0 0 0 -15 7 0 0 0 0 0 0 0 0 0 0 6 0 40 0 45 0 0 0 0 0 0 19 0 -42 0 0 0 0 0 0 17 0 0 0 0 0 -1 -23 -9 0 0 -14 -25 6 -3 -7 0 -33 0 4 0 0 0 0 0 0 0 0 -31 -32 0 0 -31 0 0 34 -19 -50 0 0 0 0 0 0 -7 -16 0 0 0 0 28 50 0 0 2 0 0 0 0 0 0 0 32 38 31 0 0 0 0 0 0 0 0 
46 0 0 6 0 16 0 7 0 0 0 17 0 0 0 0 0 0 0 32 0 -38 0 0 0 4 -24 -12 0 -8 0 0 -35 24 -18 0 0 0 19 0 0 0 0 49 0 0 0 0 0 0 35 0 0 1 7 0 0 0 14 0 45 -1 0 0 31 0 0 0 0 0 0 0 0 0 31 0 0 0 0 29 11 0 -49 0 0 0 0 0 50 0 0 0 0 0 0 17 0 -47 0 0 0 0 0 0 -47 44 0 48 0 30 21 0 0 8 0 0 0 0 45 -2 34 0 0 -6 -42 0 14 11 0 21 0 0 0 0 0 0 0 0 -6 0 29 0 0 0 0 0 0 0 29 0 0 -8 0 -8 0 0 0 0 0 -9 6 0 23 0 0 -49 0 0 -20 0 0 -7 -48 0 0 0 29 -18 -17 0 0 0 -5 0 0 0 0 0 0 31 5 0 39 0 47 1 -26 -44 0 0 
0 0 0 -45 2 10 0 0 0 0 0 0 -33 0 23 0 0 0 -39 0 0 0 0 0 0 0 0 0 -11 0 0 26 0 0 0 -48 -37 0 41 0 0 -31 0 3 0 38 38 0 0 0 0 -49 0 0 0 0 0 0 0 0 0 0 0 0 0 0 -49 0 0 0 0 -29 0 0 0 0 0 0 0 0 0 0 0 0 7 48 -5 0 0 0 5 0 0 0 0 -35 0 0 0 0 0 0 0 0 0 0 0 0 0 -47 16 0 0 1 0 0 -2 -14 0 -41 -15 0 0 50 -24 0 0 -44 0 -24 -17 48 0 0 0 8 23 0 0 0 0 32 0 0 -41 0 0 8 0 -20 0 0 8 0 0 0 0 0 38 0 0 0 0 0 0 0 0 35 -19 17 0 49 0 0 0 0 0 -22 7 0 0 18 0 0 0 0 0 0 31 -1 0 0 0 0 13 0 0 0 0 0 
0 0 0 -10 0 27 0 9 0 12 0 0 0 0 0 0 -44 0 -12 0 0 0 0 0 0 0 0 0 0 31 0 0 0 0 0 0 0 7 0 0 0 0 0 0 0 0 -18 -29 0 8 21 0 0 0 -22 0 0 0 0 30 0 0 0 0 0 0 0 0 1 0 35 0 0 0 0 -12 0 0 0 0 0 40 0 12 -21 0 0 0 0 0 0 0 0 0 0 0 0 0 0 0 0 0 0 0 47 0 0 0 0 43 0 0 -44 0 0 -40 0 0 0 0 0 0 -8 0 0 0 0 0 0 0 0 -9 0 0 50 0 8 0 44 43 0 0 0 0 0 0 0 0 0 0 0 -3 0 0 0 0 0 0 0 0 39 0 0 0 19 0 0 0 0 0 0 0 -26 0 -43 0 0 0 0 0 0 0 0 0 0 0 0 0 0 -9 0 0 0 0 -38 0 0 0 0 0 
-13 0 0 0 0 0 0 0 0 0 6 0 0 0 0 0 0 39 0 0 0 16 0 -25 48 0 23 0 -8 0 0 -20 0 0 0 -36 0 22 0 0 0 0 0 0 -41 0 0 36 0 0 0 0 0 42 0 0 0 0 0 0 0 7 0 0 0 0 0 48 0 0 0 0 0 45 -39 0 0 0 0 0 -19 0 0 0 -30 0 0 0 0 0 0 -1 -13 0 0 0 0 0 36 -4 0 0 0 -31 0 0 0 0 -29 0 0 0 0 0 -1 0 0 0 0 0 0 -12 0 0 0 0 -20 0 0 0 0 0 0 0 0 0 0 0 0 0 0 0 0 -35 29 0 -23 0 0 -29 0 0 0 50 0 0 0 0 0 0 0 0 0 0 0 -48 0 0 -9 0 0 0 0 49 0 0 0 0 0 0 -10 0 0 3 0 0 31 0 -48 -38 0 0 0 0 0 5 -25 0 0 21 
13 0 0 48 0 23 0 0 0 0 0 0 -38 0 0 25 0 -30 29 0 0 0 0 17 0 0 21 0 0 0 0 0 0 0 -20 0 0 18 0 49 -33 0 -44 0 0 0 0 0 -12 -44 0 18 0 0 0 0 0 0 0 0 0 41 0 0 0 0 -36 0 0 0 -48 -37 0 28 0 20 0 0 0 0 0 2 0 0 0 0 0 -9 -25 0 47 -13 0 41 0 0 0 0 0 -21 0 0 -42 24 0 -8 29 15 -18 43 0 0 0 0 -13 -19 33 -8 -12 0 0 0 0 0 17 0 30 0 0 27 0 0 0 0 0 0 0 -21 0 0 17 0 0 -8 0 0 0 0 0 0 0 0 -40 0 0 0 0 0 0 0 0 0 0 0 0 0 47 0 21 0 0 0 0 22 0 0 0 0 0 -16 0 0 -32 19 32 31 -1 -9 -38 0 47 0 0 0 0 0 0 0 0 0 
0 48 -45 0 0 0 0 -34 0 0 0 0 0 0 27 0 27 0 0 0 0 0 0 0 0 0 0 0 -20 0 0 47 0 0 0 0 0 0 0 0 9 0 0 0 -14 0 32 38 0 -10 0 -32 -31 -33 0 35 0 0 0 0 46 0 -4 0 0 0 25 0 -8 -40 0 0 0 0 0 -5 -30 0 0 0 -45 0 47 0 42 0 0 0 0 0 0 0 0 4 0 0 0 0 0 0 0 -8 0 0 0 0 0 0 0 0 0 0 0 0 26 0 0 0 0 0 -39 0 0 0 2 0 0 0 -2 0 23 38 0 0 0 0 0 0 0 -22 32 0 0 0 5 46 0 0 0 0 0 -5 49 8 48 29 5 0 0 0 0 -5 6 0 0 0 27 0 0 0 -34 0 0 0 0 0 0 0 0 0 0 0 0 0 38 5 0 0 0 47 0 0 0 0 0 0 0 -1 0 0 
0 0 0 0 -38 0 0 17 0 20 0 0 -46 28 0 -18 0 0 0 0 0 0 0 0 0 0 0 0 0 0 0 0 0 36 0 0 0 0 12 29 0 0 0 0 0 0 0 0 -39 0 0 0 1 0 0 40 0 0 0 0 0 0 37 0 -1 0 0 17 -17 0 0 0 0 0 0 0 -12 2 0 0 0 0 0 0 0 0 35 0 0 -49 -43 0 -45 0 -20 33 0 -45 -4 0 0 0 -30 0 -36 0 0 -49 0 0 0 15 20 0 28 0 0 0 0 0 0 0 12 0 0 0 0 0 0 0 24 0 0 0 25 0 0 0 17 0 32 0 48 0 0 0 0 37 0 -4 0 0 0 0 0 0 -34 28 0 0 49 -33 0 48 0 0 0 0 0 0 0 0 0 32 -48 0 0 0 0 0 0 0 0 0 31 0 0 0 0 0 0 0 0 0 0 0 0 0 0 0 
-1 0 0 0 0 44 0 0 0 0 0 0 0 -23 -30 8 0 0 38 0 0 0 43 0 50 -20 0 21 0 0 -34 0 0 0 0 0 0 0 -8 0 -22 0 -3 5 45 0 -28 0 0 0 0 0 0 0 0 0 39 9 0 0 28 -28 0 0 -18 0 0 0 0 0 0 0 6 0 0 0 0 12 0 -40 0 0 0 0 0 -6 0 0 0 0 0 -40 0 43 33 -6 0 0 25 0 0 0 0 0 0 0 0 0 -46 -31 0 0 0 0 0 -45 0 0 1 0 0 0 0 0 -48 0 0 9 0 -21 0 43 0 0 0 0 -7 0 0 0 0 0 0 0 0 42 0 0 0 0 0 0 -35 0 0 -11 0 -47 0 50 42 4 0 0 0 0 42 0 0 0 0 -6 0 0 -50 0 0 0 -36 0 0 0 0 0 0 39 0 0 0 0 0 0 0 0 0 0 42 0 0 0 
-35 0 0 0 0 0 0 0 0 0 0 0 0 0 0 0 0 0 0 0 36 0 0 0 0 0 0 0 0 -1 43 0 0 0 0 0 0 0 0 41 0 0 0 0 0 16 0 0 0 0 0 -46 0 0 0 -23 -46 0 0 5 0 0 0 0 9 0 0 0 0 -32 -18 0 0 34 0 0 0 0 0 0 -22 0 0 0 -7 0 0 0 0 0 -3 0 0 0 0 0 0 0 0 0 0 0 38 0 0 -43 -37 45 0 0 0 0 0 0 0 0 0 0 0 0 8 -50 0 0 24 0 0 20 0 0 0 0 16 44 0 0 0 0 -16 0 0 0 38 -15 0 0 0 11 0 0 -32 0 0 -30 0 0 -36 44 0 0 0 0 0 8 -21 -19 0 0 24 0 0 0 0 0 0 -34 36 0 -40 1 0 0 0 0 0 0 0 0 0 0 0 0 0 0 0 0 0 0 0 0 
25 -24 0 0 0 0 0 0 0 0 -22 0 32 0 0 0 0 0 0 0 0 0 39 0 0 0 0 0 -12 -20 38 0 22 -38 0 0 0 0 10 0 0 31 0 40 0 18 1 0 0 0 8 0 0 29 0 -17 0 0 16 0 0 0 0 0 3 0 0 0 0 -7 17 0 0 0 22 -1 0 -26 30 19 0 -45 1 26 0 0 0 0 -31 0 0 0 47 0 0 0 0 0 0 0 -20 0 4 0 0 0 0 0 43 -32 0 20 0 6 0 0 -40 4 0 0 0 0 33 0 19 0 0 0 0 0 0 0 0 -17 38 0 0 0 0 0 0 0 0 -12 0 19 0 28 0 0 0 0 33 0 0 -17 0 0 0 -37 0 -26 0 0 0 0 0 0 0 23 0 0 26 0 0 0 0 0 0 0 -34 0 40 0 0 47 13 -38 0 0 0 0 0 0 0 0 0 50 0 0 
0 0 -23 0 0 -31 0 0 0 0 -41 0 0 0 -7 -36 -30 0 0 2 0 -37 0 0 0 8 0 0 0 0 0 0 0 49 50 0 0 0 0 0 0 0 0 -29 0 0 -30 0 47 0 -12 0 0 13 0 44 0 0 -43 0 0 0 0 0 0 0 0 0 0 0 0 0 -39 0 0 0 -2 46 0 0 0 -23 20 0 0 0 0 0 0 0 0 0 0 0 2 0 0 0 0 -4 -15 29 0 0 0 7 -8 21 26 0 13 0 0 0 0 0 0 0 0 -24 -4 0 35 0 23 36 0 0 0 0 0 -48 0 -41 0 -41 0 -25 -20 -36 42 0 0 0 0 0 0 32 0 -40 0 0 0 0 24 0 0 19 0 0 0 38 0 0 -10 0 0 0 0 0 -9 0 -35 0 -23 -11 0 45 0 0 0 0 0 0 0 1 0 0 5 0 0 0 0 0 0 0 0 -21 -46 -2 
-33 0 0 -13 0 0 -21 0 -15 -30 0 -50 42 0 45 0 -18 0 0 0 0 0 0 0 0 0 14 38 0 0 33 0 0 0 -43 22 0 4 0 0 0 0 0 0 0 0 0 0 0 0 0 0 0 0 0 -37 0 0 0 0 0 0 0 0 0 0 -11 0 0 0 -50 0 0 0 0 0 0 23 0 0 -25 0 -28 21 0 17 0 -19 0 0 36 42 0 -27 0 0 0 0 0 0 0 0 0 0 0 0 23 0 0 0 0 0 0 37 -2 0 0 0 0 0 0 0 -32 -9 -27 -21 0 0 23 0 0 0 0 0 -49 0 0 3 0 43 -24 0 0 0 -23 0 0 0 0 44 0 0 -31 42 0 0 0 0 -9 -39 0 0 0 0 0 38 0 0 -40 0 0 0 0 -34 0 0 0 0 0 0 -17 -28 -19 0 0 -26 0 0 -25 0 0 0 42 0 0 0 0 0 0 -13 
0 43 0 0 3 0 0 0 0 0 0 0 0 0 0 0 0 0 0 -19 0 0 0 -27 0 0 3 -35 0 45 0 0 8 43 0 0 45 37 -19 0 0 0 0 0 0 0 0 41 0 0 0 0 -3 33 0 0 0 47 23 0 -19 0 0 0 -11 -2 0 0 0 -22 0 0 0 0 0 -39 0 0 0 0 0 0 23 0 0 0 0 0 0 0 0 0 0 0 -45 0 0 0 0 0 0 -14 0 -38 -4 0 25 0 0 0 0 0 0 0 32 0 12 0 0 0 13 0 0 0 6 0 5 0 0 0 -21 -44 0 0 0 0 0 4 41 -25 0 0 0 0 -15 0 0 5 0 0 0 0 0 0 0 39 0 -23 45 0 0 0 0 23 0 0 0 0 14 45 0 7 0 0 0 0 0 -48 0 0 0 0 3 0 0 -44 0 0 0 0 -1 0 0 0 50 -21 0 15 0 23 
-39 0 0 40 0 50 0 0 16 0 0 0 0 0 -6 44 -25 0 0 0 0 0 14 -18 0 0 0 0 0 0 0 0 0 0 0 0 0 0 0 0 46 0 0 0 0 0 44 0 0 0 0 0 13 0 0 5 0 0 0 -31 0 -26 -1 0 -20 0 0 0 0 0 0 42 0 15 -31 0 45 -26 0 0 0 0 0 0 0 0 0 0 0 0 28 0 0 0 0 0 0 0 0 0 0 0 0 -12 0 0 0 7 0 0 0 0 0 0 0 0 0 0 -19 0 0 0 0 0 43 39 0 0 0 -41 0 0 0 0 0 -16 0 49 0 -23 0 45 22 25 6 0 0 0 -36 41 0 -41 0 0 0 0 0 0 -44 16 40 -14 0 0 0 -30 0 0 0 0 0 35 0 0 0 0 0 0 -4 0 -11 -16 24 -23 0 0 0 0 0 0 0 0 0 0 0 -46 0 0 0 0 
0 0 0 0 0 0 0 -18 0 0 0 0 0 0 15 0 0 36 -36 0 0 0 32 0 0 3 0 0 0 0 0 0 0 0 0 0 0 0 0 0 0 0 0 0 0 0 9 -46 0 0 0 0 0 0 0 0 0 0 0 -47 0 -20 0 0 0 0 -42 0 0 -14 0 -17 0 0 27 0 0 -28 -8 0 0 0 0 0 21 0 0 0 0 0 19 0 0 0 0 0 0 0 0 -33 0 0 0 25 0 47 -44 0 -47 23 0 0 0 0 -4 0 0 0 0 -42 -47 0 0 0 0 0 22 0 0 0 0 26 0 0 0 0 -9 0 0 0 28 0 0 -34 0 50 0 -14 0 0 24 0 -3 16 0 49 0 0 0 0 0 0 0 29 0 0 0 0 -25 18 0 0 39 0 0 0 0 0 0 50 0 -31 45 0 0 0 0 0 21 0 0 0 0 0 0 -2 -13 23 0 0 
