70
46 -31 15 -37 -2 45 -3 17 -45 -7 5 -23 -22 48 -48 -3 23 -14 -27 1 -30 -22 -47 2 14 2 -26 38 -24 16 37 -49 -22 -39 -37 -24 -21 9 19 -45 -40 -47 39 42 -22 49 -19 3 -23 31 -23 -15 -27 46 11 48 23 -18 15 -30 42 19 14 5 32 12 -12 -35 42 -28 
50 5 0 0 1 1 0 20 0 0 0 0 0 0 0 -11 0 0 0 0 0 0 0 0 0 0 0 0 0 -15 0 0 0 0 0 0 0 0 42 -7 0 4 0 0 26 0 -10 0 0 0 0 -38 0 5 0 0 0 0 0 0 -26 0 0 0 0 -47 0 0 30 0 
5 30 0 0 29 -7 14 0 0 0 0 0 37 0 0 0 0 0 0 28 0 0 -25 0 -17 0 0 0 25 0 0 49 0 0 0 0 0 0 0 0 0 0 -8 -2 38 -30 0 0 0 0 0 0 0 0 0 0 0 0 36 0 0 0 0 0 0 -36 0 0 -5 0 
0 0 44 0 0 -38 0 0 0 0 0 0 0 9 0 38 0 0 0 0 6 0 0 0 0 0 0 0 0 -7 0 12 0 0 0 0 0 0 0 0 0 0 0 0 36 0 -47 -31 0 0 0 0 29 0 19 0 0 -15 0 19 0 0 7 0 0 0 0 40 0 23 
0 0 0 48 0 0 0 0 0 0 0 0 0 0 -27 0 0 0 0 0 1 0 0 0 -34 0 5 49 0 -42 0 0 0 0 0 0 0 -28 0 0 -41 0 0 30 0 0 -15 -39 0 0 0 3 0 -16 -43 -17 -42 -20 0 -31 0 -17 0 7 0 0 0 0 -2 0 
1 29 0 0 2 -40 0 0 -13 -21 0 0 0 0 0 0 0 0 23 0 0 0 0 0 0 0 0 0 32 0 0 0 0 24 45 22 0 0 0 0 29 0 0 -19 -39 0 0 0 0 0 0 4 -13 0 0 -29 0 0 0 0 -3 0 0 0 0 0 0 0 0 0 
1 -7 -38 0 -40 23 0 0 0 0 0 -19 42 0 37 0 0 0 0 0 0 40 -25 -1 -24 0 0 0 35 -3 0 -18 0 0 0 -3 6 0 0 49 0 0 0 48 0 0 -10 31 0 0 0 0 0 16 0 0 0 0 0 0 39 0 0 0 39 0 0 6 0 0 
0 14 0 0 0 0 37 0 0 0 30 24 0 -32 24 0 0 -50 -40 29 0 -13 0 0 0 0 0 0 0 0 0 0 0 0 0 0 0 5 0 0 21 -30 29 0 0 0 0 0 -9 -9 0 9 0 0 -39 -21 0 0 12 0 -7 0 0 0 0 0 0 0 0 0 
20 0 0 0 0 0 0 15 -26 49 0 0 0 -23 0 0 0 0 0 0 0 -31 -16 -26 0 0 -13 0 -20 0 0 14 0 0 0 0 0 -20 -10 0 0 0 0 0 14 -42 0 0 -14 32 0 0 0 0 0 0 0 -1 0 0 -37 -23 0 1 0 0 0 0 0 -23 
0 0 0 0 -13 0 0 -26 10 0 0 -8 0 13 0 0 0 0 38 34 0 0 -44 0 0 0 0 8 0 0 0 0 0 32 45 0 -10 0 42 0 17 41 0 0 0 21 0 0 -12 0 22 0 0 -19 0 0 0 0 0 0 0 0 0 0 10 45 -33 0 0 0 
0 0 0 0 -21 0 0 49 0 40 16 0 0 0 -27 -8 0 0 0 0 0 0 0 0 0 0 0 0 0 38 0 0 0 10 -43 0 -20 14 0 0 0 0 0 0 36 0 0 0 0 8 0 0 0 0 -25 0 0 0 0 0 39 -43 36 0 0 -12 0 0 0 0 
0 0 0 0 0 0 30 0 0 16 31 0 0 -41 0 0 0 0 0 4 0 0 44 0 0 0 0 0 -26 0 0 0 0 0 0 0 5 0 0 0 2 0 43 0 0 0 48 0 -25 0 36 -18 0 -12 -25 0 -36 10 0 0 0 0 0 0 0 0 0 0 0 0 
0 0 0 0 0 -19 24 0 -8 0 0 33 0 0 -47 0 0 0 0 0 0 -25 -4 0 -21 0 0 0 0 0 0 0 0 0 0 0 0 0 0 0 0 0 0 0 -5 -27 -16 47 0 0 33 0 0 0 0 0 0 0 0 -47 0 0 0 0 0 0 0 0 0 0 
0 37 0 0 0 42 0 0 0 0 0 0 26 -22 0 0 -48 0 0 -42 0 0 0 0 0 0 -7 0 0 -6 -19 0 -16 0 49 27 0 0 0 0 0 0 0 0 0 0 0 0 0 23 14 0 0 0 44 0 0 0 0 2 0 15 -13 0 0 0 0 0 0 0 
0 0 9 0 0 0 -32 -23 13 0 -41 0 -22 14 0 -34 0 0 13 -7 0 0 0 29 -41 24 0 0 32 -14 14 44 49 0 0 0 0 50 0 0 0 0 0 0 0 0 45 0 0 18 0 -39 0 -41 0 0 0 0 0 26 0 0 0 0 0 0 0 0 0 0 
0 0 0 -27 0 37 24 0 0 -27 0 -47 0 0 31 0 16 0 0 0 0 0 0 0 0 0 0 0 -26 0 0 0 0 0 0 0 0 0 0 32 0 -28 0 38 0 0 0 -48 0 9 22 0 0 0 0 0 0 0 4 0 17 0 0 8 -15 0 0 0 0 0 
-11 0 38 0 0 0 0 0 0 -8 0 0 0 -34 0 20 0 -15 0 22 0 0 -22 0 6 47 0 42 1 0 0 0 0 42 0 -28 15 3 0 0 0 0 -19 0 27 -21 -36 0 0 0 0 0 -23 0 0 0 0 0 0 0 0 0 0 0 0 0 7 24 0 0 
0 0 0 0 0 0 0 0 0 0 0 0 -48 0 16 0 19 37 0 -33 12 0 19 0 0 0 0 0 0 0 0 0 0 30 0 20 0 0 7 0 0 0 0 -9 0 0 0 0 -30 0 0 0 0 37 -41 0 20 0 0 0 16 0 0 0 26 0 0 0 0 0 
0 0 0 0 0 0 -50 0 0 0 0 0 0 0 0 -15 37 27 0 0 0 0 0 41 0 0 0 0 0 0 40 9 -11 41 0 0 0 0 0 0 0 0 -35 37 0 0 0 0 0 0 0 0 0 0 0 0 0 0 -4 0 0 0 0 0 0 0 0 0 -21 0 
0 0 0 0 23 0 -40 0 38 0 0 0 0 13 0 0 0 0 4 0 40 0 0 0 0 45 0 0 0 0 0 0 0 0 0 0 0 15 0 -23 -5 0 2 -28 0 0 0 0 0 0 0 0 0 0 29 0 0 0 0 17 0 0 0 0 0 -47 0 0 0 0 
0 28 0 0 0 0 29 0 34 0 4 0 -42 -7 0 22 -33 0 0 45 0 0 0 0 0 0 43 17 -3 0 0 -6 0 0 0 -33 6 0 0 0 0 -23 42 0 0 0 1 0 -27 0 0 7 0 -37 0 0 -29 0 46 0 0 0 0 0 0 0 0 50 0 0 
0 0 6 1 0 0 0 0 0 0 0 0 0 0 0 0 12 0 40 0 50 0 0 -44 0 0 0 0 0 0 0 0 0 0 0 0 0 0 13 50 0 -16 0 0 26 -30 0 0 0 0 0 0 0 2 0 0 0 0 38 0 0 0 0 -38 0 37 0 0 0 -27 
0 0 0 0 0 40 -13 -31 0 0 0 -25 0 0 0 0 0 0 0 0 0 16 0 0 0 0 -44 0 0 27 0 0 0 -29 0 0 0 0 -12 0 8 0 0 -35 0 0 -46 5 0 0 0 0 0 13 -18 0 0 0 0 27 0 0 24 42 0 0 0 0 0 0 
0 -25 0 0 0 -25 0 -16 -44 0 44 -4 0 0 0 -22 19 0 0 0 0 0 29 0 0 0 0 0 46 0 0 0 0 0 0 0 0 0 0 0 0 0 20 -42 0 0 0 22 0 0 0 0 0 0 0 0 0 0 0 0 -44 27 0 0 32 0 -36 0 0 9 
0 0 0 0 0 -1 0 -26 0 0 0 0 0 29 0 0 0 41 0 0 -44 0 0 33 0 0 0 -21 0 0 0 30 23 0 0 -6 0 0 0 -11 0 2 -43 0 0 0 0 0 30 -4 0 0 0 0 -30 0 37 0 0 0 0 0 -44 0 0 0 0 0 32 -3 
0 -17 0 -34 0 -24 0 0 0 0 0 -21 0 -41 0 6 0 0 0 0 0 0 0 0 25 5 0 0 0 -50 -38 -3 0 42 0 0 42 -33 0 4 0 0 0 -10 43 0 0 17 0 0 19 0 0 0 0 -40 0 50 0 0 0 -6 0 0 0 -44 25 0 0 0 
0 0 0 0 0 0 0 0 0 0 0 0 0 24 0 47 0 0 45 0 0 0 0 0 5 16 0 0 0 0 0 0 11 0 0 22 -26 0 0 -46 0 0 -1 0 0 0 0 0 -26 0 0 0 0 47 21 38 -50 -36 0 -6 0 0 0 0 41 19 0 0 0 0 
0 0 0 5 0 0 0 -13 0 0 0 0 -7 0 0 0 0 0 0 43 0 -44 0 0 0 0 5 0 0 -26 0 36 -41 0 0 0 -16 0 0 0 -30 0 0 0 -36 0 24 0 41 37 0 -12 0 0 -27 0 0 -32 0 44 -43 0 0 0 13 0 0 -21 0 0 
0 0 0 49 0 0 0 0 8 0 0 0 0 0 0 42 0 0 0 17 0 0 0 -21 0 0 0 9 0 0 5 -3 -30 0 0 0 -22 48 0 0 0 0 9 0 0 0 -45 0 25 0 0 0 29 0 -6 0 0 0 0 0 0 0 0 0 0 0 24 0 0 0 
0 25 0 0 32 35 0 -20 0 0 -26 0 0 32 -26 1 0 0 0 -3 0 0 46 0 0 0 0 0 44 0 0 0 0 0 0 0 0 0 0 0 0 0 0 0 0 0 0 0 -43 0 0 0 0 16 0 0 0 0 0 0 -45 0 0 0 0 0 0 34 0 0 
-15 0 -7 -42 0 -3 0 0 0 38 0 0 -6 -14 0 0 0 0 0 0 0 27 0 0 -50 0 -26 0 0 7 0 0 -44 0 0 0 0 -2 0 0 0 0 0 0 0 0 0 0 0 24 0 -27 0 0 0 0 0 0 0 0 0 0 0 0 38 0 0 0 0 -2 
0 0 0 0 0 0 0 0 0 0 0 0 -19 14 0 0 0 40 0 0 0 0 0 0 -38 0 0 5 0 0 36 0 0 0 0 -43 0 0 0 0 0 0 0 0 -49 0 0 0 0 0 0 0 0 -19 0 0 0 0 -28 0 0 0 0 0 0 0 0 0 0 -26 
0 49 12 0 0 -18 0 14 0 0 0 0 0 44 0 0 0 9 0 -6 0 0 0 30 -3 0 36 -3 0 0 0 25 0 0 -38 0 4 13 0 0 -33 0 0 0 0 -40 0 -11 0 0 0 0 0 0 -17 19 0 0 0 0 -37 -2 -20 -23 0 0 0 0 0 0 
0 0 0 0 0 0 0 0 0 0 0 0 -16 49 0 0 0 -11 0 0 0 0 0 23 0 11 -41 -30 0 -44 0 0 8 0 0 0 0 0 0 0 0 -45 0 0 -16 0 0 0 0 0 0 0 27 8 0 0 0 27 -34 0 0 41 0 0 0 0 0 0 0 0 
0 0 0 0 24 0 0 0 32 10 0 0 0 0 0 42 30 41 0 0 0 -29 0 0 42 0 0 0 0 0 0 0 0 30 0 0 0 0 0 0 0 0 -40 0 39 -20 -46 0 0 -25 0 0 47 4 42 0 0 0 0 44 0 0 0 0 0 7 0 -30 17 0 
0 0 0 0 45 0 0 0 45 -43 0 0 49 0 0 0 0 0 0 0 0 0 0 0 0 0 0 0 0 0 0 -38 0 0 20 0 -40 0 3 0 0 -6 -5 0 0 0 44 0 0 0 0 38 0 -15 -35 0 0 0 0 0 0 0 -29 0 0 20 0 0 0 0 
0 0 0 0 22 -3 0 0 0 0 0 0 27 0 0 -28 20 0 0 -33 0 0 0 -6 0 22 0 0 0 0 -43 0 0 0 0 19 0 0 0 47 0 0 0 0 0 0 14 0 25 -11 -48 0 0 0 0 0 -48 0 0 6 23 0 0 0 0 0 -31 0 0 0 
0 0 0 0 0 6 0 0 -10 -20 5 0 0 0 0 15 0 0 0 6 0 0 0 0 42 -26 -16 -22 0 0 0 4 0 0 -40 0 22 0 -43 -43 0 0 0 0 30 0 0 0 0 50 0 0 0 0 0 0 0 0 0 0 0 0 0 0 0 0 -25 0 0 0 
0 0 0 -28 0 0 5 -20 0 14 0 0 0 50 0 3 0 0 15 0 0 0 0 0 -33 0 0 48 0 -2 0 13 0 0 0 0 0 41 -1 0 -16 0 0 0 -4 0 18 -18 0 35 35 0 0 0 39 32 0 25 0 -35 0 14 37 0 0 49 0 -27 0 0 
42 0 0 0 0 0 0 -10 42 0 0 0 0 0 0 0 7 0 0 0 13 -12 0 0 0 0 0 0 0 0 0 0 0 0 3 0 -43 -1 40 0 0 0 47 0 0 0 0 0 -4 8 0 0 -47 -23 0 -39 -44 0 0 0 0 0 -26 25 0 17 0 0 0 -36 
-7 0 0 0 0 49 0 0 0 0 0 0 0 0 32 0 0 0 -23 0 50 0 0 -11 4 -46 0 0 0 0 0 0 0 0 0 47 -43 0 0 28 0 0 0 0 0 0 17 11 0 0 0 0 18 0 0 -25 -18 -24 0 0 0 0 0 0 49 0 0 48 0 -21 
0 0 0 -41 29 0 21 0 17 0 2 0 0 0 0 0 0 0 -5 0 0 8 0 0 0 0 -30 0 0 0 0 -33 0 0 0 0 0 -16 0 0 19 0 0 0 0 0 -28 37 35 0 0 0 0 0 0 0 0 0 0 0 0 45 0 0 0 -6 0 0 0 0 
4 0 0 0 0 0 -30 0 41 0 0 0 0 0 -28 0 0 0 0 -23 -16 0 0 2 0 0 0 0 0 0 0 0 -45 0 -6 0 0 0 0 0 0 8 0 0 0 0 0 0 0 0 0 -8 8 0 0 0 -14 0 0 0 0 0 0 7 0 0 0 0 0 0 
0 -8 0 0 0 0 29 0 0 0 43 0 0 0 0 -19 0 -35 2 42 0 0 20 -43 0 -1 0 9 0 0 0 0 0 -40 -5 0 0 0 47 0 0 0 11 0 0 0 0 0 0 0 0 -3 33 0 0 0 0 0 0 0 0 0 0 0 0 0 0 0 30 0 
0 -2 0 30 -19 48 0 0 0 0 0 0 0 0 38 0 -9 37 -28 0 0 -35 -42 0 -10 0 0 0 0 0 0 0 0 0 0 0 0 0 0 0 0 0 0 5 0 0 0 0 0 0 0 0 -33 0 0 0 -46 0 0 0 0 0 30 0 0 0 0 0 0 0 
26 38 36 0 -39 0 0 14 0 36 0 -5 0 0 0 27 0 0 0 0 26 0 0 0 43 0 -36 0 0 0 -49 0 -16 39 0 0 30 -4 0 0 0 0 0 0 40 0 0 0 0 0 0 8 0 -3 0 0 0 -42 0 0 0 0 0 0 0 0 0 0 19 30 
0 -30 0 0 0 0 0 -42 21 0 0 -27 0 0 0 -21 0 0 0 0 -30 0 0 0 0 0 0 0 0 0 0 -40 0 -20 0 0 0 0 0 0 0 0 0 0 0 3 0 0 0 4 0 0 0 0 0 0 0 0 0 0 0 29 0 0 0 0 0 0 0 47 
-10 0 -47 -15 0 -10 0 0 0 0 48 -16 0 45 0 -36 0 0 0 1 0 -46 0 0 0 0 24 -45 0 0 0 0 0 -46 44 14 0 18 0 17 -28 0 0 0 0 0 23 0 0 0 -38 0 0 0 0 5 0 0 -21 38 0 0 0 -14 22 -8 0 0 8 0 
0 0 -31 -39 0 31 0 0 0 0 0 47 0 0 -48 0 0 0 0 0 0 5 22 0 17 0 0 0 0 0 0 -11 0 0 0 0 0 -18 0 11 37 0 0 0 0 0 0 22 0 0 0 0 0 0 -41 0 0 0 3 0 0 0 0 0 0 0 0 0 0 0 
0 0 0 0 0 0 -9 -14 -12 0 -25 0 0 0 0 0 -30 0 0 -27 0 0 0 30 0 -26 41 25 -43 0 0 0 0 0 0 25 0 0 -4 0 35 0 0 0 0 0 0 0 9 0 0 0 0 0 0 0 0 0 -35 0 0 0 0 0 0 0 0 0 -27 0 
0 0 0 0 0 0 -9 32 0 8 0 0 23 18 9 0 0 0 0 0 0 0 0 -4 0 0 37 0 0 24 0 0 0 -25 0 -11 50 35 8 0 0 0 0 0 0 4 0 0 0 19 0 0 -8 -25 0 0 0 0 0 0 -29 15 0 0 -10 0 0 0 0 8 
0 0 0 0 0 0 0 0 22 0 36 33 14 0 22 0 0 0 0 0 0 0 0 0 19 0 0 0 0 0 0 0 0 0 0 -48 0 35 0 0 0 0 0 0 0 0 -38 0 0 0 47 0 0 4 0 0 0 0 0 0 0 0 -32 0 0 0 -29 0 0 0 
-38 0 0 3 4 0 9 0 0 0 -18 0 0 -39 0 0 0 0 0 7 0 0 0 0 0 0 -12 0 0 -27 0 0 0 0 38 0 0 0 0 0 0 -8 -3 0 8 0 0 0 0 0 0 18 0 0 0 0 -19 0 0 0 0 0 33 -38 0 0 0 0 0 20 
0 0 29 0 -13 0 0 0 0 0 0 0 0 0 0 -23 0 0 0 0 0 0 0 0 0 0 0 29 0 0 0 0 27 47 0 0 0 0 -47 18 0 8 33 -33 0 0 0 0 0 -8 0 0 48 0 -45 -1 0 0 0 0 0 0 17 0 0 0 0 -18 0 0 
5 0 0 -16 0 16 0 0 -19 0 -12 0 0 -41 0 0 37 0 0 -37 2 13 0 0 0 47 0 0 16 0 -19 0 8 4 -15 0 0 0 -23 0 0 0 0 0 -3 0 0 0 0 -25 4 0 0 3 0 15 0 0 0 0 0 0 0 0 0 -49 0 9 0 0 
0 0 19 -43 0 0 -39 0 0 -25 -25 0 44 0 0 0 -41 0 29 0 0 -18 0 -30 0 21 -27 -6 0 0 0 -17 0 42 -35 0 0 39 0 0 0 0 0 0 0 0 0 -41 0 0 0 0 -45 0 44 0 0 -37 0 0 0 0 0 -28 0 0 31 0 0 0 
0 0 0 -17 -29 0 -21 0 0 0 0 0 0 0 0 0 0 0 0 0 0 0 0 0 -40 38 0 0 0 0 0 19 0 0 0 0 0 32 -39 -25 0 0 0 0 0 0 5 0 0 0 0 0 -1 15 0 2 12 0 0 33 0 0 0 0 0 -32 0 38 0 0 
0 0 0 -42 0 0 0 0 0 0 -36 0 0 0 0 0 20 0 0 -29 0 0 0 37 0 -50 0 0 0 0 0 0 0 0 0 -48 0 0 -44 -18 0 -14 0 -46 0 0 0 0 0 0 0 -19 0 0 0 12 40 0 0 0 0 0 0 0 0 0 0 -28 0 0 
0 0 -15 -20 0 0 0 -1 0 0 10 0 0 0 0 0 0 0 0 0 0 0 0 0 50 -36 -32 0 0 0 0 0 27 0 0 0 0 25 0 -24 0 0 0 0 -42 0 0 0 0 0 0 0 0 0 -37 0 0 40 0 20 0 -12 0 2 0 0 0 0 0 -31 
0 36 0 0 0 0 12 0 0 0 0 0 0 0 4 0 0 -4 0 46 38 0 0 0 0 0 0 0 0 0 -28 0 -34 0 0 0 0 0 0 0 0 0 0 0 0 0 -21 3 -35 0 0 0 0 0 0 0 0 0 22 -26 0 0 0 0 -24 0 -49 0 -50 -20 
0 0 19 -31 0 0 0 0 0 0 0 -47 2 26 0 0 0 0 17 0 0 27 0 0 0 -6 44 0 0 0 0 0 0 44 0 6 0 -35 0 0 0 0 0 0 0 0 38 0 0 0 0 0 0 0 0 33 0 20 -26 33 0 0 0 0 0 0 -40 0 0 7 
-26 0 0 0 -3 39 -7 -37 0 39 0 0 0 0 17 0 16 0 0 0 0 0 -44 0 0 0 -43 0 -45 0 0 -37 0 0 0 23 0 0 0 0 0 0 0 0 0 0 0 0 0 -29 0 0 0 0 0 0 0 0 0 0 25 0 0 14 0 15 7 1 0 0 
0 0 0 -17 0 0 0 -23 0 -43 0 0 15 0 0 0 0 0 0 0 0 0 27 0 -6 0 0 0 0 0 0 -2 41 0 0 0 0 14 0 0 45 0 0 0 0 29 0 0 0 15 0 0 0 0 0 0 0 -12 0 0 0 44 0 0 0 -37 8 46 0 1 
0 0 7 0 0 0 0 0 0 36 0 0 -13 0 0 0 0 0 0 0 0 24 0 -44 0 0 0 0 0 0 0 -20 0 0 -29 0 0 37 -26 0 0 0 0 30 0 0 0 0 0 0 -32 33 17 0 0 0 0 0 0 0 0 0 2 0 0 -47 0 0 14 0 
0 0 0 7 0 0 0 1 0 0 0 0 0 0 8 0 0 0 0 0 -38 42 0 0 0 0 0 0 0 0 0 -23 0 0 0 0 0 0 25 0 0 7 0 0 0 0 -14 0 0 0 0 -38 0 0 -28 0 0 2 0 0 14 0 0 19 0 0 0 32 0 0 
0 0 0 0 0 39 0 0 10 0 0 0 0 0 -15 0 26 0 0 0 0 0 32 0 0 41 13 0 0 38 0 0 0 0 0 0 0 0 0 49 0 0 0 0 0 0 22 0 0 -10 0 0 0 0 0 0 0 0 -24 0 0 0 0 0 27 0 0 0 0 0 
-47 -36 0 0 0 0 0 0 45 -12 0 0 0 0 0 0 0 0 -47 0 37 0 0 0 -44 19 0 0 0 0 0 0 0 7 20 0 0 49 17 0 -6 0 0 0 0 0 -8 0 0 0 0 0 0 -49 0 -32 0 0 0 0 15 -37 -47 0 0 34 0 0 -13 0 
0 0 0 0 0 0 0 0 -33 0 0 0 0 0 0 7 0 0 0 0 0 0 -36 0 25 0 0 24 0 0 0 0 0 0 0 -31 -25 0 0 0 0 0 0 0 0 0 0 0 0 0 -29 0 0 0 31 0 0 0 -49 -40 7 8 0 0 0 0 9 0 0 0 
0 0 40 0 0 6 0 0 0 0 0 0 0 0 0 24 0 0 0 50 0 0 0 0 0 0 -21 0 34 0 0 0 0 -30 0 0 0 -27 0 48 0 0 0 0 0 0 0 0 0 0 0 0 -18 9 0 38 -28 0 0 0 1 46 0 32 0 0 0 41 0 0 
30 -5 0 -2 0 0 0 0 0 0 0 0 0 0 0 0 0 -21 0 0 0 0 0 32 0 0 0 0 0 0 0 0 0 17 0 0 0 0 0 0 0 0 30 0 19 0 8 0 -27 0 0 0 0 0 0 0 0 0 -50 0 0 0 14 0 0 -13 0 0 44 0 
0 0 23 0 0 0 0 -23 0 0 0 0 0 0 0 0 0 0 0 0 -27 0 9 -3 0 0 0 0 0 -2 -26 0 0 0 0 0 0 0 -36 -21 0 0 0 0 30 47 0 0 0 8 0 20 0 0 0 0 0 -31 -20 7 0 1 0 0 0 0 0 0 0 30 
