80
-6 21 -25 -11 -34 -34 10 -10 33 1 -41 -13 -15 -23 34 34 48 2 28 20 -3 -41 -3 -37 22 -3 1 -10 19 -7 37 1 24 15 -2 -41 43 -11 -8 12 -12 -24 -29 -4 27 -25 38 35 23 -45 -30 22 14 -40 -43 -24 33 25 -1 -41 -39 -45 -10 -46 -47 -26 33 20 4 37 30 -49 -40 -15 4 -10 -50 20 45 -18 
25 5 0 0 1 1 0 20 0 0 0 0 0 0 0 -11 0 0 0 0 0 0 0 0 0 0 0 0 0 -15 0 0 0 0 0 0 0 0 42 -7 0 4 0 0 26 0 -10 0 0 0 0 -38 0 5 0 0 0 0 0 0 -26 0 0 0 0 -47 0 0 30 0 0 49 39 0 0 -3 0 0 0 0 
5 2 0 0 29 -7 14 0 0 0 0 0 37 0 0 0 0 0 0 28 0 0 -25 0 -17 0 0 0 25 0 0 49 0 0 0 0 0 0 0 0 0 0 -8 -2 38 -30 0 0 0 0 0 0 0 0 0 0 0 0 36 0 0 0 0 0 0 -36 0 0 -5 0 0 0 -34 38 0 0 0 0 0 0 
0 0 28 0 0 -38 0 0 0 0 0 0 0 9 0 38 0 0 0 0 6 0 0 0 0 0 0 0 0 -7 0 12 0 0 0 0 0 0 0 0 0 0 0 0 36 0 -47 -31 0 0 0 0 29 0 19 0 0 -15 0 19 0 0 7 0 0 0 0 40 0 23 29 0 0 0 0 0 0 0 0 0 
0 0 0 17 0 0 0 0 0 0 0 0 0 0 -27 0 0 0 0 0 1 0 0 0 -34 0 5 49 0 -42 0 0 0 0 0 0 0 -28 0 0 -41 0 0 30 0 0 -15 -39 0 0 0 3 0 -16 -43 -17 -42 -20 0 -31 0 -17 0 7 0 0 0 0 -2 0 0 0 0 -40 0 0 0 0 0 14 
1 29 0 0 44 -40 0 0 -13 -21 0 0 0 0 0 0 0 0 23 0 0 0 0 0 0 0 0 0 32 0 0 0 0 24 45 22 0 0 0 0 29 0 0 -19 -39 0 0 0 0 0 0 4 -13 0 0 -29 0 0 0 0 -3 0 0 0 0 0 0 0 0 0 -37 0 0 0 0 0 -19 -49 0 9 
1 -7 -38 0 -40 3 0 0 0 0 0 -19 42 0 37 0 0 0 0 0 0 40 -25 -1 -24 0 0 0 35 -3 0 -18 0 0 0 -3 6 0 0 49 0 0 0 48 0 0 -10 31 0 0 0 0 0 16 0 0 0 0 0 0 39 0 0 0 39 0 0 6 0 0 -2 0 0 0 0 0 0 0 0 0 
0 14 0 0 0 0 43 0 0 0 30 24 0 -32 24 0 0 -50 -40 29 0 -13 0 0 0 0 0 0 0 0 0 0 0 0 0 0 0 5 0 0 21 -30 29 0 0 0 0 0 -9 -9 0 9 0 0 -39 -21 0 0 12 0 -7 0 0 0 0 0 0 0 0 0 0 0 0 0 0 -1 0 0 0 0 
20 0 0 0 0 0 0 22 -26 49 0 0 0 -23 0 0 0 0 0 0 0 -31 -16 -26 0 0 -13 0 -20 0 0 14 0 0 0 0 0 -20 -10 0 0 0 0 0 14 -42 0 0 -14 32 0 0 0 0 0 0 0 -1 0 0 -37 -23 0 1 0 0 0 0 0 -23 0 0 0 0 0 0 0 0 0 0 
0 0 0 0 -13 0 0 -26 7 0 0 -8 0 13 0 0 0 0 38 34 0 0 -44 0 0 0 0 8 0 0 0 0 0 32 45 0 -10 0 42 0 17 41 0 0 0 21 0 0 -12 0 22 0 0 -19 0 0 0 0 0 0 0 0 0 0 10 45 -33 0 0 0 0 0 -31 0 0 0 34 0 -9 0 
0 0 0 0 -21 0 0 49 0 34 16 0 0 0 -27 -8 0 0 0 0 0 0 0 0 0 0 0 0 0 38 0 0 0 10 -43 0 -20 14 0 0 0 0 0 0 36 0 0 0 0 8 0 0 0 0 -25 0 0 0 0 0 39 -43 36 0 0 -12 0 0 0 0 0 0 44 50 0 32 0 0 37 0 
0 0 0 0 0 0 30 0 0 16 45 0 0 -41 0 0 0 0 0 4 0 0 44 0 0 0 0 0 -26 0 0 0 0 0 0 0 5 0 0 0 2 0 43 0 0 0 48 0 -25 0 36 -18 0 -12 -25 0 -36 10 0 0 0 0 0 0 0 0 0 0 0 0 0 0 0 0 0 0 0 0 -19 0 
0 0 0 0 0 -19 24 0 -8 0 0 21 0 0 -47 0 0 0 0 0 0 -25 -4 0 -21 0 0 0 0 0 0 0 0 0 0 0 0 0 0 0 0 0 0 0 -5 -27 -16 47 0 0 33 0 0 0 0 0 0 0 0 -47 0 0 0 0 0 0 0 0 0 0 0 -15 0 0 -7 0 0 0 0 0 
0 37 0 0 0 42 0 0 0 0 0 0 38 -22 0 0 -48 0 0 -42 0 0 0 0 0 0 -7 0 0 -6 -19 0 -16 0 49 27 0 0 0 0 0 0 0 0 0 0 0 0 0 23 14 0 0 0 44 0 0 0 0 2 0 15 -13 0 0 0 0 0 0 0 0 0 0 -44 0 0 0 0 0 0 
0 0 9 0 0 0 -32 -23 13 0 -41 0 -22 35 0 -34 0 0 13 -7 0 0 0 29 -41 24 0 0 32 -14 14 44 49 0 0 0 0 50 0 0 0 0 0 0 0 0 45 0 0 18 0 -39 0 -41 0 0 0 0 0 26 0 0 0 0 0 0 0 0 0 0 9 47 2 0 0 0 0 0 0 13 
0 0 0 -27 0 37 24 0 0 -27 0 -47 0 0 50 0 16 0 0 0 0 0 0 0 0 0 0 0 -26 0 0 0 0 0 0 0 0 0 0 32 0 -28 0 38 0 0 0 -48 0 9 22 0 0 0 0 0 0 0 4 0 17 0 0 8 -15 0 0 0 0 0 0 0 0 0 0 0 0 0 0 -22 
-11 0 38 0 0 0 0 0 0 -8 0 0 0 -34 0 15 0 -15 0 22 0 0 -22 0 6 47 0 42 1 0 0 0 0 42 0 -28 15 3 0 0 0 0 -19 0 27 -21 -36 0 0 0 0 0 -23 0 0 0 0 0 0 0 0 0 0 0 0 0 7 24 0 0 5 0 -36 0 0 0 -13 0 -31 -9 
0 0 0 0 0 0 0 0 0 0 0 0 -48 0 16 0 44 37 0 -33 12 0 19 0 0 0 0 0 0 0 0 0 0 30 0 20 0 0 7 0 0 0 0 -9 0 0 0 0 -30 0 0 0 0 37 -41 0 20 0 0 0 16 0 0 0 26 0 0 0 0 0 -23 0 0 0 29 0 0 0 0 0 
0 0 0 0 0 0 -50 0 0 0 0 0 0 0 0 -15 37 41 0 0 0 0 0 41 0 0 0 0 0 0 40 9 -11 41 0 0 0 0 0 0 0 0 -35 37 0 0 0 0 0 0 0 0 0 0 0 0 0 0 -4 0 0 0 0 0 0 0 0 0 -21 0 0 0 0 -28 0 0 0 0 0 -29 
0 0 0 0 23 0 -40 0 38 0 0 0 0 13 0 0 0 0 13 0 40 0 0 0 0 45 0 0 0 0 0 0 0 0 0 0 0 15 0 -23 -5 0 2 -28 0 0 0 0 0 0 0 0 0 0 29 0 0 0 0 17 0 0 0 0 0 -47 0 0 0 0 0 0 8 0 -30 16 0 0 0 0 
0 28 0 0 0 0 29 0 34 0 4 0 -42 -7 0 22 -33 0 0 29 0 0 0 0 0 0 43 17 -3 0 0 -6 0 0 0 -33 6 0 0 0 0 -23 42 0 0 0 1 0 -27 0 0 7 0 -37 0 0 -29 0 46 0 0 0 0 0 0 0 0 50 0 0 0 0 0 38 0 0 0 -44 0 0 
0 0 6 1 0 0 0 0 0 0 0 0 0 0 0 0 12 0 40 0 46 0 0 -44 0 0 0 0 0 0 0 0 0 0 0 0 0 0 13 50 0 -16 0 0 26 -30 0 0 0 0 0 0 0 2 0 0 0 0 38 0 0 0 0 -38 0 37 0 0 0 -27 0 0 0 0 0 0 -5 0 0 -41 
0 0 0 0 0 40 -13 -31 0 0 0 -25 0 0 0 0 0 0 0 0 0 28 0 0 0 0 -44 0 0 27 0 0 0 -29 0 0 0 0 -12 0 8 0 0 -35 0 0 -46 5 0 0 0 0 0 13 -18 0 0 0 0 27 0 0 24 42 0 0 0 0 0 0 0 -18 30 33 0 8 0 41 0 0 
0 -25 0 0 0 -25 0 -16 -44 0 44 -4 0 0 0 -22 19 0 0 0 0 0 8 0 0 0 0 0 46 0 0 0 0 0 0 0 0 0 0 0 0 0 20 -42 0 0 0 22 0 0 0 0 0 0 0 0 0 0 0 0 -44 27 0 0 32 0 -36 0 0 9 -30 0 0 0 0 48 0 0 0 0 
0 0 0 0 0 -1 0 -26 0 0 0 0 0 29 0 0 0 41 0 0 -44 0 0 32 0 0 0 -21 0 0 0 30 23 0 0 -6 0 0 0 -11 0 2 -43 0 0 0 0 0 30 -4 0 0 0 0 -30 0 37 0 0 0 0 0 -44 0 0 0 0 0 32 -3 0 0 0 0 -14 0 0 0 0 0 
0 -17 0 -34 0 -24 0 0 0 0 0 -21 0 -41 0 6 0 0 0 0 0 0 0 0 4 5 0 0 0 -50 -38 -3 0 42 0 0 42 -33 0 4 0 0 0 -10 43 0 0 17 0 0 19 0 0 0 0 -40 0 50 0 0 0 -6 0 0 0 -44 25 0 0 0 0 0 0 0 0 0 0 0 0 0 
0 0 0 0 0 0 0 0 0 0 0 0 0 24 0 47 0 0 45 0 0 0 0 0 5 2 0 0 0 0 0 0 11 0 0 22 -26 0 0 -46 0 0 -1 0 0 0 0 0 -26 0 0 0 0 47 21 38 -50 -36 0 -6 0 0 0 0 41 19 0 0 0 0 0 -32 27 0 0 0 0 0 0 -22 
0 0 0 5 0 0 0 -13 0 0 0 0 -7 0 0 0 0 0 0 43 0 -44 0 0 0 0 29 0 0 -26 0 36 -41 0 0 0 -16 0 0 0 -30 0 0 0 -36 0 24 0 41 37 0 -12 0 0 -27 0 0 -32 0 44 -43 0 0 0 13 0 0 -21 0 0 0 0 0 0 0 0 -4 -12 0 0 
0 0 0 49 0 0 0 0 8 0 0 0 0 0 0 42 0 0 0 17 0 0 0 -21 0 0 0 38 0 0 5 -3 -30 0 0 0 -22 48 0 0 0 0 9 0 0 0 -45 0 25 0 0 0 29 0 -6 0 0 0 0 0 0 0 0 0 0 0 24 0 0 0 0 0 16 0 0 0 -13 0 -6 22 
0 25 0 0 32 35 0 -20 0 0 -26 0 0 32 -26 1 0 0 0 -3 0 0 46 0 0 0 0 0 16 0 0 0 0 0 0 0 0 0 0 0 0 0 0 0 0 0 0 0 -43 0 0 0 0 16 0 0 0 0 0 0 -45 0 0 0 0 0 0 34 0 0 0 0 0 0 0 -32 0 0 0 0 
-15 0 -7 -42 0 -3 0 0 0 38 0 0 -6 -14 0 0 0 0 0 0 0 27 0 0 -50 0 -26 0 0 30 0 0 -44 0 0 0 0 -2 0 0 0 0 0 0 0 0 0 0 0 24 0 -27 0 0 0 0 0 0 0 0 0 0 0 0 38 0 0 0 0 -2 3 0 0 0 0 0 32 0 0 0 
0 0 0 0 0 0 0 0 0 0 0 0 -19 14 0 0 0 40 0 0 0 0 0 0 -38 0 0 5 0 0 47 0 0 0 0 -43 0 0 0 0 0 0 0 0 -49 0 0 0 0 0 0 0 0 -19 0 0 0 0 -28 0 0 0 0 0 0 0 0 0 0 -26 0 0 0 -49 0 0 0 0 4 0 
0 49 12 0 0 -18 0 14 0 0 0 0 0 44 0 0 0 9 0 -6 0 0 0 30 -3 0 36 -3 0 0 0 16 0 0 -38 0 4 13 0 0 -33 0 0 0 0 -40 0 -11 0 0 0 0 0 0 -17 19 0 0 0 0 -37 -2 -20 -23 0 0 0 0 0 0 0 0 0 39 30 44 0 0 28 26 
0 0 0 0 0 0 0 0 0 0 0 0 -16 49 0 0 0 -11 0 0 0 0 0 23 0 11 -41 -30 0 -44 0 0 10 0 0 0 0 0 0 0 0 -45 0 0 -16 0 0 0 0 0 0 0 27 8 0 0 0 27 -34 0 0 41 0 0 0 0 0 0 0 0 -49 0 -17 -2 0 -46 0 10 0 0 
0 0 0 0 24 0 0 0 32 10 0 0 0 0 0 42 30 41 0 0 0 -29 0 0 42 0 0 0 0 0 0 0 0 26 0 0 0 0 0 0 0 0 -40 0 39 -20 -46 0 0 -25 0 0 47 4 42 0 0 0 0 44 0 0 0 0 0 7 0 -30 17 0 0 0 0 0 0 -20 0 0 9 0 
0 0 0 0 45 0 0 0 45 -43 0 0 49 0 0 0 0 0 0 0 0 0 0 0 0 0 0 0 0 0 0 -38 0 0 44 0 -40 0 3 0 0 -6 -5 0 0 0 44 0 0 0 0 38 0 -15 -35 0 0 0 0 0 0 0 -29 0 0 20 0 0 0 0 0 0 0 0 0 0 0 0 0 -2 
0 0 0 0 22 -3 0 0 0 0 0 0 27 0 0 -28 20 0 0 -33 0 0 0 -6 0 22 0 0 0 0 -43 0 0 0 0 12 0 0 0 47 0 0 0 0 0 0 14 0 25 -11 -48 0 0 0 0 0 -48 0 0 6 23 0 0 0 0 0 -31 0 0 0 28 0 10 49 0 0 0 0 0 0 
0 0 0 0 0 6 0 0 -10 -20 5 0 0 0 0 15 0 0 0 6 0 0 0 0 42 -26 -16 -22 0 0 0 4 0 0 -40 0 37 0 -43 -43 0 0 0 0 30 0 0 0 0 50 0 0 0 0 0 0 0 0 0 0 0 0 0 0 0 0 -25 0 0 0 0 0 0 -9 0 0 0 0 0 0 
0 0 0 -28 0 0 5 -20 0 14 0 0 0 50 0 3 0 0 15 0 0 0 0 0 -33 0 0 48 0 -2 0 13 0 0 0 0 0 29 -1 0 -16 0 0 0 -4 0 18 -18 0 35 35 0 0 0 39 32 0 25 0 -35 0 14 37 0 0 49 0 -27 0 0 0 0 -38 0 0 0 0 0 0 0 
42 0 0 0 0 0 0 -10 42 0 0 0 0 0 0 0 7 0 0 0 13 -12 0 0 0 0 0 0 0 0 0 0 0 0 3 0 -43 -1 12 0 0 0 47 0 0 0 0 0 -4 8 0 0 -47 -23 0 -39 -44 0 0 0 0 0 -26 25 0 17 0 0 0 -36 0 0 -30 0 48 0 0 0 0 0 
-7 0 0 0 0 49 0 0 0 0 0 0 0 0 32 0 0 0 -23 0 50 0 0 -11 4 -46 0 0 0 0 0 0 0 0 0 47 -43 0 0 49 0 0 0 0 0 0 17 11 0 0 0 0 18 0 0 -25 -18 -24 0 0 0 0 0 0 49 0 0 48 0 -21 0 0 0 0 0 0 0 -6 0 0 
0 0 0 -41 29 0 21 0 17 0 2 0 0 0 0 0 0 0 -5 0 0 8 0 0 0 0 -30 0 0 0 0 -33 0 0 0 0 0 -16 0 0 11 0 0 0 0 0 -28 37 35 0 0 0 0 0 0 0 0 0 0 0 0 45 0 0 0 -6 0 0 0 0 0 -40 0 0 0 0 -46 0 0 0 
4 0 0 0 0 0 -30 0 41 0 0 0 0 0 -28 0 0 0 0 -23 -16 0 0 2 0 0 0 0 0 0 0 0 -45 0 -6 0 0 0 0 0 0 47 0 0 0 0 0 0 0 0 0 -8 8 0 0 0 -14 0 0 0 0 0 0 7 0 0 0 0 0 0 0 0 -43 0 0 -6 0 0 0 0 
0 -8 0 0 0 0 29 0 0 0 43 0 0 0 0 -19 0 -35 2 42 0 0 20 -43 0 -1 0 9 0 0 0 0 0 -40 -5 0 0 0 47 0 0 0 25 0 0 0 0 0 0 0 0 -3 33 0 0 0 0 0 0 0 0 0 0 0 0 0 0 0 30 0 4 0 0 0 0 0 0 0 0 0 
0 -2 0 30 -19 48 0 0 0 0 0 0 0 0 38 0 -9 37 -28 0 0 -35 -42 0 -10 0 0 0 0 0 0 0 0 0 0 0 0 0 0 0 0 0 0 8 0 0 0 0 0 0 0 0 -33 0 0 0 -46 0 0 0 0 0 30 0 0 0 0 0 0 0 0 -29 0 0 0 0 -14 0 0 0 
26 38 36 0 -39 0 0 14 0 36 0 -5 0 0 0 27 0 0 0 0 26 0 0 0 43 0 -36 0 0 0 -49 0 -16 39 0 0 30 -4 0 0 0 0 0 0 39 0 0 0 0 0 0 8 0 -3 0 0 0 -42 0 0 0 0 0 0 0 0 0 0 19 30 0 0 35 0 45 0 0 -43 0 0 
0 -30 0 0 0 0 0 -42 21 0 0 -27 0 0 0 -21 0 0 0 0 -30 0 0 0 0 0 0 0 0 0 0 -40 0 -20 0 0 0 0 0 0 0 0 0 0 0 5 0 0 0 4 0 0 0 0 0 0 0 0 0 0 0 29 0 0 0 0 0 0 0 47 0 0 0 -11 0 0 0 0 0 21 
-10 0 -47 -15 0 -10 0 0 0 0 48 -16 0 45 0 -36 0 0 0 1 0 -46 0 0 0 0 24 -45 0 0 0 0 0 -46 44 14 0 18 0 17 -28 0 0 0 0 0 15 0 0 0 -38 0 0 0 0 5 0 0 -21 38 0 0 0 -14 22 -8 0 0 8 0 0 -20 0 -9 0 0 0 0 0 0 
0 0 -31 -39 0 31 0 0 0 0 0 47 0 0 -48 0 0 0 0 0 0 5 22 0 17 0 0 0 0 0 0 -11 0 0 0 0 0 -18 0 11 37 0 0 0 0 0 0 27 0 0 0 0 0 0 -41 0 0 0 3 0 0 0 0 0 0 0 0 0 0 0 0 -37 0 -14 0 0 0 0 0 0 
0 0 0 0 0 0 -9 -14 -12 0 -25 0 0 0 0 0 -30 0 0 -27 0 0 0 30 0 -26 41 25 -43 0 0 0 0 0 0 25 0 0 -4 0 35 0 0 0 0 0 0 0 43 0 0 0 0 0 0 0 0 0 -35 0 0 0 0 0 0 0 0 0 -27 0 0 0 0 0 -8 0 36 0 0 0 
0 0 0 0 0 0 -9 32 0 8 0 0 23 18 9 0 0 0 0 0 0 0 0 -4 0 0 37 0 0 24 0 0 0 -25 0 -11 50 35 8 0 0 0 0 0 0 4 0 0 0 28 0 0 -8 -25 0 0 0 0 0 0 -29 15 0 0 -10 0 0 0 0 8 0 20 0 0 0 0 0 0 0 0 
0 0 0 0 0 0 0 0 22 0 36 33 14 0 22 0 0 0 0 0 0 0 0 0 19 0 0 0 0 0 0 0 0 0 0 -48 0 35 0 0 0 0 0 0 0 0 -38 0 0 0 17 0 0 4 0 0 0 0 0 0 0 0 -32 0 0 0 -29 0 0 0 -49 6 -45 11 0 0 0 0 -43 25 
-38 0 0 3 4 0 9 0 0 0 -18 0 0 -39 0 0 0 0 0 7 0 0 0 0 0 0 -12 0 0 -27 0 0 0 0 38 0 0 0 0 0 0 -8 -3 0 8 0 0 0 0 0 0 35 0 0 0 0 -19 0 0 0 0 0 33 -38 0 0 0 0 0 20 0 -11 0 0 0 0 0 0 0 0 
0 0 29 0 -13 0 0 0 0 0 0 0 0 0 0 -23 0 0 0 0 0 0 0 0 0 0 0 29 0 0 0 0 27 47 0 0 0 0 -47 18 0 8 33 -33 0 0 0 0 0 -8 0 0 7 0 -45 -1 0 0 0 0 0 0 17 0 0 0 0 -18 0 0 0 0 0 0 -28 28 0 20 0 0 
5 0 0 -16 0 16 0 0 -19 0 -12 0 0 -41 0 0 37 0 0 -37 2 13 0 0 0 47 0 0 16 0 -19 0 8 4 -15 0 0 0 -23 0 0 0 0 0 -3 0 0 0 0 -25 4 0 0 6 0 15 0 0 0 0 0 0 0 0 0 -49 0 9 0 0 0 0 0 0 0 0 0 0 -33 0 
0 0 19 -43 0 0 -39 0 0 -25 -25 0 44 0 0 0 -41 0 29 0 0 -18 0 -30 0 21 -27 -6 0 0 0 -17 0 42 -35 0 0 39 0 0 0 0 0 0 0 0 0 -41 0 0 0 0 -45 0 34 0 0 -37 0 0 0 0 0 -28 0 0 31 0 0 0 29 0 0 0 0 0 0 0 12 0 
0 0 0 -17 -29 0 -21 0 0 0 0 0 0 0 0 0 0 0 0 0 0 0 0 0 -40 38 0 0 0 0 0 19 0 0 0 0 0 32 -39 -25 0 0 0 0 0 0 5 0 0 0 0 0 -1 15 0 38 12 0 0 33 0 0 0 0 0 -32 0 38 0 0 -19 0 0 -26 0 0 0 45 0 0 
0 0 0 -42 0 0 0 0 0 0 -36 0 0 0 0 0 20 0 0 -29 0 0 0 37 0 -50 0 0 0 0 0 0 0 0 0 -48 0 0 -44 -18 0 -14 0 -46 0 0 0 0 0 0 0 -19 0 0 0 12 45 0 0 0 0 0 0 0 0 0 0 -28 0 0 0 0 0 0 -23 0 -3 0 0 0 
0 0 -15 -20 0 0 0 -1 0 0 10 0 0 0 0 0 0 0 0 0 0 0 0 0 50 -36 -32 0 0 0 0 0 27 0 0 0 0 25 0 -24 0 0 0 0 -42 0 0 0 0 0 0 0 0 0 -37 0 0 51 0 20 0 -12 0 2 0 0 0 0 0 -31 0 -26 43 11 0 0 0 0 0 0 
0 36 0 0 0 0 12 0 0 0 0 0 0 0 4 0 0 -4 0 46 38 0 0 0 0 0 0 0 0 0 -28 0 -34 0 0 0 0 0 0 0 0 0 0 0 0 0 -21 3 -35 0 0 0 0 0 0 0 0 0 31 -26 0 0 0 0 -24 0 -49 0 -50 -20 0 0 0 -27 0 0 0 0 0 0 
0 0 19 -31 0 0 0 0 0 0 0 -47 2 26 0 0 0 0 17 0 0 27 0 0 0 -6 44 0 0 0 0 0 0 44 0 6 0 -35 0 0 0 0 0 0 0 0 38 0 0 0 0 0 0 0 0 33 0 20 -26 11 0 0 0 0 0 0 -40 0 0 7 0 26 0 30 0 0 0 0 0 49 
-26 0 0 0 -3 39 -7 -37 0 39 0 0 0 0 17 0 16 0 0 0 0 0 -44 0 0 0 -43 0 -45 0 0 -37 0 0 0 23 0 0 0 0 0 0 0 0 0 0 0 0 0 -29 0 0 0 0 0 0 0 0 0 0 43 0 0 14 0 15 7 1 0 0 0 0 0 0 28 29 0 0 0 0 
0 0 0 -17 0 0 0 -23 0 -43 0 0 15 0 0 0 0 0 0 0 0 0 27 0 -6 0 0 0 0 0 0 -2 41 0 0 0 0 14 0 0 45 0 0 0 0 29 0 0 0 15 0 0 0 0 0 0 0 -12 0 0 0 27 0 0 0 -37 8 46 0 1 19 0 40 0 0 -4 0 0 0 0 
0 0 7 0 0 0 0 0 0 36 0 0 -13 0 0 0 0 0 0 0 0 24 0 -44 0 0 0 0 0 0 0 -20 0 0 -29 0 0 37 -26 0 0 0 0 30 0 0 0 0 0 0 -32 33 17 0 0 0 0 0 0 0 0 0 32 0 0 -47 0 0 14 0 0 0 -19 25 -28 0 0 46 0 0 
0 0 0 7 0 0 0 1 0 0 0 0 0 0 8 0 0 0 0 0 -38 42 0 0 0 0 0 0 0 0 0 -23 0 0 0 0 0 0 25 0 0 7 0 0 0 0 -14 0 0 0 0 -38 0 0 -28 0 0 2 0 0 14 0 0 2 0 0 0 32 0 0 -27 0 0 0 0 0 -22 0 0 0 
0 0 0 0 0 39 0 0 10 0 0 0 0 0 -15 0 26 0 0 0 0 0 32 0 0 41 13 0 0 38 0 0 0 0 0 0 0 0 0 49 0 0 0 0 0 0 22 0 0 -10 0 0 0 0 0 0 0 0 -24 0 0 0 0 0 41 0 0 0 0 0 -18 0 0 0 0 0 36 -4 0 0 
-47 -36 0 0 0 0 0 0 45 -12 0 0 0 0 0 0 0 0 -47 0 37 0 0 0 -44 19 0 0 0 0 0 0 0 7 20 0 0 49 17 0 -6 0 0 0 0 0 -8 0 0 0 0 0 0 -49 0 -32 0 0 0 0 15 -37 -47 0 0 15 0 0 -13 0 7 0 0 3 0 0 0 0 0 0 
0 0 0 0 0 0 0 0 -33 0 0 0 0 0 0 7 0 0 0 0 0 0 -36 0 25 0 0 24 0 0 0 0 0 0 0 -31 -25 0 0 0 0 0 0 0 0 0 0 0 0 0 -29 0 0 0 31 0 0 0 -49 -40 7 8 0 0 0 0 23 0 0 0 0 0 0 0 -44 -22 0 0 0 -25 
0 0 40 0 0 6 0 0 0 0 0 0 0 0 0 24 0 0 0 50 0 0 0 0 0 0 -21 0 34 0 0 0 0 -30 0 0 0 -27 0 48 0 0 0 0 0 0 0 0 0 0 0 0 -18 9 0 38 -28 0 0 0 1 46 0 32 0 0 0 7 0 0 0 -38 0 0 -26 0 0 0 0 0 
30 -5 0 -2 0 0 0 0 0 0 0 0 0 0 0 0 0 -21 0 0 0 0 0 32 0 0 0 0 0 0 0 0 0 17 0 0 0 0 0 0 0 0 30 0 19 0 8 0 -27 0 0 0 0 0 0 0 0 0 -50 0 0 0 14 0 0 -13 0 0 50 0 0 31 0 0 0 0 0 0 30 0 
0 0 23 0 0 0 0 -23 0 0 0 0 0 0 0 0 0 0 0 0 -27 0 9 -3 0 0 0 0 0 -2 -26 0 0 0 0 0 0 0 -36 -21 0 0 0 0 30 47 0 0 0 8 0 20 0 0 0 0 0 -31 -20 7 0 1 0 0 0 0 0 0 0 47 0 35 0 23 0 -20 0 0 41 0 
0 0 29 0 -37 -2 0 0 0 0 0 0 0 9 0 5 -23 0 0 0 0 0 -30 0 0 0 0 0 0 3 0 0 -49 0 0 28 0 0 0 0 0 0 4 0 0 0 0 0 0 0 -49 0 0 0 29 -19 0 0 0 0 0 19 0 -27 -18 7 0 0 0 0 49 0 0 0 0 0 0 0 0 0 
49 0 0 0 0 0 0 0 0 0 0 -15 0 47 0 0 0 0 0 0 0 -18 0 0 0 -32 0 0 0 0 0 0 0 0 0 0 0 0 0 0 -40 0 0 -29 0 0 -20 -37 0 20 6 -11 0 0 0 0 0 -26 0 26 0 0 0 0 0 0 0 -38 31 35 0 8 48 0 0 35 0 0 0 0 
39 -34 0 0 0 0 0 0 -31 44 0 0 0 2 0 -36 0 0 8 0 0 30 0 0 0 27 0 16 0 0 0 0 -17 0 0 10 0 -38 -30 0 0 -43 0 0 35 0 0 0 0 0 -45 0 0 0 0 0 0 43 0 0 0 40 -19 0 0 0 0 0 0 0 0 48 12 39 0 0 0 0 -45 0 
0 38 0 -40 0 0 0 0 0 50 0 0 -44 0 0 0 0 -28 0 38 0 33 0 0 0 0 0 0 0 0 -49 39 -2 0 0 49 -9 0 0 0 0 0 0 0 0 -11 -9 -14 0 0 11 0 0 0 0 -26 0 11 -27 30 0 0 25 0 0 3 0 0 0 23 0 0 39 34 0 24 0 0 -24 0 
0 0 0 0 0 0 0 0 0 0 0 -7 0 0 0 0 29 0 -30 0 0 0 0 -14 0 0 0 0 0 0 0 30 0 0 0 0 0 0 48 0 0 0 0 0 45 0 0 0 -8 0 0 0 -28 0 0 0 -23 0 0 0 28 0 -28 0 0 0 -44 -26 0 0 0 0 0 0 19 0 -3 0 14 48 
-3 0 0 0 0 0 -1 0 0 32 0 0 0 0 0 0 0 0 16 0 0 8 48 0 0 0 0 0 -32 0 0 44 -46 -20 0 0 0 0 0 0 0 -6 0 0 0 0 0 0 0 0 0 0 28 0 0 0 0 0 0 0 29 -4 0 0 0 0 -22 0 0 -20 0 35 0 24 0 39 0 0 0 0 
0 0 0 0 -19 0 0 0 34 0 0 0 0 0 0 -13 0 0 0 0 -5 0 0 0 0 0 -4 -13 0 32 0 0 0 0 0 0 0 0 0 0 -46 0 0 -14 0 0 0 0 36 0 0 0 0 0 0 0 -3 0 0 0 0 0 0 -22 36 0 0 0 0 0 0 0 0 0 -3 0 4 -6 -44 0 
0 0 0 0 -49 0 0 0 0 0 0 0 0 0 0 0 0 0 0 -44 0 41 0 0 0 0 -12 0 0 0 0 0 10 0 0 0 0 0 0 -6 0 0 0 0 -43 0 0 0 0 0 0 0 20 0 0 45 0 0 0 0 0 0 46 0 -4 0 0 0 0 0 0 0 0 0 0 0 -6 15 0 0 
0 0 0 0 0 0 0 0 -9 37 -19 0 0 0 0 -31 0 0 0 0 0 0 0 0 0 0 0 -6 0 0 4 28 0 9 0 0 0 0 0 0 0 0 0 0 0 0 0 0 0 0 -43 0 0 -33 12 0 0 0 0 0 0 0 0 0 0 0 0 0 30 41 0 0 -45 -24 14 0 -44 0 24 28 
0 0 0 14 9 0 0 0 0 0 0 0 0 13 -22 -9 0 -29 0 0 -41 0 0 0 0 -22 0 22 0 0 0 26 0 0 -2 0 0 0 0 0 0 0 0 0 0 21 0 0 0 0 25 0 0 0 0 0 0 0 0 49 0 0 0 0 0 0 -25 0 0 0 0 0 0 0 48 0 0 0 28 34 
