70
30 48 -23 19 -43 30 50 -2 11 -34 21 38 -32 10 -23 26 7 -30 -4 -35 -12 33 25 39 -38 30 -31 44 35 11 8 12 -33 21 47 -36 -41 10 40 6 -19 -33 -33 -10 -26 -23 24 9 7 -49 -26 43 27 14 10 -11 15 -49 20 -23 16 -7 4 -13 -44 -8 -22 43 -13 -24 
18 0 0 0 0 34 0 0 0 0 34 0 0 0 0 0 2 0 0 0 0 33 0 0 0 -25 0 0 0 0 0 0 0 0 0 48 0 0 28 0 0 0 19 0 0 0 0 -31 0 0 0 0 30 0 -10 0 0 31 -33 0 0 0 44 0 0 0 0 0 0 -30 
0 32 0 0 0 0 14 0 0 -29 48 0 0 0 -20 0 -30 0 0 2 0 1 0 0 0 -25 0 -21 0 -6 0 0 0 6 0 0 -40 0 41 0 0 0 -10 0 0 0 0 0 0 -1 0 0 0 31 0 0 0 0 0 0 0 0 0 0 0 0 50 0 0 0 
0 0 30 0 0 0 45 12 17 15 0 0 0 0 0 37 30 0 0 22 -1 -41 0 0 0 -49 0 -8 0 0 0 0 0 0 0 0 0 0 -17 0 3 26 0 0 0 39 0 -40 0 0 -41 0 0 0 0 35 0 0 0 0 0 0 0 37 0 0 0 -4 0 10 
0 0 0 11 0 0 0 0 0 0 0 8 8 0 0 12 -16 -25 0 0 0 0 0 0 0 12 0 11 -16 0 0 0 0 0 0 -25 0 0 -2 0 -19 0 0 0 -8 0 0 -19 0 0 0 27 -29 0 42 0 0 0 0 0 0 0 0 0 2 0 -4 0 9 0 
0 0 0 0 30 0 0 0 -37 0 0 0 0 0 0 35 0 -7 0 0 0 0 0 -11 0 0 0 0 0 -27 0 0 0 -30 0 0 0 0 0 0 0 26 0 -10 0 0 0 0 22 0 0 0 0 0 -2 0 0 0 -4 46 0 0 0 0 39 0 0 0 0 0 
34 0 0 0 0 26 0 0 0 -34 0 0 0 0 0 0 0 0 0 -36 0 0 0 0 0 0 -40 0 0 0 0 -44 0 0 0 14 0 37 0 0 0 47 0 0 0 -10 0 0 0 0 0 0 -22 0 0 -39 0 -48 0 0 0 0 0 0 -5 0 0 0 0 0 
0 14 45 0 0 0 21 0 0 16 -22 0 46 0 0 0 -34 0 0 0 0 0 29 41 0 0 0 0 0 0 0 -7 0 0 0 0 0 0 -17 0 -7 0 14 0 0 33 0 0 -21 0 0 0 -33 0 -15 0 0 0 0 0 0 -21 16 0 0 0 -41 23 0 0 
0 0 12 0 0 0 0 8 0 -31 -21 22 0 0 0 0 0 0 46 0 45 0 20 0 13 14 19 0 0 0 0 0 0 0 -25 0 0 0 0 27 0 0 -23 0 0 0 0 0 46 0 42 0 0 0 0 0 0 0 0 -8 0 0 -2 0 29 0 41 0 -6 0 
0 0 17 0 -37 0 0 0 48 0 -18 0 0 0 0 20 0 -48 0 0 0 0 0 0 0 0 23 0 21 0 0 0 33 0 0 0 0 0 -28 -18 0 0 0 0 0 0 0 0 0 0 0 0 -18 0 0 33 0 0 35 0 0 0 0 0 0 0 0 0 0 0 
0 -29 15 0 0 -34 16 -31 0 24 0 9 0 0 0 0 44 18 45 0 0 -9 0 0 -8 0 0 0 -13 49 0 0 0 0 0 0 0 0 21 1 0 0 0 0 0 0 0 0 0 -31 0 0 0 0 0 -4 -34 0 0 0 0 0 0 0 13 0 9 0 0 0 
34 48 0 0 0 0 -22 -21 -18 0 27 33 0 -20 0 0 0 0 0 0 0 -37 0 0 0 29 0 0 0 0 0 -40 0 0 0 0 0 0 0 0 0 0 0 0 0 0 0 0 0 0 0 0 -11 0 0 0 0 0 0 0 41 0 26 41 0 0 0 0 -20 0 
0 0 0 8 0 0 0 22 0 9 33 17 0 0 0 0 0 0 0 0 0 23 0 0 0 0 0 0 0 0 -17 0 0 40 0 0 20 0 0 2 0 0 0 0 0 0 0 -9 0 0 0 0 -1 -49 0 12 0 0 0 0 0 0 0 0 0 0 10 0 0 0 
0 0 0 8 0 0 46 0 0 0 0 0 47 0 0 0 0 0 2 5 0 27 0 0 46 16 0 0 -9 0 0 0 -10 0 0 0 0 0 0 0 -2 0 14 0 0 0 0 0 0 0 16 0 0 0 0 0 0 35 0 0 -16 0 0 0 19 0 0 0 0 0 
0 0 0 0 0 0 0 0 0 0 -20 0 0 34 0 0 0 0 -30 0 0 -42 0 0 0 17 0 0 -16 0 11 0 0 0 0 0 0 0 0 18 0 0 0 30 0 -49 0 0 0 0 15 -34 0 0 0 23 -47 0 0 47 0 -15 0 0 0 0 1 0 0 0 
0 -20 0 0 0 0 0 0 0 0 0 0 0 0 43 -14 0 16 0 0 0 17 0 0 0 0 -33 0 0 0 0 0 0 0 0 0 -2 0 0 0 0 0 -7 32 0 0 -36 0 0 0 0 0 10 6 -9 0 -23 0 -47 0 0 0 10 0 0 0 0 -11 0 0 
0 0 37 12 35 0 0 0 20 0 0 0 0 0 -14 45 0 0 0 0 -15 -8 -4 0 -32 0 0 0 0 0 0 0 24 0 0 0 -14 0 0 -2 -19 -3 0 0 0 0 0 0 0 0 0 0 0 0 0 -50 0 0 0 -46 0 0 0 5 0 0 38 0 0 0 
2 -30 30 -16 0 0 -34 0 0 44 0 0 0 0 0 0 8 26 0 -40 49 0 30 0 0 0 0 1 -39 0 1 0 11 0 0 0 0 0 48 0 0 0 -49 13 0 0 2 0 0 0 0 0 26 0 -36 3 0 0 0 0 0 -14 0 -31 0 0 -22 0 0 -42 
0 0 0 -25 -7 0 0 0 -48 18 0 0 0 0 16 0 26 18 0 43 0 0 2 0 0 0 0 0 0 0 0 0 0 0 0 0 0 0 -21 38 0 -8 0 0 0 0 -23 0 0 0 0 0 0 0 0 0 0 0 -22 0 0 0 0 0 0 0 0 0 31 0 
0 0 0 0 0 0 0 46 0 45 0 0 2 -30 0 0 0 0 47 0 0 0 0 0 45 0 0 0 0 -33 0 19 0 0 0 -29 0 -45 -16 0 0 0 0 -36 27 -46 0 0 0 0 0 0 0 0 34 0 0 0 0 0 0 0 0 0 0 0 0 0 0 0 
0 2 22 0 0 -36 0 0 0 0 0 0 5 0 0 0 -40 43 0 35 0 0 0 -34 0 0 0 0 0 0 0 0 0 0 0 -10 0 0 0 -28 0 -6 0 0 0 0 38 0 -31 0 0 0 -50 0 0 0 -32 0 0 0 0 0 0 0 0 7 27 0 31 0 
0 0 -1 0 0 0 0 45 0 0 0 0 0 0 0 -15 49 0 0 0 26 -45 0 0 0 0 0 0 0 0 0 0 37 0 -29 0 0 0 0 0 0 0 0 0 0 0 0 -10 -46 34 0 0 -23 0 -42 0 0 0 0 0 0 0 0 0 0 0 0 0 0 0 
33 1 -41 0 0 0 0 0 0 -9 -37 23 27 -42 17 -8 0 0 0 0 -45 35 0 0 0 0 0 0 15 0 -41 0 4 0 43 0 0 -17 0 0 -49 0 0 0 0 0 0 0 -5 -15 0 -46 0 0 0 0 0 -16 0 0 0 0 0 0 0 0 4 0 0 -28 
0 0 0 0 0 0 29 20 0 0 0 0 0 0 0 -4 30 2 0 0 0 0 18 0 12 0 0 0 0 39 0 0 0 0 0 0 -25 -39 0 -21 0 41 0 0 0 0 0 0 0 0 -32 0 0 0 -36 38 0 0 0 0 0 0 25 0 0 0 -14 0 0 10 
0 0 0 0 -11 0 41 0 0 0 0 0 0 0 0 0 0 0 0 -34 0 0 0 48 -49 -27 0 0 0 0 0 -33 0 0 0 -8 0 0 12 0 -45 0 0 0 0 0 0 41 -1 0 -31 0 0 11 0 0 0 0 0 0 0 0 0 0 -5 0 0 -14 17 -44 
0 0 0 0 0 0 0 13 0 -8 0 0 46 0 0 -32 0 0 45 0 0 0 12 -49 43 0 0 -25 0 0 0 0 0 0 0 -29 0 49 -4 -9 0 0 0 44 0 0 0 0 0 0 0 0 0 0 0 0 0 8 0 -25 8 -4 0 0 0 0 0 0 0 0 
-25 -25 -49 12 0 0 0 14 0 0 29 0 16 17 0 0 0 0 0 0 0 0 0 -27 0 35 0 0 20 16 0 -3 -49 0 0 0 0 37 0 0 0 0 0 -4 0 0 -18 0 0 0 0 0 -19 0 0 0 32 0 0 0 0 -27 46 19 0 0 0 0 -1 0 
0 0 0 0 0 -40 0 19 23 0 0 0 0 0 -33 0 0 0 0 0 0 0 0 0 0 0 40 -15 0 0 0 -4 0 -34 0 36 3 0 0 9 -50 0 0 0 0 0 6 0 0 1 0 -26 0 0 0 -38 0 0 0 -4 0 -14 0 0 11 -7 0 0 -47 0 
0 -21 -8 11 0 0 0 0 0 0 0 0 0 0 0 0 1 0 0 0 0 0 0 0 -25 0 -15 19 0 20 0 0 0 48 -7 0 0 0 0 0 0 13 0 7 0 0 0 0 0 0 0 0 0 29 0 0 0 0 0 0 0 0 0 48 0 0 15 0 0 0 
0 0 0 -16 0 0 0 0 21 -13 0 0 -9 -16 0 0 -39 0 0 0 0 15 0 0 0 20 0 0 37 -46 0 0 0 -32 0 11 0 0 0 12 0 0 0 -40 -40 -23 0 0 0 0 0 31 29 0 0 0 0 -7 4 0 0 0 -12 0 0 0 0 -17 0 0 
0 -6 0 0 -27 0 0 0 0 49 0 0 0 0 0 0 0 0 -33 0 0 0 39 0 0 16 0 20 -46 8 0 0 -42 0 0 23 0 0 38 0 19 0 0 -14 0 0 0 0 0 -27 0 0 0 0 0 5 -36 0 0 -50 0 0 0 0 0 0 26 0 0 0 
0 0 0 0 0 0 0 0 0 0 0 -17 0 11 0 0 1 0 0 0 0 -41 0 0 0 0 0 0 0 0 21 -23 -28 39 -35 0 0 0 0 0 -24 0 22 -8 0 0 0 0 -31 0 0 0 0 0 6 0 0 0 0 0 0 0 0 0 0 -35 0 -17 0 0 
0 0 0 0 0 -44 -7 0 0 0 -40 0 0 0 0 0 0 0 19 0 0 0 0 -33 0 -3 -4 0 0 0 -23 27 -24 0 0 0 0 0 44 0 0 8 0 0 -17 0 0 0 0 0 0 0 17 0 0 -34 0 0 11 0 0 0 -4 0 0 0 0 0 -26 0 
0 0 0 0 0 0 0 0 33 0 0 0 -10 0 0 24 11 0 0 0 37 4 0 0 0 -49 0 0 0 -42 -28 -24 10 0 -8 0 0 0 0 0 0 -30 0 0 -17 0 0 0 0 0 0 40 48 -2 0 0 0 0 0 0 49 0 0 32 0 0 -20 0 0 0 
0 6 0 0 -30 0 0 0 0 0 0 40 0 0 0 0 0 0 0 0 0 0 0 0 0 0 -34 48 -32 0 39 0 0 13 7 0 0 0 0 0 0 0 0 -44 0 0 0 0 0 0 0 -34 0 0 22 0 0 0 0 0 21 0 0 0 0 0 0 -43 0 0 
0 0 0 0 0 0 0 -25 0 0 0 0 0 0 0 0 0 0 0 0 -29 43 0 0 0 0 0 -7 0 0 -35 0 -8 7 16 -21 0 0 4 50 0 0 -13 0 0 0 0 0 0 0 0 0 0 0 0 0 0 0 0 0 0 0 12 0 0 0 24 0 0 0 
48 0 0 -25 0 14 0 0 0 0 0 0 0 0 0 0 0 0 -29 -10 0 0 0 -8 -29 0 36 0 11 23 0 0 0 0 -21 35 0 0 0 -3 0 0 0 47 0 -13 0 0 0 0 -50 7 0 0 0 -4 0 0 0 0 0 0 0 0 0 0 0 0 -38 0 
0 -40 0 0 0 0 0 0 0 0 0 20 0 0 -2 -14 0 0 0 0 0 0 -25 0 0 0 3 0 0 0 0 0 0 0 0 0 32 0 0 45 47 0 0 31 0 0 0 0 0 -46 0 0 0 0 0 -50 0 0 0 0 22 -31 -10 0 28 19 0 0 41 0 
0 0 0 0 0 37 0 0 0 0 0 0 0 0 0 0 0 0 -45 0 0 -17 -39 0 49 37 0 0 0 0 0 0 0 0 0 0 0 35 0 0 0 0 0 0 33 0 -1 0 0 0 0 0 0 0 0 0 -9 -32 7 0 50 0 0 0 0 0 0 0 35 0 
28 41 -17 -2 0 0 -17 0 -28 21 0 0 0 0 0 0 48 -21 -16 0 0 0 0 12 -4 0 0 0 0 38 0 44 0 0 4 0 0 0 11 0 0 0 0 0 0 0 0 0 0 0 0 0 0 0 0 22 0 -32 0 0 0 0 6 0 0 0 0 0 0 0 
0 0 0 0 0 0 0 27 -18 1 0 2 0 18 0 -2 0 38 0 -28 0 0 -21 0 -9 0 9 0 12 0 0 0 0 0 50 -3 45 0 0 32 20 0 0 0 50 0 0 0 0 0 17 0 0 0 0 0 45 0 0 -18 0 0 0 0 0 0 -32 0 0 0 
0 0 3 -19 0 0 -7 0 0 0 0 0 -2 0 0 -19 0 0 0 0 0 -49 0 -45 0 0 -50 0 0 19 -24 0 0 0 0 0 47 0 0 20 11 0 0 0 37 0 -48 0 0 0 0 0 0 0 0 45 0 0 0 0 0 0 0 0 0 0 0 29 0 0 
0 0 26 0 26 47 0 0 0 0 0 0 0 0 0 -3 0 -8 0 -6 0 0 41 0 0 0 0 13 0 0 0 8 -30 0 0 0 0 0 0 0 0 3 0 0 0 0 0 0 0 0 -9 -19 -33 0 0 0 0 0 0 35 0 0 0 0 -9 -43 0 0 0 0 
19 -10 0 0 0 0 14 -23 0 0 0 0 14 0 -7 0 -49 0 0 0 0 0 0 0 0 0 0 0 0 0 22 0 0 0 -13 0 0 0 0 0 0 0 5 0 0 0 0 0 0 0 0 0 0 20 0 0 0 0 4 0 0 7 0 20 19 -26 0 0 -22 0 
0 0 0 0 -10 0 0 0 0 0 0 0 0 30 32 0 13 0 -36 0 0 0 0 0 44 -4 0 7 -40 -14 -8 0 0 -44 0 47 31 0 0 0 0 0 0 8 0 -43 18 0 0 0 0 0 0 0 0 0 48 -18 0 0 0 0 0 0 0 0 0 0 0 0 
0 0 0 -8 0 0 0 0 0 0 0 0 0 0 0 0 0 0 27 0 0 0 0 0 0 0 0 0 -40 0 0 -17 -17 0 0 0 0 33 0 50 37 0 0 0 38 0 0 17 0 0 0 -19 35 -30 0 0 44 0 0 0 0 0 0 -19 0 0 0 8 0 0 
0 0 39 0 0 -10 33 0 0 0 0 0 0 -49 0 0 0 0 -46 0 0 0 0 0 0 0 0 0 -23 0 0 0 0 0 0 -13 0 0 0 0 0 0 0 -43 0 27 -24 0 6 0 0 0 0 0 0 0 0 0 0 0 0 3 0 0 0 -1 0 0 0 24 
0 0 0 0 0 0 0 0 0 0 0 0 0 0 -36 0 2 -23 0 38 0 0 0 0 0 -18 6 0 0 0 0 0 0 0 0 0 0 -1 0 0 -48 0 0 18 0 -24 23 14 0 0 0 0 0 0 0 0 0 -7 0 0 -16 -45 0 -41 0 0 41 0 0 0 
-31 0 -40 -19 0 0 0 0 0 0 0 -9 0 0 0 0 0 0 0 0 -10 0 0 41 0 0 0 0 0 0 0 0 0 0 0 0 0 0 0 0 0 0 0 0 17 0 14 42 0 0 31 0 0 0 0 0 -25 0 0 0 50 0 0 0 0 0 0 0 0 0 
0 0 0 0 22 0 -21 46 0 0 0 0 0 0 0 0 0 0 0 -31 -46 -5 0 -1 0 0 0 0 0 0 -31 0 0 0 0 0 0 0 0 0 0 0 0 0 0 6 0 0 43 50 -27 35 27 0 0 0 0 0 0 28 0 0 30 0 0 0 0 0 -9 0 
0 -1 0 0 0 0 0 0 0 -31 0 0 0 0 0 0 0 0 0 0 34 -15 0 0 0 0 1 0 0 -27 0 0 0 0 0 0 -46 0 0 0 0 0 0 0 0 0 0 0 50 16 -31 -30 0 -2 0 0 0 0 0 0 0 0 0 0 0 0 0 0 0 0 
0 0 -41 0 0 0 0 42 0 0 0 0 16 15 0 0 0 0 0 0 0 0 -32 -31 0 0 0 0 0 0 0 0 0 0 0 -50 0 0 0 17 0 -9 0 0 0 0 0 31 -27 -31 11 0 0 -18 0 38 -11 0 0 0 -14 -9 0 0 0 0 0 0 20 0 
0 0 0 27 0 0 0 0 0 0 0 0 0 -34 0 0 0 0 0 0 0 -46 0 0 0 0 -26 0 31 0 0 0 40 -34 0 7 0 0 0 0 0 -19 0 0 -19 0 0 0 35 -30 0 23 29 0 0 16 0 0 0 0 0 -25 0 0 0 3 -11 0 0 0 
30 0 0 -29 0 -22 -33 0 -18 0 -11 -1 0 0 10 0 26 0 0 -50 -23 0 0 0 0 -19 0 0 29 0 0 17 48 0 0 0 0 0 0 0 0 -33 0 0 35 0 0 0 27 0 0 29 47 0 -45 0 0 0 -39 0 -34 -29 0 0 0 0 0 0 28 0 
0 31 0 0 0 0 0 0 0 0 0 -49 0 0 6 0 0 0 0 0 0 0 0 11 0 0 0 29 0 0 0 0 -2 0 0 0 0 0 0 0 0 0 20 0 -30 0 0 0 0 -2 -18 0 0 9 0 0 0 29 26 0 0 0 0 39 0 -4 32 0 0 0 
-10 0 0 42 -2 0 -15 0 0 0 0 0 0 0 -9 0 -36 0 34 0 -42 0 -36 0 0 0 0 0 0 0 6 0 0 22 0 0 0 0 0 0 0 0 0 0 0 0 0 0 0 0 0 0 -45 0 38 0 0 0 0 0 0 0 16 1 -49 0 0 -10 -3 5 
0 0 35 0 0 -39 0 0 33 -4 0 12 0 23 0 -50 3 0 0 0 0 0 38 0 0 0 -38 0 0 5 0 -34 0 0 0 -4 -50 0 22 0 45 0 0 0 0 0 0 0 0 0 38 16 0 0 0 31 0 0 0 0 0 0 0 -14 0 26 9 0 0 0 
0 0 0 0 0 0 0 0 0 -34 0 0 0 -47 -23 0 0 0 0 -32 0 0 0 0 0 32 0 0 0 -36 0 0 0 0 0 0 0 -9 0 45 0 0 0 48 44 0 0 -25 0 0 -11 0 0 0 0 0 21 -39 0 -22 0 0 26 0 -19 45 0 0 0 0 
31 0 0 0 0 -48 0 0 0 0 0 0 35 0 0 0 0 0 0 0 0 -16 0 0 8 0 0 0 -7 0 0 0 0 0 0 0 0 -32 -32 0 0 0 0 -18 0 0 -7 0 0 0 0 0 0 29 0 0 -39 30 0 0 -24 0 0 0 43 0 0 0 0 0 
-33 0 0 0 -4 0 0 0 35 0 0 0 0 0 -47 0 0 -22 0 0 0 0 0 0 0 0 0 0 4 0 0 11 0 0 0 0 0 7 0 0 0 0 4 0 0 0 0 0 0 0 0 0 -39 26 0 0 0 0 9 0 0 27 0 0 0 0 0 42 0 0 
0 0 0 0 46 0 0 -8 0 0 0 0 0 47 0 -46 0 0 0 0 0 0 0 0 -25 0 -4 0 0 -50 0 0 0 0 0 0 0 0 0 -18 0 35 0 0 0 0 0 0 28 0 0 0 0 0 0 0 -22 0 0 8 -43 -4 0 0 0 -7 0 0 0 -12 
0 0 0 0 0 0 0 0 0 0 41 0 -16 0 0 0 0 0 0 0 0 0 0 0 8 0 0 0 0 0 0 0 49 21 0 0 22 50 0 0 0 0 0 0 0 0 -16 50 0 0 -14 0 -34 0 0 0 0 -24 0 -43 39 31 -19 0 0 0 0 0 0 0 
0 0 0 0 0 0 -21 0 0 0 0 0 0 -15 0 0 -14 0 0 0 0 0 0 0 -4 -27 -14 0 0 0 0 0 0 0 0 0 -31 0 0 0 0 0 7 0 0 3 -45 0 0 0 -9 -25 -29 0 0 0 0 0 27 -4 31 9 0 0 0 -20 0 0 0 0 
44 0 0 0 0 0 16 -2 0 0 26 0 0 0 10 0 0 0 0 0 0 0 25 0 0 46 0 0 -12 0 0 -4 0 0 12 0 -10 0 6 0 0 0 0 0 0 0 0 0 30 0 0 0 0 0 16 0 26 0 0 0 -19 0 3 0 0 0 0 -25 0 0 
0 0 37 0 0 0 0 0 0 0 41 0 0 0 0 5 -31 0 0 0 0 0 0 0 0 19 0 48 0 0 0 0 32 0 0 0 0 0 0 0 0 0 20 0 -19 0 -41 0 0 0 0 0 0 39 1 -14 0 0 0 0 0 0 0 28 0 0 16 0 0 34 
0 0 0 2 39 -5 0 29 0 13 0 0 19 0 0 0 0 0 0 0 0 0 0 -5 0 0 11 0 0 0 0 0 0 0 0 0 28 0 0 0 0 -9 19 0 0 0 0 0 0 0 0 0 0 0 -49 0 -19 43 0 0 0 0 0 0 48 -34 -38 -37 0 -16 
0 0 0 0 0 0 0 0 0 0 0 0 0 0 0 0 0 0 0 7 0 0 0 0 0 0 -7 0 0 0 -35 0 0 0 0 0 19 0 0 0 0 -43 -26 0 0 -1 0 0 0 0 0 3 0 -4 0 26 45 0 0 -7 0 -20 0 0 -34 41 0 36 0 -45 
0 50 0 -4 0 0 -41 41 0 9 0 10 0 1 0 38 -22 0 0 27 0 4 -14 0 0 0 0 15 0 26 0 0 -20 0 24 0 0 0 0 -32 0 0 0 0 0 0 41 0 0 0 0 -11 0 32 0 9 0 0 0 0 0 0 0 16 -38 0 34 0 0 0 
0 0 -4 0 0 0 23 0 0 0 0 0 0 0 -11 0 0 0 0 0 0 0 0 -14 0 0 0 0 -17 0 -17 0 0 -43 0 0 0 0 0 0 29 0 0 0 8 0 0 0 0 0 0 0 0 0 -10 0 0 0 42 0 0 0 -25 0 -37 36 0 35 0 0 
0 0 0 9 0 0 0 -6 0 0 -20 0 0 0 0 0 0 31 0 31 0 0 0 17 0 -1 -47 0 0 0 0 -26 0 0 0 -38 41 35 0 0 0 0 -22 0 0 0 0 0 -9 0 20 0 28 0 -3 0 0 0 0 0 0 0 0 0 0 0 0 0 24 0 
-30 0 10 0 0 0 0 0 0 0 0 0 0 0 0 0 -42 0 0 0 0 -28 10 -44 0 0 0 0 0 0 0 0 0 0 0 0 0 0 0 0 0 0 0 0 0 24 0 0 0 0 0 0 0 0 5 0 0 0 0 -12 0 0 0 34 -16 -45 0 0 0 28 
